"pattern","jump","rep","algorithm","Precision","Recall","F1","NumSegments","MSE"
"none",0.1,1,"PELT",1,1,1,1,0.000353505045595295
"none",0.1,1,"SVP",1,1,1,1,0.000353505045595295
"none",0.1,1,"SVP (BIC)",1,1,1,1,0.000353505045595295
"none",0.1,2,"PELT",1,1,1,1,2.63797630850938e-06
"none",0.1,2,"SVP",1,1,1,1,2.63797630850938e-06
"none",0.1,2,"SVP (BIC)",1,1,1,1,2.63797630850938e-06
"none",0.1,3,"PELT",1,1,1,1,0.000174054437519474
"none",0.1,3,"SVP",1,1,1,1,0.000174054437519474
"none",0.1,3,"SVP (BIC)",1,1,1,1,0.000174054437519474
"none",0.1,4,"PELT",1,1,1,1,0.000429240768205477
"none",0.1,4,"SVP",1,1,1,1,0.000429240768205477
"none",0.1,4,"SVP (BIC)",1,1,1,1,0.000429240768205477
"none",0.1,5,"PELT",0.5,1,0.666666666666667,2,0.0190082425132585
"none",0.1,5,"SVP",0.5,1,0.666666666666667,2,0.0190082425132585
"none",0.1,5,"SVP (BIC)",1,1,1,1,0.000659025597476078
"none",0.1,6,"PELT",1,1,1,1,0.000117504427775716
"none",0.1,6,"SVP",1,1,1,1,0.000117504427775716
"none",0.1,6,"SVP (BIC)",1,1,1,1,0.000117504427775716
"none",0.1,7,"PELT",1,1,1,1,0.00152576543303002
"none",0.1,7,"SVP",1,1,1,1,0.00152576543303002
"none",0.1,7,"SVP (BIC)",1,1,1,1,0.00152576543303002
"none",0.1,8,"PELT",1,1,1,1,0.00111963577475978
"none",0.1,8,"SVP",1,1,1,1,0.00111963577475978
"none",0.1,8,"SVP (BIC)",1,1,1,1,0.00111963577475978
"none",0.1,9,"PELT",1,1,1,1,0.000232490529095379
"none",0.1,9,"SVP",1,1,1,1,0.000232490529095379
"none",0.1,9,"SVP (BIC)",1,1,1,1,0.000232490529095379
"none",0.1,10,"PELT",1,1,1,1,0.00234727156329182
"none",0.1,10,"SVP",1,1,1,1,0.00234727156329182
"none",0.1,10,"SVP (BIC)",1,1,1,1,0.00234727156329182
"none",0.1,11,"PELT",1,1,1,1,4.27310972691503e-05
"none",0.1,11,"SVP",1,1,1,1,4.27310972691503e-05
"none",0.1,11,"SVP (BIC)",1,1,1,1,4.27310972691503e-05
"none",0.1,12,"PELT",1,1,1,1,0.00103488429000554
"none",0.1,12,"SVP",1,1,1,1,0.00103488429000554
"none",0.1,12,"SVP (BIC)",1,1,1,1,0.00103488429000554
"none",0.1,13,"PELT",1,1,1,1,0.00450797280017263
"none",0.1,13,"SVP",1,1,1,1,0.00450797280017263
"none",0.1,13,"SVP (BIC)",1,1,1,1,0.00450797280017263
"none",0.1,14,"PELT",1,1,1,1,0.000821217673534055
"none",0.1,14,"SVP",0.5,1,0.666666666666667,2,0.00554712404250895
"none",0.1,14,"SVP (BIC)",1,1,1,1,0.000821217673534055
"none",0.1,15,"PELT",1,1,1,1,0.0014073356385758
"none",0.1,15,"SVP",1,1,1,1,0.0014073356385758
"none",0.1,15,"SVP (BIC)",1,1,1,1,0.0014073356385758
"none",0.1,16,"PELT",1,1,1,1,0.0014027655377221
"none",0.1,16,"SVP",0.5,1,0.666666666666667,2,0.0082686898635125
"none",0.1,16,"SVP (BIC)",1,1,1,1,0.0014027655377221
"none",0.1,17,"PELT",1,1,1,1,0.00257805193717539
"none",0.1,17,"SVP",1,1,1,1,0.00257805193717539
"none",0.1,17,"SVP (BIC)",1,1,1,1,0.00257805193717539
"none",0.1,18,"PELT",1,1,1,1,0.000296736651998262
"none",0.1,18,"SVP",1,1,1,1,0.000296736651998262
"none",0.1,18,"SVP (BIC)",1,1,1,1,0.000296736651998262
"none",0.1,19,"PELT",1,1,1,1,0.000446781729988696
"none",0.1,19,"SVP",1,1,1,1,0.000446781729988696
"none",0.1,19,"SVP (BIC)",1,1,1,1,0.000446781729988696
"none",0.1,20,"PELT",1,1,1,1,0.000101328789998943
"none",0.1,20,"SVP",1,1,1,1,0.000101328789998943
"none",0.1,20,"SVP (BIC)",1,1,1,1,0.000101328789998943
"none",0.1,21,"PELT",1,1,1,1,0.00025201094237025
"none",0.1,21,"SVP",1,1,1,1,0.00025201094237025
"none",0.1,21,"SVP (BIC)",1,1,1,1,0.00025201094237025
"none",0.1,22,"PELT",1,1,1,1,9.19657030199531e-05
"none",0.1,22,"SVP",1,1,1,1,9.19657030199531e-05
"none",0.1,22,"SVP (BIC)",1,1,1,1,9.19657030199531e-05
"none",0.1,23,"PELT",1,1,1,1,0.000485292129371739
"none",0.1,23,"SVP",1,1,1,1,0.000485292129371739
"none",0.1,23,"SVP (BIC)",1,1,1,1,0.000485292129371739
"none",0.1,24,"PELT",1,1,1,1,0.000219997282651361
"none",0.1,24,"SVP",1,1,1,1,0.000219997282651361
"none",0.1,24,"SVP (BIC)",1,1,1,1,0.000219997282651361
"none",0.1,25,"PELT",1,1,1,1,0.00143502982003574
"none",0.1,25,"SVP",1,1,1,1,0.00143502982003574
"none",0.1,25,"SVP (BIC)",1,1,1,1,0.00143502982003574
"none",0.1,26,"PELT",1,1,1,1,0.000731813857796588
"none",0.1,26,"SVP",1,1,1,1,0.000731813857796588
"none",0.1,26,"SVP (BIC)",1,1,1,1,0.000731813857796588
"none",0.1,27,"PELT",1,1,1,1,0.000420863222903267
"none",0.1,27,"SVP",1,1,1,1,0.000420863222903267
"none",0.1,27,"SVP (BIC)",1,1,1,1,0.000420863222903267
"none",0.1,28,"PELT",1,1,1,1,0.000187444641496153
"none",0.1,28,"SVP",1,1,1,1,0.000187444641496153
"none",0.1,28,"SVP (BIC)",1,1,1,1,0.000187444641496153
"none",0.1,29,"PELT",1,1,1,1,0.00101936985304354
"none",0.1,29,"SVP",1,1,1,1,0.00101936985304354
"none",0.1,29,"SVP (BIC)",1,1,1,1,0.00101936985304354
"none",0.1,30,"PELT",1,1,1,1,0.000146034729398192
"none",0.1,30,"SVP",1,1,1,1,0.000146034729398192
"none",0.1,30,"SVP (BIC)",1,1,1,1,0.000146034729398192
"none",0.1,31,"PELT",1,1,1,1,2.23302944693261e-05
"none",0.1,31,"SVP",1,1,1,1,2.23302944693261e-05
"none",0.1,31,"SVP (BIC)",1,1,1,1,2.23302944693261e-05
"none",0.1,32,"PELT",1,1,1,1,0.000126756411878812
"none",0.1,32,"SVP",1,1,1,1,0.000126756411878812
"none",0.1,32,"SVP (BIC)",1,1,1,1,0.000126756411878812
"none",0.1,33,"PELT",1,1,1,1,0.00150103936572225
"none",0.1,33,"SVP",1,1,1,1,0.00150103936572225
"none",0.1,33,"SVP (BIC)",1,1,1,1,0.00150103936572225
"none",0.1,34,"PELT",1,1,1,1,0.00034950563409881
"none",0.1,34,"SVP",1,1,1,1,0.00034950563409881
"none",0.1,34,"SVP (BIC)",1,1,1,1,0.00034950563409881
"none",0.1,35,"PELT",1,1,1,1,0.000391691541603423
"none",0.1,35,"SVP",1,1,1,1,0.000391691541603423
"none",0.1,35,"SVP (BIC)",1,1,1,1,0.000391691541603423
"none",0.1,36,"PELT",1,1,1,1,2.712751573952e-05
"none",0.1,36,"SVP",1,1,1,1,2.712751573952e-05
"none",0.1,36,"SVP (BIC)",1,1,1,1,2.712751573952e-05
"none",0.1,37,"PELT",1,1,1,1,0.00283459273212142
"none",0.1,37,"SVP",1,1,1,1,0.00283459273212142
"none",0.1,37,"SVP (BIC)",1,1,1,1,0.00283459273212142
"none",0.1,38,"PELT",1,1,1,1,5.0726699340614e-05
"none",0.1,38,"SVP",1,1,1,1,5.0726699340614e-05
"none",0.1,38,"SVP (BIC)",1,1,1,1,5.0726699340614e-05
"none",0.1,39,"PELT",1,1,1,1,0.000181230940873783
"none",0.1,39,"SVP",1,1,1,1,0.000181230940873783
"none",0.1,39,"SVP (BIC)",1,1,1,1,0.000181230940873783
"none",0.1,40,"PELT",1,1,1,1,0.000201458168064714
"none",0.1,40,"SVP",1,1,1,1,0.000201458168064714
"none",0.1,40,"SVP (BIC)",1,1,1,1,0.000201458168064714
"none",0.1,41,"PELT",1,1,1,1,0.00105724198032272
"none",0.1,41,"SVP",1,1,1,1,0.00105724198032272
"none",0.1,41,"SVP (BIC)",1,1,1,1,0.00105724198032272
"none",0.1,42,"PELT",1,1,1,1,0.00314016390067837
"none",0.1,42,"SVP",1,1,1,1,0.00314016390067837
"none",0.1,42,"SVP (BIC)",1,1,1,1,0.00314016390067837
"none",0.1,43,"PELT",1,1,1,1,6.25992602748526e-12
"none",0.1,43,"SVP",1,1,1,1,6.25992602748526e-12
"none",0.1,43,"SVP (BIC)",1,1,1,1,6.25992602748526e-12
"none",0.1,44,"PELT",1,1,1,1,3.43182138106176e-05
"none",0.1,44,"SVP",1,1,1,1,3.43182138106176e-05
"none",0.1,44,"SVP (BIC)",1,1,1,1,3.43182138106176e-05
"none",0.1,45,"PELT",1,1,1,1,8.49238731646845e-05
"none",0.1,45,"SVP",1,1,1,1,8.49238731646845e-05
"none",0.1,45,"SVP (BIC)",1,1,1,1,8.49238731646845e-05
"none",0.1,46,"PELT",1,1,1,1,0.00216071054637893
"none",0.1,46,"SVP",1,1,1,1,0.00216071054637893
"none",0.1,46,"SVP (BIC)",1,1,1,1,0.00216071054637893
"none",0.1,47,"PELT",1,1,1,1,2.3980225407771e-05
"none",0.1,47,"SVP",1,1,1,1,2.3980225407771e-05
"none",0.1,47,"SVP (BIC)",1,1,1,1,2.3980225407771e-05
"none",0.1,48,"PELT",1,1,1,1,3.88132627688026e-06
"none",0.1,48,"SVP",1,1,1,1,3.88132627688026e-06
"none",0.1,48,"SVP (BIC)",1,1,1,1,3.88132627688026e-06
"none",0.1,49,"PELT",1,1,1,1,0.00051953554695873
"none",0.1,49,"SVP",1,1,1,1,0.00051953554695873
"none",0.1,49,"SVP (BIC)",1,1,1,1,0.00051953554695873
"none",0.1,50,"PELT",1,1,1,1,0.00017470357665666
"none",0.1,50,"SVP",1,1,1,1,0.00017470357665666
"none",0.1,50,"SVP (BIC)",1,1,1,1,0.00017470357665666
"none",0.1,51,"PELT",1,1,1,1,0.000422002721293049
"none",0.1,51,"SVP",1,1,1,1,0.000422002721293049
"none",0.1,51,"SVP (BIC)",1,1,1,1,0.000422002721293049
"none",0.1,52,"PELT",1,1,1,1,0.00124769800469166
"none",0.1,52,"SVP",1,1,1,1,0.00124769800469166
"none",0.1,52,"SVP (BIC)",1,1,1,1,0.00124769800469166
"none",0.1,53,"PELT",1,1,1,1,0.000371894104680584
"none",0.1,53,"SVP",1,1,1,1,0.000371894104680584
"none",0.1,53,"SVP (BIC)",1,1,1,1,0.000371894104680584
"none",0.1,54,"PELT",1,1,1,1,0.000406014230589254
"none",0.1,54,"SVP",1,1,1,1,0.000406014230589254
"none",0.1,54,"SVP (BIC)",1,1,1,1,0.000406014230589254
"none",0.1,55,"PELT",1,1,1,1,0.000404868720277113
"none",0.1,55,"SVP",1,1,1,1,0.000404868720277113
"none",0.1,55,"SVP (BIC)",1,1,1,1,0.000404868720277113
"none",0.1,56,"PELT",1,1,1,1,0.0030954815110037
"none",0.1,56,"SVP",1,1,1,1,0.0030954815110037
"none",0.1,56,"SVP (BIC)",1,1,1,1,0.0030954815110037
"none",0.1,57,"PELT",1,1,1,1,0.000187085821886756
"none",0.1,57,"SVP",1,1,1,1,0.000187085821886756
"none",0.1,57,"SVP (BIC)",1,1,1,1,0.000187085821886756
"none",0.1,58,"PELT",1,1,1,1,0.00191619276811214
"none",0.1,58,"SVP",1,1,1,1,0.00191619276811214
"none",0.1,58,"SVP (BIC)",1,1,1,1,0.00191619276811214
"none",0.1,59,"PELT",1,1,1,1,0.000142826859582694
"none",0.1,59,"SVP",1,1,1,1,0.000142826859582694
"none",0.1,59,"SVP (BIC)",1,1,1,1,0.000142826859582694
"none",0.1,60,"PELT",1,1,1,1,9.69945995860482e-05
"none",0.1,60,"SVP",1,1,1,1,9.69945995860482e-05
"none",0.1,60,"SVP (BIC)",1,1,1,1,9.69945995860482e-05
"none",0.1,61,"PELT",1,1,1,1,4.42730175608678e-05
"none",0.1,61,"SVP",1,1,1,1,4.42730175608678e-05
"none",0.1,61,"SVP (BIC)",1,1,1,1,4.42730175608678e-05
"none",0.1,62,"PELT",1,1,1,1,0.0032461390506089
"none",0.1,62,"SVP",1,1,1,1,0.0032461390506089
"none",0.1,62,"SVP (BIC)",1,1,1,1,0.0032461390506089
"none",0.1,63,"PELT",1,1,1,1,0.000498410273086849
"none",0.1,63,"SVP",1,1,1,1,0.000498410273086849
"none",0.1,63,"SVP (BIC)",1,1,1,1,0.000498410273086849
"none",0.1,64,"PELT",1,1,1,1,0.000122388610424371
"none",0.1,64,"SVP",1,1,1,1,0.000122388610424371
"none",0.1,64,"SVP (BIC)",1,1,1,1,0.000122388610424371
"none",0.1,65,"PELT",1,1,1,1,0.00121576176481283
"none",0.1,65,"SVP",1,1,1,1,0.00121576176481283
"none",0.1,65,"SVP (BIC)",1,1,1,1,0.00121576176481283
"none",0.1,66,"PELT",1,1,1,1,0.000815894260434954
"none",0.1,66,"SVP",0.5,1,0.666666666666667,2,0.00577592692018427
"none",0.1,66,"SVP (BIC)",1,1,1,1,0.000815894260434954
"none",0.1,67,"PELT",1,1,1,1,0.00142612417153395
"none",0.1,67,"SVP",1,1,1,1,0.00142612417153395
"none",0.1,67,"SVP (BIC)",1,1,1,1,0.00142612417153395
"none",0.1,68,"PELT",1,1,1,1,0.00143404893876237
"none",0.1,68,"SVP",1,1,1,1,0.00143404893876237
"none",0.1,68,"SVP (BIC)",1,1,1,1,0.00143404893876237
"none",0.1,69,"PELT",1,1,1,1,0.000163062635129899
"none",0.1,69,"SVP",0.5,1,0.666666666666667,2,0.00126323894834201
"none",0.1,69,"SVP (BIC)",1,1,1,1,0.000163062635129899
"none",0.1,70,"PELT",1,1,1,1,1.16152033976807e-05
"none",0.1,70,"SVP",0.5,1,0.666666666666667,2,0.000841917660597671
"none",0.1,70,"SVP (BIC)",1,1,1,1,1.16152033976807e-05
"none",0.1,71,"PELT",1,1,1,1,0.000771222063505134
"none",0.1,71,"SVP",1,1,1,1,0.000771222063505134
"none",0.1,71,"SVP (BIC)",1,1,1,1,0.000771222063505134
"none",0.1,72,"PELT",1,1,1,1,0.000135123729717353
"none",0.1,72,"SVP",1,1,1,1,0.000135123729717353
"none",0.1,72,"SVP (BIC)",1,1,1,1,0.000135123729717353
"none",0.1,73,"PELT",1,1,1,1,0.00139150671175856
"none",0.1,73,"SVP",1,1,1,1,0.00139150671175856
"none",0.1,73,"SVP (BIC)",1,1,1,1,0.00139150671175856
"none",0.1,74,"PELT",1,1,1,1,0.00107335672826962
"none",0.1,74,"SVP",1,1,1,1,0.00107335672826962
"none",0.1,74,"SVP (BIC)",1,1,1,1,0.00107335672826962
"none",0.1,75,"PELT",1,1,1,1,0.00019461958554308
"none",0.1,75,"SVP",1,1,1,1,0.00019461958554308
"none",0.1,75,"SVP (BIC)",1,1,1,1,0.00019461958554308
"none",0.1,76,"PELT",1,1,1,1,0.000439667627870421
"none",0.1,76,"SVP",1,1,1,1,0.000439667627870421
"none",0.1,76,"SVP (BIC)",1,1,1,1,0.000439667627870421
"none",0.1,77,"PELT",1,1,1,1,1.76463054836894e-05
"none",0.1,77,"SVP",1,1,1,1,1.76463054836894e-05
"none",0.1,77,"SVP (BIC)",1,1,1,1,1.76463054836894e-05
"none",0.1,78,"PELT",1,1,1,1,3.00820965361881e-05
"none",0.1,78,"SVP",1,1,1,1,3.00820965361881e-05
"none",0.1,78,"SVP (BIC)",1,1,1,1,3.00820965361881e-05
"none",0.1,79,"PELT",1,1,1,1,2.65825443010502e-05
"none",0.1,79,"SVP",1,1,1,1,2.65825443010502e-05
"none",0.1,79,"SVP (BIC)",1,1,1,1,2.65825443010502e-05
"none",0.1,80,"PELT",1,1,1,1,9.43105597548292e-05
"none",0.1,80,"SVP",1,1,1,1,9.43105597548292e-05
"none",0.1,80,"SVP (BIC)",1,1,1,1,9.43105597548292e-05
"none",0.1,81,"PELT",1,1,1,1,3.43656674304726e-06
"none",0.1,81,"SVP",1,1,1,1,3.43656674304726e-06
"none",0.1,81,"SVP (BIC)",1,1,1,1,3.43656674304726e-06
"none",0.1,82,"PELT",1,1,1,1,0.000293196308635643
"none",0.1,82,"SVP",1,1,1,1,0.000293196308635643
"none",0.1,82,"SVP (BIC)",1,1,1,1,0.000293196308635643
"none",0.1,83,"PELT",1,1,1,1,0.00232912588471938
"none",0.1,83,"SVP",1,1,1,1,0.00232912588471938
"none",0.1,83,"SVP (BIC)",1,1,1,1,0.00232912588471938
"none",0.1,84,"PELT",1,1,1,1,0.000370818394372483
"none",0.1,84,"SVP",1,1,1,1,0.000370818394372483
"none",0.1,84,"SVP (BIC)",1,1,1,1,0.000370818394372483
"none",0.1,85,"PELT",1,1,1,1,0.00168615651521728
"none",0.1,85,"SVP",1,1,1,1,0.00168615651521728
"none",0.1,85,"SVP (BIC)",1,1,1,1,0.00168615651521728
"none",0.1,86,"PELT",0.5,1,0.666666666666667,2,0.0226565491798386
"none",0.1,86,"SVP",0.5,1,0.666666666666667,2,0.0226565491798386
"none",0.1,86,"SVP (BIC)",1,1,1,1,0.00014223324316652
"none",0.1,87,"PELT",1,1,1,1,9.31431219094386e-06
"none",0.1,87,"SVP",1,1,1,1,9.31431219094386e-06
"none",0.1,87,"SVP (BIC)",1,1,1,1,9.31431219094386e-06
"none",0.1,88,"PELT",1,1,1,1,0.000349035537672506
"none",0.1,88,"SVP",1,1,1,1,0.000349035537672506
"none",0.1,88,"SVP (BIC)",1,1,1,1,0.000349035537672506
"none",0.1,89,"PELT",1,1,1,1,9.68749397534605e-07
"none",0.1,89,"SVP",1,1,1,1,9.68749397534605e-07
"none",0.1,89,"SVP (BIC)",1,1,1,1,9.68749397534605e-07
"none",0.1,90,"PELT",1,1,1,1,0.00555307704941947
"none",0.1,90,"SVP",1,1,1,1,0.00555307704941947
"none",0.1,90,"SVP (BIC)",1,1,1,1,0.00555307704941947
"none",0.1,91,"PELT",1,1,1,1,0.00267550838488721
"none",0.1,91,"SVP",1,1,1,1,0.00267550838488721
"none",0.1,91,"SVP (BIC)",1,1,1,1,0.00267550838488721
"none",0.1,92,"PELT",1,1,1,1,7.16304712995622e-05
"none",0.1,92,"SVP",1,1,1,1,7.16304712995622e-05
"none",0.1,92,"SVP (BIC)",1,1,1,1,7.16304712995622e-05
"none",0.1,93,"PELT",1,1,1,1,6.88236525998504e-07
"none",0.1,93,"SVP",1,1,1,1,6.88236525998504e-07
"none",0.1,93,"SVP (BIC)",1,1,1,1,6.88236525998504e-07
"none",0.1,94,"PELT",1,1,1,1,0.0001452419502378
"none",0.1,94,"SVP",1,1,1,1,0.0001452419502378
"none",0.1,94,"SVP (BIC)",1,1,1,1,0.0001452419502378
"none",0.1,95,"PELT",1,1,1,1,8.76973664017586e-05
"none",0.1,95,"SVP",1,1,1,1,8.76973664017586e-05
"none",0.1,95,"SVP (BIC)",1,1,1,1,8.76973664017586e-05
"none",0.1,96,"PELT",1,1,1,1,0.00136241818571937
"none",0.1,96,"SVP",1,1,1,1,0.00136241818571937
"none",0.1,96,"SVP (BIC)",1,1,1,1,0.00136241818571937
"none",0.1,97,"PELT",1,1,1,1,0.00117263629031702
"none",0.1,97,"SVP",1,1,1,1,0.00117263629031702
"none",0.1,97,"SVP (BIC)",1,1,1,1,0.00117263629031702
"none",0.1,98,"PELT",1,1,1,1,1.07129106551131e-05
"none",0.1,98,"SVP",1,1,1,1,1.07129106551131e-05
"none",0.1,98,"SVP (BIC)",1,1,1,1,1.07129106551131e-05
"none",0.1,99,"PELT",1,1,1,1,0.000579171769007417
"none",0.1,99,"SVP",1,1,1,1,0.000579171769007417
"none",0.1,99,"SVP (BIC)",1,1,1,1,0.000579171769007417
"none",0.1,100,"PELT",1,1,1,1,0.0014530420637851
"none",0.1,100,"SVP",1,1,1,1,0.0014530420637851
"none",0.1,100,"SVP (BIC)",1,1,1,1,0.0014530420637851
"up",0.1,1,"PELT",0.5,0.125,0.2,2,0.0145276578401462
"up",0.1,1,"SVP",0.5,0.125,0.2,2,0.0145276578401462
"up",0.1,1,"SVP (BIC)",0.5,0.125,0.2,2,0.0145276578401462
"up",0.1,2,"PELT",0.666666666666667,0.25,0.363636363636364,3,0.0137347692323342
"up",0.1,2,"SVP",0.5,0.125,0.2,2,0.018443127406401
"up",0.1,2,"SVP (BIC)",0.5,0.125,0.2,2,0.018443127406401
"up",0.1,3,"PELT",0.5,0.125,0.2,2,0.0206946268912338
"up",0.1,3,"SVP",0.5,0.125,0.2,2,0.0206946268912338
"up",0.1,3,"SVP (BIC)",0.5,0.125,0.2,2,0.0206946268912338
"up",0.1,4,"PELT",0.5,0.125,0.2,2,0.0238682942035998
"up",0.1,4,"SVP",0.5,0.125,0.2,2,0.0238682942035998
"up",0.1,4,"SVP (BIC)",0.5,0.125,0.2,2,0.0238682942035998
"up",0.1,5,"PELT",0.5,0.125,0.2,2,0.0156342200949047
"up",0.1,5,"SVP",0.5,0.125,0.2,2,0.0156342200949047
"up",0.1,5,"SVP (BIC)",0.5,0.125,0.2,2,0.0156342200949047
"up",0.1,6,"PELT",0.333333333333333,0.125,0.181818181818182,3,0.0172377811560732
"up",0.1,6,"SVP",0.5,0.125,0.2,2,0.0355723532511237
"up",0.1,6,"SVP (BIC)",0.5,0.125,0.2,2,0.0355723532511237
"up",0.1,7,"PELT",0.5,0.125,0.2,2,0.0248373129150162
"up",0.1,7,"SVP",0.5,0.125,0.2,2,0.0248373129150162
"up",0.1,7,"SVP (BIC)",0.5,0.125,0.2,2,0.0248373129150162
"up",0.1,8,"PELT",0.5,0.125,0.2,2,0.0169344195684698
"up",0.1,8,"SVP",0.5,0.125,0.2,2,0.0169344195684698
"up",0.1,8,"SVP (BIC)",0.5,0.125,0.2,2,0.0169344195684698
"up",0.1,9,"PELT",0.25,0.125,0.166666666666667,4,0.0284420268034583
"up",0.1,9,"SVP",0.5,0.125,0.2,2,0.0211654461180564
"up",0.1,9,"SVP (BIC)",0.5,0.125,0.2,2,0.0265543838175897
"up",0.1,10,"PELT",0.333333333333333,0.125,0.181818181818182,3,0.0191097730982204
"up",0.1,10,"SVP",0.5,0.125,0.2,2,0.0295708070298416
"up",0.1,10,"SVP (BIC)",0.5,0.125,0.2,2,0.0327156605396387
"up",0.1,11,"PELT",0.5,0.125,0.2,2,0.0149393381690431
"up",0.1,11,"SVP",0.5,0.125,0.2,2,0.0149393381690431
"up",0.1,11,"SVP (BIC)",0.5,0.125,0.2,2,0.0149393381690431
"up",0.1,12,"PELT",0.5,0.125,0.2,2,0.0150232137871312
"up",0.1,12,"SVP",0.5,0.125,0.2,2,0.0150232137871312
"up",0.1,12,"SVP (BIC)",0.5,0.125,0.2,2,0.0150232137871312
"up",0.1,13,"PELT",0.5,0.125,0.2,2,0.0188279131306159
"up",0.1,13,"SVP",0.5,0.125,0.2,2,0.0188279131306159
"up",0.1,13,"SVP (BIC)",0.5,0.125,0.2,2,0.0188279131306159
"up",0.1,14,"PELT",0.5,0.125,0.2,2,0.0209996976852733
"up",0.1,14,"SVP",0.5,0.125,0.2,2,0.0209996976852733
"up",0.1,14,"SVP (BIC)",0.5,0.125,0.2,2,0.0209996976852733
"up",0.1,15,"PELT",0.5,0.125,0.2,2,0.0223587132742314
"up",0.1,15,"SVP",0.5,0.125,0.2,2,0.0223587132742314
"up",0.1,15,"SVP (BIC)",0.5,0.125,0.2,2,0.0223587132742314
"up",0.1,16,"PELT",0.5,0.125,0.2,2,0.013743431222503
"up",0.1,16,"SVP",0.5,0.125,0.2,2,0.013743431222503
"up",0.1,16,"SVP (BIC)",0.5,0.125,0.2,2,0.013743431222503
"up",0.1,17,"PELT",0.666666666666667,0.25,0.363636363636364,3,0.0131320780373736
"up",0.1,17,"SVP",1,0.25,0.4,2,0.015619837675778
"up",0.1,17,"SVP (BIC)",1,0.25,0.4,2,0.015619837675778
"up",0.1,18,"PELT",0.5,0.125,0.2,2,0.0172621227195179
"up",0.1,18,"SVP",0.5,0.125,0.2,2,0.0172621227195179
"up",0.1,18,"SVP (BIC)",0.5,0.125,0.2,2,0.0172621227195179
"up",0.1,19,"PELT",0.333333333333333,0.125,0.181818181818182,3,0.0109308016192625
"up",0.1,19,"SVP",0.5,0.125,0.2,2,0.0181168100202745
"up",0.1,19,"SVP (BIC)",0.5,0.125,0.2,2,0.0181168100202745
"up",0.1,20,"PELT",0.333333333333333,0.125,0.181818181818182,3,0.0177621695622831
"up",0.1,20,"SVP",1,0.25,0.4,2,0.0291352479686429
"up",0.1,20,"SVP (BIC)",0.5,0.125,0.2,2,0.0376942918893611
"up",0.1,21,"PELT",0.333333333333333,0.125,0.181818181818182,3,0.0100416791839188
"up",0.1,21,"SVP",0.5,0.125,0.2,2,0.0144955633132514
"up",0.1,21,"SVP (BIC)",0.5,0.125,0.2,2,0.0144955633132514
"up",0.1,22,"PELT",0.5,0.125,0.2,2,0.0172389741613052
"up",0.1,22,"SVP",0.5,0.125,0.2,2,0.0172389741613052
"up",0.1,22,"SVP (BIC)",0.5,0.125,0.2,2,0.0172389741613052
"up",0.1,23,"PELT",0.5,0.125,0.2,2,0.0198362842460235
"up",0.1,23,"SVP",0.5,0.125,0.2,2,0.0198362842460235
"up",0.1,23,"SVP (BIC)",0.5,0.125,0.2,2,0.0198362842460235
"up",0.1,24,"PELT",0.5,0.125,0.2,2,0.0195810755054524
"up",0.1,24,"SVP",0.5,0.125,0.2,2,0.0195810755054524
"up",0.1,24,"SVP (BIC)",0.5,0.125,0.2,2,0.0195810755054524
"up",0.1,25,"PELT",0.5,0.125,0.2,2,0.0170958370927483
"up",0.1,25,"SVP",0.5,0.125,0.2,2,0.0170958370927483
"up",0.1,25,"SVP (BIC)",0.5,0.125,0.2,2,0.0170958370927483
"up",0.1,26,"PELT",0.5,0.125,0.2,2,0.0171099538293755
"up",0.1,26,"SVP",0.5,0.125,0.2,2,0.0171099538293755
"up",0.1,26,"SVP (BIC)",0.5,0.125,0.2,2,0.0171099538293755
"up",0.1,27,"PELT",0.5,0.125,0.2,2,0.0205359233659969
"up",0.1,27,"SVP",0.5,0.125,0.2,2,0.0205359233659969
"up",0.1,27,"SVP (BIC)",0.5,0.125,0.2,2,0.0205359233659969
"up",0.1,28,"PELT",0.666666666666667,0.25,0.363636363636364,3,0.015751362248736
"up",0.1,28,"SVP",0.5,0.125,0.2,2,0.0333075430319505
"up",0.1,28,"SVP (BIC)",0.5,0.125,0.2,2,0.0333075430319505
"up",0.1,29,"PELT",0.5,0.125,0.2,2,0.0151938203964421
"up",0.1,29,"SVP",0.5,0.125,0.2,2,0.0151938203964421
"up",0.1,29,"SVP (BIC)",0.5,0.125,0.2,2,0.0151938203964421
"up",0.1,30,"PELT",0.333333333333333,0.125,0.181818181818182,3,0.0143576469604985
"up",0.1,30,"SVP",0.5,0.125,0.2,2,0.0168603761248108
"up",0.1,30,"SVP (BIC)",0.5,0.125,0.2,2,0.0168603761248108
"up",0.1,31,"PELT",0.333333333333333,0.125,0.181818181818182,3,0.0099634610641133
"up",0.1,31,"SVP",0.5,0.125,0.2,2,0.0228454302543667
"up",0.1,31,"SVP (BIC)",0.5,0.125,0.2,2,0.0228454302543667
"up",0.1,32,"PELT",0.5,0.125,0.2,2,0.0149597582619824
"up",0.1,32,"SVP",0.5,0.125,0.2,2,0.0149597582619824
"up",0.1,32,"SVP (BIC)",0.5,0.125,0.2,2,0.0149597582619824
"up",0.1,33,"PELT",0.5,0.125,0.2,2,0.015558348623277
"up",0.1,33,"SVP",0.5,0.125,0.2,2,0.015558348623277
"up",0.1,33,"SVP (BIC)",0.5,0.125,0.2,2,0.015558348623277
"up",0.1,34,"PELT",0.5,0.125,0.2,2,0.0155651222503838
"up",0.1,34,"SVP",0.5,0.125,0.2,2,0.0155651222503838
"up",0.1,34,"SVP (BIC)",0.5,0.125,0.2,2,0.0155651222503838
"up",0.1,35,"PELT",0.5,0.125,0.2,2,0.0161504258942657
"up",0.1,35,"SVP",0.5,0.125,0.2,2,0.0161504258942657
"up",0.1,35,"SVP (BIC)",0.5,0.125,0.2,2,0.0161504258942657
"up",0.1,36,"PELT",0.5,0.125,0.2,2,0.0169933962376058
"up",0.1,36,"SVP",0.5,0.125,0.2,2,0.0169933962376058
"up",0.1,36,"SVP (BIC)",0.5,0.125,0.2,2,0.0169933962376058
"up",0.1,37,"PELT",1,0.25,0.4,2,0.0135895767484705
"up",0.1,37,"SVP",1,0.25,0.4,2,0.0135895767484705
"up",0.1,37,"SVP (BIC)",1,0.25,0.4,2,0.0135895767484705
"up",0.1,38,"PELT",0.5,0.125,0.2,2,0.0220151220015656
"up",0.1,38,"SVP",0.5,0.125,0.2,2,0.0220151220015656
"up",0.1,38,"SVP (BIC)",0.5,0.125,0.2,2,0.0220151220015656
"up",0.1,39,"PELT",0.5,0.125,0.2,2,0.0170978866868601
"up",0.1,39,"SVP",0.5,0.125,0.2,2,0.0170978866868601
"up",0.1,39,"SVP (BIC)",1,0.125,0.222222222222222,1,0.0525933612357225
"up",0.1,40,"PELT",0.5,0.125,0.2,2,0.0208253341340936
"up",0.1,40,"SVP",0.5,0.125,0.2,2,0.0208253341340936
"up",0.1,40,"SVP (BIC)",0.5,0.125,0.2,2,0.0208253341340936
"up",0.1,41,"PELT",0.5,0.125,0.2,2,0.0173305583335106
"up",0.1,41,"SVP",0.5,0.125,0.2,2,0.0173305583335106
"up",0.1,41,"SVP (BIC)",0.5,0.125,0.2,2,0.0173305583335106
"up",0.1,42,"PELT",0.5,0.125,0.2,2,0.01513663799514
"up",0.1,42,"SVP",0.5,0.125,0.2,2,0.01513663799514
"up",0.1,42,"SVP (BIC)",0.5,0.125,0.2,2,0.01513663799514
"up",0.1,43,"PELT",0.333333333333333,0.125,0.181818181818182,3,0.0167780868251087
"up",0.1,43,"SVP",0.5,0.125,0.2,2,0.0159128283133486
"up",0.1,43,"SVP (BIC)",0.5,0.125,0.2,2,0.0159128283133486
"up",0.1,44,"PELT",0.5,0.125,0.2,2,0.0147987240159557
"up",0.1,44,"SVP",0.5,0.125,0.2,2,0.0147987240159557
"up",0.1,44,"SVP (BIC)",0.5,0.125,0.2,2,0.0147987240159557
"up",0.1,45,"PELT",0.333333333333333,0.125,0.181818181818182,3,0.00786805734213237
"up",0.1,45,"SVP",0.5,0.125,0.2,2,0.0199329016284107
"up",0.1,45,"SVP (BIC)",0.5,0.125,0.2,2,0.0199329016284107
"up",0.1,46,"PELT",0.5,0.125,0.2,2,0.017205005596683
"up",0.1,46,"SVP",0.5,0.125,0.2,2,0.017205005596683
"up",0.1,46,"SVP (BIC)",0.5,0.125,0.2,2,0.017205005596683
"up",0.1,47,"PELT",1,0.25,0.4,2,0.0205603205509955
"up",0.1,47,"SVP",1,0.25,0.4,2,0.0205603205509955
"up",0.1,47,"SVP (BIC)",1,0.25,0.4,2,0.0205603205509955
"up",0.1,48,"PELT",0.5,0.125,0.2,2,0.0135376214824335
"up",0.1,48,"SVP",0.5,0.125,0.2,2,0.0135376214824335
"up",0.1,48,"SVP (BIC)",0.5,0.125,0.2,2,0.0135376214824335
"up",0.1,49,"PELT",0.5,0.125,0.2,2,0.0165874292380722
"up",0.1,49,"SVP",0.5,0.125,0.2,2,0.0165874292380722
"up",0.1,49,"SVP (BIC)",0.5,0.125,0.2,2,0.0165874292380722
"up",0.1,50,"PELT",0.5,0.125,0.2,2,0.0158804365946025
"up",0.1,50,"SVP",0.5,0.125,0.2,2,0.0158804365946025
"up",0.1,50,"SVP (BIC)",0.5,0.125,0.2,2,0.0158804365946025
"up",0.1,51,"PELT",0.333333333333333,0.125,0.181818181818182,3,0.0229220271093288
"up",0.1,51,"SVP",0.5,0.125,0.2,2,0.020325415894831
"up",0.1,51,"SVP (BIC)",0.5,0.125,0.2,2,0.020325415894831
"up",0.1,52,"PELT",0.666666666666667,0.25,0.363636363636364,3,0.00783284733010327
"up",0.1,52,"SVP",0.5,0.125,0.2,2,0.0205221595076348
"up",0.1,52,"SVP (BIC)",0.5,0.125,0.2,2,0.0205221595076348
"up",0.1,53,"PELT",0.5,0.125,0.2,2,0.0163250359092423
"up",0.1,53,"SVP",0.5,0.125,0.2,2,0.0163250359092423
"up",0.1,53,"SVP (BIC)",0.5,0.125,0.2,2,0.0163250359092423
"up",0.1,54,"PELT",0.5,0.125,0.2,2,0.0283824927829076
"up",0.1,54,"SVP",0.5,0.125,0.2,2,0.0283824927829076
"up",0.1,54,"SVP (BIC)",0.5,0.125,0.2,2,0.0283824927829076
"up",0.1,55,"PELT",0.5,0.125,0.2,2,0.0168692420651505
"up",0.1,55,"SVP",0.5,0.125,0.2,2,0.0168692420651505
"up",0.1,55,"SVP (BIC)",0.5,0.125,0.2,2,0.0168692420651505
"up",0.1,56,"PELT",0.333333333333333,0.125,0.181818181818182,3,0.0477614355420615
"up",0.1,56,"SVP",0.5,0.125,0.2,2,0.0229940421566743
"up",0.1,56,"SVP (BIC)",0.5,0.125,0.2,2,0.0227788907367363
"up",0.1,57,"PELT",0.5,0.125,0.2,2,0.0164755111178377
"up",0.1,57,"SVP",0.5,0.125,0.2,2,0.0164755111178377
"up",0.1,57,"SVP (BIC)",0.5,0.125,0.2,2,0.0164755111178377
"up",0.1,58,"PELT",0.5,0.125,0.2,2,0.0148914842706935
"up",0.1,58,"SVP",0.5,0.125,0.2,2,0.0148914842706935
"up",0.1,58,"SVP (BIC)",0.5,0.125,0.2,2,0.0148914842706935
"up",0.1,59,"PELT",0.333333333333333,0.125,0.181818181818182,3,0.0123924398273783
"up",0.1,59,"SVP",0.5,0.125,0.2,2,0.0180593802158814
"up",0.1,59,"SVP (BIC)",0.5,0.125,0.2,2,0.0180593802158814
"up",0.1,60,"PELT",0.5,0.125,0.2,2,0.0133808256049735
"up",0.1,60,"SVP",0.5,0.125,0.2,2,0.0133808256049735
"up",0.1,60,"SVP (BIC)",0.5,0.125,0.2,2,0.0133808256049735
"up",0.1,61,"PELT",0.5,0.125,0.2,2,0.0175193339589536
"up",0.1,61,"SVP",0.5,0.125,0.2,2,0.0175193339589536
"up",0.1,61,"SVP (BIC)",0.5,0.125,0.2,2,0.0175193339589536
"up",0.1,62,"PELT",0.333333333333333,0.125,0.181818181818182,3,0.0125425981551419
"up",0.1,62,"SVP",0.5,0.125,0.2,2,0.0206772850048465
"up",0.1,62,"SVP (BIC)",0.5,0.125,0.2,2,0.0206772850048465
"up",0.1,63,"PELT",0.333333333333333,0.125,0.181818181818182,3,0.0166053452307341
"up",0.1,63,"SVP",0.5,0.125,0.2,2,0.0149193845463388
"up",0.1,63,"SVP (BIC)",0.5,0.125,0.2,2,0.0168003598091995
"up",0.1,64,"PELT",0.5,0.125,0.2,2,0.0225337548131056
"up",0.1,64,"SVP",0.5,0.125,0.2,2,0.0225337548131056
"up",0.1,64,"SVP (BIC)",0.5,0.125,0.2,2,0.0225337548131056
"up",0.1,65,"PELT",0.5,0.125,0.2,2,0.0218205405580582
"up",0.1,65,"SVP",0.333333333333333,0.125,0.181818181818182,3,0.0153350869201466
"up",0.1,65,"SVP (BIC)",0.5,0.125,0.2,2,0.0218205405580582
"up",0.1,66,"PELT",0.5,0.125,0.2,2,0.016424233172032
"up",0.1,66,"SVP",0.5,0.125,0.2,2,0.0151869593946633
"up",0.1,66,"SVP (BIC)",0.5,0.125,0.2,2,0.016424233172032
"up",0.1,67,"PELT",1,0.25,0.4,2,0.0161975915515158
"up",0.1,67,"SVP",1,0.25,0.4,2,0.0161975915515158
"up",0.1,67,"SVP (BIC)",1,0.25,0.4,2,0.0161975915515158
"up",0.1,68,"PELT",0.5,0.125,0.2,2,0.0191678398073558
"up",0.1,68,"SVP",0.5,0.125,0.2,2,0.0191678398073558
"up",0.1,68,"SVP (BIC)",0.5,0.125,0.2,2,0.0191678398073558
"up",0.1,69,"PELT",0.5,0.125,0.2,2,0.0237359102348445
"up",0.1,69,"SVP",0.5,0.125,0.2,2,0.0237359102348445
"up",0.1,69,"SVP (BIC)",0.5,0.125,0.2,2,0.0237359102348445
"up",0.1,70,"PELT",0.5,0.125,0.2,2,0.0183099227789191
"up",0.1,70,"SVP",0.5,0.125,0.2,2,0.0172762070896146
"up",0.1,70,"SVP (BIC)",0.5,0.125,0.2,2,0.0183099227789191
"up",0.1,71,"PELT",0.5,0.125,0.2,2,0.0140198160435798
"up",0.1,71,"SVP",0.5,0.125,0.2,2,0.0140198160435798
"up",0.1,71,"SVP (BIC)",0.5,0.125,0.2,2,0.0140198160435798
"up",0.1,72,"PELT",0.333333333333333,0.125,0.181818181818182,3,0.00891773272623703
"up",0.1,72,"SVP",0.5,0.125,0.2,2,0.0230543879927843
"up",0.1,72,"SVP (BIC)",0.5,0.125,0.2,2,0.0230543879927843
"up",0.1,73,"PELT",0.5,0.125,0.2,2,0.0197780776235348
"up",0.1,73,"SVP",0.5,0.125,0.2,2,0.0197780776235348
"up",0.1,73,"SVP (BIC)",0.5,0.125,0.2,2,0.0197780776235348
"up",0.1,74,"PELT",0.5,0.125,0.2,2,0.0225435207654584
"up",0.1,74,"SVP",0.5,0.125,0.2,2,0.0225435207654584
"up",0.1,74,"SVP (BIC)",0.5,0.125,0.2,2,0.0225435207654584
"up",0.1,75,"PELT",0.666666666666667,0.25,0.363636363636364,3,0.0196424646558703
"up",0.1,75,"SVP",0.5,0.125,0.2,2,0.0374352364181504
"up",0.1,75,"SVP (BIC)",0.5,0.125,0.2,2,0.0374352364181504
"up",0.1,76,"PELT",0.5,0.125,0.2,2,0.0190004390356855
"up",0.1,76,"SVP",0.5,0.125,0.2,2,0.0190004390356855
"up",0.1,76,"SVP (BIC)",0.5,0.125,0.2,2,0.0190004390356855
"up",0.1,77,"PELT",0.333333333333333,0.125,0.181818181818182,3,0.00964120140477464
"up",0.1,77,"SVP",0.5,0.125,0.2,2,0.025241780826568
"up",0.1,77,"SVP (BIC)",0.5,0.125,0.2,2,0.025241780826568
"up",0.1,78,"PELT",0.333333333333333,0.125,0.181818181818182,3,0.0253005801371341
"up",0.1,78,"SVP",0.5,0.125,0.2,2,0.0242826114489605
"up",0.1,78,"SVP (BIC)",0.5,0.125,0.2,2,0.0242826114489605
"up",0.1,79,"PELT",0.333333333333333,0.125,0.181818181818182,3,0.0172114751810158
"up",0.1,79,"SVP",0.5,0.125,0.2,2,0.0159847172026811
"up",0.1,79,"SVP (BIC)",0.5,0.125,0.2,2,0.0305463628701807
"up",0.1,80,"PELT",0.5,0.125,0.2,2,0.0202789337085922
"up",0.1,80,"SVP",0.5,0.125,0.2,2,0.0202789337085922
"up",0.1,80,"SVP (BIC)",0.5,0.125,0.2,2,0.0202789337085922
"up",0.1,81,"PELT",0.5,0.125,0.2,2,0.0134712312524315
"up",0.1,81,"SVP",0.5,0.125,0.2,2,0.0134712312524315
"up",0.1,81,"SVP (BIC)",0.5,0.125,0.2,2,0.0134712312524315
"up",0.1,82,"PELT",0.5,0.125,0.2,2,0.0165451658792203
"up",0.1,82,"SVP",0.5,0.125,0.2,2,0.0165451658792203
"up",0.1,82,"SVP (BIC)",0.5,0.125,0.2,2,0.0165451658792203
"up",0.1,83,"PELT",0.5,0.125,0.2,2,0.0211517724227111
"up",0.1,83,"SVP",0.5,0.125,0.2,2,0.0211517724227111
"up",0.1,83,"SVP (BIC)",0.5,0.125,0.2,2,0.0211517724227111
"up",0.1,84,"PELT",0.333333333333333,0.125,0.181818181818182,3,0.0169636501471304
"up",0.1,84,"SVP",0.5,0.125,0.2,2,0.0201637062341895
"up",0.1,84,"SVP (BIC)",0.5,0.125,0.2,2,0.0201637062341895
"up",0.1,85,"PELT",1,0.25,0.4,2,0.015821901421676
"up",0.1,85,"SVP",1,0.25,0.4,2,0.015821901421676
"up",0.1,85,"SVP (BIC)",1,0.25,0.4,2,0.015821901421676
"up",0.1,86,"PELT",0.5,0.125,0.2,2,0.0158102742149004
"up",0.1,86,"SVP",0.5,0.125,0.2,2,0.0158102742149004
"up",0.1,86,"SVP (BIC)",0.5,0.125,0.2,2,0.0158102742149004
"up",0.1,87,"PELT",0.5,0.125,0.2,2,0.0164454143032856
"up",0.1,87,"SVP",0.5,0.125,0.2,2,0.0164454143032856
"up",0.1,87,"SVP (BIC)",0.5,0.125,0.2,2,0.0164454143032856
"up",0.1,88,"PELT",0.5,0.125,0.2,2,0.0207641857644133
"up",0.1,88,"SVP",0.5,0.125,0.2,2,0.0207641857644133
"up",0.1,88,"SVP (BIC)",0.5,0.125,0.2,2,0.0207641857644133
"up",0.1,89,"PELT",0.333333333333333,0.125,0.181818181818182,3,0.0150407692846118
"up",0.1,89,"SVP",0.5,0.125,0.2,2,0.0204161052676125
"up",0.1,89,"SVP (BIC)",0.5,0.125,0.2,2,0.0204161052676125
"up",0.1,90,"PELT",0.333333333333333,0.125,0.181818181818182,3,0.00968121673206626
"up",0.1,90,"SVP",0.5,0.125,0.2,2,0.0181240473076841
"up",0.1,90,"SVP (BIC)",0.5,0.125,0.2,2,0.0181240473076841
"up",0.1,91,"PELT",0.5,0.125,0.2,2,0.0150414636284941
"up",0.1,91,"SVP",0.5,0.125,0.2,2,0.0150414636284941
"up",0.1,91,"SVP (BIC)",0.5,0.125,0.2,2,0.0150414636284941
"up",0.1,92,"PELT",0.5,0.125,0.2,2,0.0178991433908688
"up",0.1,92,"SVP",0.5,0.125,0.2,2,0.0178991433908688
"up",0.1,92,"SVP (BIC)",0.5,0.125,0.2,2,0.0178991433908688
"up",0.1,93,"PELT",0.333333333333333,0.125,0.181818181818182,3,0.0209848348359035
"up",0.1,93,"SVP",0.5,0.125,0.2,2,0.0153574888578354
"up",0.1,93,"SVP (BIC)",0.5,0.125,0.2,2,0.0153574888578354
"up",0.1,94,"PELT",0.5,0.125,0.2,2,0.0250549844129283
"up",0.1,94,"SVP",0.5,0.125,0.2,2,0.0250549844129283
"up",0.1,94,"SVP (BIC)",0.5,0.125,0.2,2,0.0250549844129283
"up",0.1,95,"PELT",0.5,0.125,0.2,2,0.0182821164243425
"up",0.1,95,"SVP",0.5,0.125,0.2,2,0.0182821164243425
"up",0.1,95,"SVP (BIC)",0.5,0.125,0.2,2,0.0182821164243425
"up",0.1,96,"PELT",0.5,0.125,0.2,2,0.0179282509242854
"up",0.1,96,"SVP",0.5,0.125,0.2,2,0.0179282509242854
"up",0.1,96,"SVP (BIC)",0.5,0.125,0.2,2,0.0179282509242854
"up",0.1,97,"PELT",0.5,0.125,0.2,2,0.0228791692285676
"up",0.1,97,"SVP",0.5,0.125,0.2,2,0.0228791692285676
"up",0.1,97,"SVP (BIC)",0.5,0.125,0.2,2,0.0228791692285676
"up",0.1,98,"PELT",0.333333333333333,0.125,0.181818181818182,3,0.0131916662640546
"up",0.1,98,"SVP",0.5,0.125,0.2,2,0.0181405837618788
"up",0.1,98,"SVP (BIC)",0.5,0.125,0.2,2,0.0181405837618788
"up",0.1,99,"PELT",0.333333333333333,0.125,0.181818181818182,3,0.0111313196518624
"up",0.1,99,"SVP",0.5,0.125,0.2,2,0.0208275640258684
"up",0.1,99,"SVP (BIC)",0.5,0.125,0.2,2,0.0208275640258684
"up",0.1,100,"PELT",0.5,0.125,0.2,2,0.0149140441685562
"up",0.1,100,"SVP",0.5,0.125,0.2,2,0.0149140441685562
"up",0.1,100,"SVP (BIC)",0.5,0.125,0.2,2,0.0149140441685562
"updown",0.1,1,"PELT",1,0.125,0.222222222222222,1,0.00276282953300512
"updown",0.1,1,"SVP",1,0.125,0.222222222222222,1,0.00276282953300512
"updown",0.1,1,"SVP (BIC)",1,0.125,0.222222222222222,1,0.00276282953300512
"updown",0.1,2,"PELT",1,0.125,0.222222222222222,1,0.00250246475564054
"updown",0.1,2,"SVP",1,0.125,0.222222222222222,1,0.00250246475564054
"updown",0.1,2,"SVP (BIC)",1,0.125,0.222222222222222,1,0.00250246475564054
"updown",0.1,3,"PELT",1,0.125,0.222222222222222,1,0.00347611346669805
"updown",0.1,3,"SVP",1,0.125,0.222222222222222,1,0.00347611346669805
"updown",0.1,3,"SVP (BIC)",1,0.125,0.222222222222222,1,0.00347611346669805
"updown",0.1,4,"PELT",1,0.125,0.222222222222222,1,0.00259223570305709
"updown",0.1,4,"SVP",1,0.125,0.222222222222222,1,0.00259223570305709
"updown",0.1,4,"SVP (BIC)",1,0.125,0.222222222222222,1,0.00259223570305709
"updown",0.1,5,"PELT",1,0.125,0.222222222222222,1,0.0025344374758617
"updown",0.1,5,"SVP",1,0.125,0.222222222222222,1,0.0025344374758617
"updown",0.1,5,"SVP (BIC)",1,0.125,0.222222222222222,1,0.0025344374758617
"updown",0.1,6,"PELT",1,0.125,0.222222222222222,1,0.00401616949978142
"updown",0.1,6,"SVP",1,0.125,0.222222222222222,1,0.00401616949978142
"updown",0.1,6,"SVP (BIC)",1,0.125,0.222222222222222,1,0.00401616949978142
"updown",0.1,7,"PELT",1,0.125,0.222222222222222,1,0.00272530967125737
"updown",0.1,7,"SVP",1,0.125,0.222222222222222,1,0.00272530967125737
"updown",0.1,7,"SVP (BIC)",1,0.125,0.222222222222222,1,0.00272530967125737
"updown",0.1,8,"PELT",1,0.125,0.222222222222222,1,0.00302284795735667
"updown",0.1,8,"SVP",1,0.125,0.222222222222222,1,0.00302284795735667
"updown",0.1,8,"SVP (BIC)",1,0.125,0.222222222222222,1,0.00302284795735667
"updown",0.1,9,"PELT",1,0.125,0.222222222222222,1,0.00296366170044745
"updown",0.1,9,"SVP",1,0.125,0.222222222222222,1,0.00296366170044745
"updown",0.1,9,"SVP (BIC)",1,0.125,0.222222222222222,1,0.00296366170044745
"updown",0.1,10,"PELT",1,0.125,0.222222222222222,1,0.00281268489127977
"updown",0.1,10,"SVP",1,0.125,0.222222222222222,1,0.00281268489127977
"updown",0.1,10,"SVP (BIC)",1,0.125,0.222222222222222,1,0.00281268489127977
"updown",0.1,11,"PELT",1,0.125,0.222222222222222,1,0.00272756493228169
"updown",0.1,11,"SVP",1,0.125,0.222222222222222,1,0.00272756493228169
"updown",0.1,11,"SVP (BIC)",1,0.125,0.222222222222222,1,0.00272756493228169
"updown",0.1,12,"PELT",1,0.125,0.222222222222222,1,0.00519292009501248
"updown",0.1,12,"SVP",0.5,0.125,0.2,2,0.00683685304678307
"updown",0.1,12,"SVP (BIC)",1,0.125,0.222222222222222,1,0.00519292009501248
"updown",0.1,13,"PELT",1,0.125,0.222222222222222,1,0.00363471639390687
"updown",0.1,13,"SVP",1,0.125,0.222222222222222,1,0.00363471639390687
"updown",0.1,13,"SVP (BIC)",1,0.125,0.222222222222222,1,0.00363471639390687
"updown",0.1,14,"PELT",1,0.125,0.222222222222222,1,0.00273679330078409
"updown",0.1,14,"SVP",1,0.125,0.222222222222222,1,0.00273679330078409
"updown",0.1,14,"SVP (BIC)",1,0.125,0.222222222222222,1,0.00273679330078409
"updown",0.1,15,"PELT",1,0.125,0.222222222222222,1,0.0032466293857367
"updown",0.1,15,"SVP",1,0.125,0.222222222222222,1,0.0032466293857367
"updown",0.1,15,"SVP (BIC)",1,0.125,0.222222222222222,1,0.0032466293857367
"updown",0.1,16,"PELT",1,0.125,0.222222222222222,1,0.00302576946895456
"updown",0.1,16,"SVP",1,0.125,0.222222222222222,1,0.00302576946895456
"updown",0.1,16,"SVP (BIC)",1,0.125,0.222222222222222,1,0.00302576946895456
"updown",0.1,17,"PELT",1,0.125,0.222222222222222,1,0.00412551723941775
"updown",0.1,17,"SVP",1,0.125,0.222222222222222,1,0.00412551723941775
"updown",0.1,17,"SVP (BIC)",1,0.125,0.222222222222222,1,0.00412551723941775
"updown",0.1,18,"PELT",1,0.125,0.222222222222222,1,0.00251850096759261
"updown",0.1,18,"SVP",1,0.125,0.222222222222222,1,0.00251850096759261
"updown",0.1,18,"SVP (BIC)",1,0.125,0.222222222222222,1,0.00251850096759261
"updown",0.1,19,"PELT",1,0.125,0.222222222222222,1,0.00250290676040114
"updown",0.1,19,"SVP",1,0.125,0.222222222222222,1,0.00250290676040114
"updown",0.1,19,"SVP (BIC)",1,0.125,0.222222222222222,1,0.00250290676040114
"updown",0.1,20,"PELT",1,0.125,0.222222222222222,1,0.00251409911066405
"updown",0.1,20,"SVP",1,0.125,0.222222222222222,1,0.00251409911066405
"updown",0.1,20,"SVP (BIC)",1,0.125,0.222222222222222,1,0.00251409911066405
"updown",0.1,21,"PELT",1,0.125,0.222222222222222,1,0.0026842349590623
"updown",0.1,21,"SVP",1,0.125,0.222222222222222,1,0.0026842349590623
"updown",0.1,21,"SVP (BIC)",1,0.125,0.222222222222222,1,0.0026842349590623
"updown",0.1,22,"PELT",1,0.125,0.222222222222222,1,0.00406874464572601
"updown",0.1,22,"SVP",1,0.125,0.222222222222222,1,0.00406874464572601
"updown",0.1,22,"SVP (BIC)",1,0.125,0.222222222222222,1,0.00406874464572601
"updown",0.1,23,"PELT",1,0.125,0.222222222222222,1,0.00254395217133264
"updown",0.1,23,"SVP",1,0.125,0.222222222222222,1,0.00254395217133264
"updown",0.1,23,"SVP (BIC)",1,0.125,0.222222222222222,1,0.00254395217133264
"updown",0.1,24,"PELT",1,0.125,0.222222222222222,1,0.00333834003338457
"updown",0.1,24,"SVP",1,0.125,0.222222222222222,1,0.00333834003338457
"updown",0.1,24,"SVP (BIC)",1,0.125,0.222222222222222,1,0.00333834003338457
"updown",0.1,25,"PELT",1,0.125,0.222222222222222,1,0.0026325460837732
"updown",0.1,25,"SVP",1,0.125,0.222222222222222,1,0.0026325460837732
"updown",0.1,25,"SVP (BIC)",1,0.125,0.222222222222222,1,0.0026325460837732
"updown",0.1,26,"PELT",1,0.125,0.222222222222222,1,0.00281047885297415
"updown",0.1,26,"SVP",1,0.125,0.222222222222222,1,0.00281047885297415
"updown",0.1,26,"SVP (BIC)",1,0.125,0.222222222222222,1,0.00281047885297415
"updown",0.1,27,"PELT",1,0.125,0.222222222222222,1,0.00312381751945002
"updown",0.1,27,"SVP",1,0.125,0.222222222222222,1,0.00312381751945002
"updown",0.1,27,"SVP (BIC)",1,0.125,0.222222222222222,1,0.00312381751945002
"updown",0.1,28,"PELT",1,0.125,0.222222222222222,1,0.00250882337678169
"updown",0.1,28,"SVP",1,0.125,0.222222222222222,1,0.00250882337678169
"updown",0.1,28,"SVP (BIC)",1,0.125,0.222222222222222,1,0.00250882337678169
"updown",0.1,29,"PELT",1,0.125,0.222222222222222,1,0.00253906953343348
"updown",0.1,29,"SVP",1,0.125,0.222222222222222,1,0.00253906953343348
"updown",0.1,29,"SVP (BIC)",1,0.125,0.222222222222222,1,0.00253906953343348
"updown",0.1,30,"PELT",1,0.125,0.222222222222222,1,0.00260182127840474
"updown",0.1,30,"SVP",0.5,0.125,0.2,2,0.00394346293149783
"updown",0.1,30,"SVP (BIC)",1,0.125,0.222222222222222,1,0.00260182127840474
"updown",0.1,31,"PELT",1,0.125,0.222222222222222,1,0.0026526801720538
"updown",0.1,31,"SVP",1,0.125,0.222222222222222,1,0.0026526801720538
"updown",0.1,31,"SVP (BIC)",1,0.125,0.222222222222222,1,0.0026526801720538
"updown",0.1,32,"PELT",1,0.125,0.222222222222222,1,0.00256909276324343
"updown",0.1,32,"SVP",1,0.125,0.222222222222222,1,0.00256909276324343
"updown",0.1,32,"SVP (BIC)",1,0.125,0.222222222222222,1,0.00256909276324343
"updown",0.1,33,"PELT",1,0.125,0.222222222222222,1,0.00341420154827575
"updown",0.1,33,"SVP",1,0.125,0.222222222222222,1,0.00341420154827575
"updown",0.1,33,"SVP (BIC)",1,0.125,0.222222222222222,1,0.00341420154827575
"updown",0.1,34,"PELT",1,0.125,0.222222222222222,1,0.00356204812343316
"updown",0.1,34,"SVP",1,0.125,0.222222222222222,1,0.00356204812343316
"updown",0.1,34,"SVP (BIC)",1,0.125,0.222222222222222,1,0.00356204812343316
"updown",0.1,35,"PELT",1,0.125,0.222222222222222,1,0.0046624276334983
"updown",0.1,35,"SVP",1,0.125,0.222222222222222,1,0.0046624276334983
"updown",0.1,35,"SVP (BIC)",1,0.125,0.222222222222222,1,0.0046624276334983
"updown",0.1,36,"PELT",1,0.125,0.222222222222222,1,0.00282614116400763
"updown",0.1,36,"SVP",1,0.125,0.222222222222222,1,0.00282614116400763
"updown",0.1,36,"SVP (BIC)",1,0.125,0.222222222222222,1,0.00282614116400763
"updown",0.1,37,"PELT",1,0.125,0.222222222222222,1,0.00277790664555321
"updown",0.1,37,"SVP",1,0.125,0.222222222222222,1,0.00277790664555321
"updown",0.1,37,"SVP (BIC)",1,0.125,0.222222222222222,1,0.00277790664555321
"updown",0.1,38,"PELT",1,0.125,0.222222222222222,1,0.00261605923158684
"updown",0.1,38,"SVP",1,0.125,0.222222222222222,1,0.00261605923158684
"updown",0.1,38,"SVP (BIC)",1,0.125,0.222222222222222,1,0.00261605923158684
"updown",0.1,39,"PELT",1,0.125,0.222222222222222,1,0.00322770239250972
"updown",0.1,39,"SVP",1,0.125,0.222222222222222,1,0.00322770239250972
"updown",0.1,39,"SVP (BIC)",1,0.125,0.222222222222222,1,0.00322770239250972
"updown",0.1,40,"PELT",1,0.125,0.222222222222222,1,0.00454491988899798
"updown",0.1,40,"SVP",1,0.125,0.222222222222222,1,0.00454491988899798
"updown",0.1,40,"SVP (BIC)",1,0.125,0.222222222222222,1,0.00454491988899798
"updown",0.1,41,"PELT",1,0.125,0.222222222222222,1,0.00274705156074042
"updown",0.1,41,"SVP",1,0.125,0.222222222222222,1,0.00274705156074042
"updown",0.1,41,"SVP (BIC)",1,0.125,0.222222222222222,1,0.00274705156074042
"updown",0.1,42,"PELT",1,0.125,0.222222222222222,1,0.00288335680751101
"updown",0.1,42,"SVP",1,0.125,0.222222222222222,1,0.00288335680751101
"updown",0.1,42,"SVP (BIC)",1,0.125,0.222222222222222,1,0.00288335680751101
"updown",0.1,43,"PELT",1,0.125,0.222222222222222,1,0.00321961930446619
"updown",0.1,43,"SVP",1,0.125,0.222222222222222,1,0.00321961930446619
"updown",0.1,43,"SVP (BIC)",1,0.125,0.222222222222222,1,0.00321961930446619
"updown",0.1,44,"PELT",1,0.125,0.222222222222222,1,0.00284806572138035
"updown",0.1,44,"SVP",1,0.125,0.222222222222222,1,0.00284806572138035
"updown",0.1,44,"SVP (BIC)",1,0.125,0.222222222222222,1,0.00284806572138035
"updown",0.1,45,"PELT",1,0.125,0.222222222222222,1,0.00289399045859666
"updown",0.1,45,"SVP",1,0.125,0.222222222222222,1,0.00289399045859666
"updown",0.1,45,"SVP (BIC)",1,0.125,0.222222222222222,1,0.00289399045859666
"updown",0.1,46,"PELT",1,0.125,0.222222222222222,1,0.00290182056890596
"updown",0.1,46,"SVP",1,0.125,0.222222222222222,1,0.00290182056890596
"updown",0.1,46,"SVP (BIC)",1,0.125,0.222222222222222,1,0.00290182056890596
"updown",0.1,47,"PELT",1,0.125,0.222222222222222,1,0.00524806927860933
"updown",0.1,47,"SVP",1,0.125,0.222222222222222,1,0.00524806927860933
"updown",0.1,47,"SVP (BIC)",1,0.125,0.222222222222222,1,0.00524806927860933
"updown",0.1,48,"PELT",1,0.125,0.222222222222222,1,0.00251045513368442
"updown",0.1,48,"SVP",1,0.125,0.222222222222222,1,0.00251045513368442
"updown",0.1,48,"SVP (BIC)",1,0.125,0.222222222222222,1,0.00251045513368442
"updown",0.1,49,"PELT",1,0.125,0.222222222222222,1,0.00326503516843284
"updown",0.1,49,"SVP",1,0.125,0.222222222222222,1,0.00326503516843284
"updown",0.1,49,"SVP (BIC)",1,0.125,0.222222222222222,1,0.00326503516843284
"updown",0.1,50,"PELT",1,0.125,0.222222222222222,1,0.00543727687731377
"updown",0.1,50,"SVP",1,0.125,0.222222222222222,1,0.00543727687731377
"updown",0.1,50,"SVP (BIC)",1,0.125,0.222222222222222,1,0.00543727687731377
"updown",0.1,51,"PELT",1,0.125,0.222222222222222,1,0.00589210099401469
"updown",0.1,51,"SVP",1,0.125,0.222222222222222,1,0.00589210099401469
"updown",0.1,51,"SVP (BIC)",1,0.125,0.222222222222222,1,0.00589210099401469
"updown",0.1,52,"PELT",1,0.125,0.222222222222222,1,0.00250688162202309
"updown",0.1,52,"SVP",1,0.125,0.222222222222222,1,0.00250688162202309
"updown",0.1,52,"SVP (BIC)",1,0.125,0.222222222222222,1,0.00250688162202309
"updown",0.1,53,"PELT",1,0.125,0.222222222222222,1,0.00434194843149792
"updown",0.1,53,"SVP",1,0.125,0.222222222222222,1,0.00434194843149792
"updown",0.1,53,"SVP (BIC)",1,0.125,0.222222222222222,1,0.00434194843149792
"updown",0.1,54,"PELT",1,0.125,0.222222222222222,1,0.00298768332309941
"updown",0.1,54,"SVP",1,0.125,0.222222222222222,1,0.00298768332309941
"updown",0.1,54,"SVP (BIC)",1,0.125,0.222222222222222,1,0.00298768332309941
"updown",0.1,55,"PELT",1,0.125,0.222222222222222,1,0.00415306448159907
"updown",0.1,55,"SVP",1,0.125,0.222222222222222,1,0.00415306448159907
"updown",0.1,55,"SVP (BIC)",1,0.125,0.222222222222222,1,0.00415306448159907
"updown",0.1,56,"PELT",1,0.125,0.222222222222222,1,0.00252043147021348
"updown",0.1,56,"SVP",1,0.125,0.222222222222222,1,0.00252043147021348
"updown",0.1,56,"SVP (BIC)",1,0.125,0.222222222222222,1,0.00252043147021348
"updown",0.1,57,"PELT",1,0.125,0.222222222222222,1,0.0032372082253972
"updown",0.1,57,"SVP",1,0.125,0.222222222222222,1,0.0032372082253972
"updown",0.1,57,"SVP (BIC)",1,0.125,0.222222222222222,1,0.0032372082253972
"updown",0.1,58,"PELT",1,0.125,0.222222222222222,1,0.00269226004009457
"updown",0.1,58,"SVP",1,0.125,0.222222222222222,1,0.00269226004009457
"updown",0.1,58,"SVP (BIC)",1,0.125,0.222222222222222,1,0.00269226004009457
"updown",0.1,59,"PELT",1,0.125,0.222222222222222,1,0.00268127941182859
"updown",0.1,59,"SVP",1,0.125,0.222222222222222,1,0.00268127941182859
"updown",0.1,59,"SVP (BIC)",1,0.125,0.222222222222222,1,0.00268127941182859
"updown",0.1,60,"PELT",1,0.125,0.222222222222222,1,0.00326156925110227
"updown",0.1,60,"SVP",1,0.125,0.222222222222222,1,0.00326156925110227
"updown",0.1,60,"SVP (BIC)",1,0.125,0.222222222222222,1,0.00326156925110227
"updown",0.1,61,"PELT",1,0.125,0.222222222222222,1,0.00284525517234181
"updown",0.1,61,"SVP",1,0.125,0.222222222222222,1,0.00284525517234181
"updown",0.1,61,"SVP (BIC)",1,0.125,0.222222222222222,1,0.00284525517234181
"updown",0.1,62,"PELT",1,0.125,0.222222222222222,1,0.00250299910414752
"updown",0.1,62,"SVP",1,0.125,0.222222222222222,1,0.00250299910414752
"updown",0.1,62,"SVP (BIC)",1,0.125,0.222222222222222,1,0.00250299910414752
"updown",0.1,63,"PELT",0.5,0.125,0.2,2,0.015405321104701
"updown",0.1,63,"SVP",1,0.125,0.222222222222222,1,0.00257791490107689
"updown",0.1,63,"SVP (BIC)",1,0.125,0.222222222222222,1,0.00257791490107689
"updown",0.1,64,"PELT",1,0.125,0.222222222222222,1,0.00263656883302277
"updown",0.1,64,"SVP",1,0.125,0.222222222222222,1,0.00263656883302277
"updown",0.1,64,"SVP (BIC)",1,0.125,0.222222222222222,1,0.00263656883302277
"updown",0.1,65,"PELT",1,0.125,0.222222222222222,1,0.00367474898750732
"updown",0.1,65,"SVP",1,0.125,0.222222222222222,1,0.00367474898750732
"updown",0.1,65,"SVP (BIC)",1,0.125,0.222222222222222,1,0.00367474898750732
"updown",0.1,66,"PELT",1,0.125,0.222222222222222,1,0.00428457699859031
"updown",0.1,66,"SVP",1,0.125,0.222222222222222,1,0.00428457699859031
"updown",0.1,66,"SVP (BIC)",1,0.125,0.222222222222222,1,0.00428457699859031
"updown",0.1,67,"PELT",1,0.125,0.222222222222222,1,0.00266119675081369
"updown",0.1,67,"SVP",1,0.125,0.222222222222222,1,0.00266119675081369
"updown",0.1,67,"SVP (BIC)",1,0.125,0.222222222222222,1,0.00266119675081369
"updown",0.1,68,"PELT",1,0.125,0.222222222222222,1,0.00553115033728616
"updown",0.1,68,"SVP",0.5,0.125,0.2,2,0.0128452993789412
"updown",0.1,68,"SVP (BIC)",1,0.125,0.222222222222222,1,0.00553115033728616
"updown",0.1,69,"PELT",1,0.125,0.222222222222222,1,0.00327894710139615
"updown",0.1,69,"SVP",1,0.125,0.222222222222222,1,0.00327894710139615
"updown",0.1,69,"SVP (BIC)",1,0.125,0.222222222222222,1,0.00327894710139615
"updown",0.1,70,"PELT",1,0.125,0.222222222222222,1,0.00447934535891343
"updown",0.1,70,"SVP",1,0.125,0.222222222222222,1,0.00447934535891343
"updown",0.1,70,"SVP (BIC)",1,0.125,0.222222222222222,1,0.00447934535891343
"updown",0.1,71,"PELT",1,0.125,0.222222222222222,1,0.00275326346006038
"updown",0.1,71,"SVP",1,0.125,0.222222222222222,1,0.00275326346006038
"updown",0.1,71,"SVP (BIC)",1,0.125,0.222222222222222,1,0.00275326346006038
"updown",0.1,72,"PELT",1,0.125,0.222222222222222,1,0.0038529033722326
"updown",0.1,72,"SVP",1,0.125,0.222222222222222,1,0.0038529033722326
"updown",0.1,72,"SVP (BIC)",1,0.125,0.222222222222222,1,0.0038529033722326
"updown",0.1,73,"PELT",1,0.125,0.222222222222222,1,0.00401039151737421
"updown",0.1,73,"SVP",1,0.125,0.222222222222222,1,0.00401039151737421
"updown",0.1,73,"SVP (BIC)",1,0.125,0.222222222222222,1,0.00401039151737421
"updown",0.1,74,"PELT",1,0.125,0.222222222222222,1,0.00271208329705168
"updown",0.1,74,"SVP",1,0.125,0.222222222222222,1,0.00271208329705168
"updown",0.1,74,"SVP (BIC)",1,0.125,0.222222222222222,1,0.00271208329705168
"updown",0.1,75,"PELT",1,0.125,0.222222222222222,1,0.00317428283048284
"updown",0.1,75,"SVP",1,0.125,0.222222222222222,1,0.00317428283048284
"updown",0.1,75,"SVP (BIC)",1,0.125,0.222222222222222,1,0.00317428283048284
"updown",0.1,76,"PELT",1,0.125,0.222222222222222,1,0.00358596274931195
"updown",0.1,76,"SVP",0.5,0.125,0.2,2,0.00453883691772222
"updown",0.1,76,"SVP (BIC)",1,0.125,0.222222222222222,1,0.00358596274931195
"updown",0.1,77,"PELT",1,0.125,0.222222222222222,1,0.00346171475264646
"updown",0.1,77,"SVP",1,0.125,0.222222222222222,1,0.00346171475264646
"updown",0.1,77,"SVP (BIC)",1,0.125,0.222222222222222,1,0.00346171475264646
"updown",0.1,78,"PELT",1,0.125,0.222222222222222,1,0.00754938369111075
"updown",0.1,78,"SVP",1,0.125,0.222222222222222,1,0.00754938369111075
"updown",0.1,78,"SVP (BIC)",1,0.125,0.222222222222222,1,0.00754938369111075
"updown",0.1,79,"PELT",1,0.125,0.222222222222222,1,0.00290060603581173
"updown",0.1,79,"SVP",1,0.125,0.222222222222222,1,0.00290060603581173
"updown",0.1,79,"SVP (BIC)",1,0.125,0.222222222222222,1,0.00290060603581173
"updown",0.1,80,"PELT",1,0.125,0.222222222222222,1,0.00420551945092741
"updown",0.1,80,"SVP",1,0.125,0.222222222222222,1,0.00420551945092741
"updown",0.1,80,"SVP (BIC)",1,0.125,0.222222222222222,1,0.00420551945092741
"updown",0.1,81,"PELT",1,0.125,0.222222222222222,1,0.00315863691500046
"updown",0.1,81,"SVP",1,0.125,0.222222222222222,1,0.00315863691500046
"updown",0.1,81,"SVP (BIC)",1,0.125,0.222222222222222,1,0.00315863691500046
"updown",0.1,82,"PELT",1,0.125,0.222222222222222,1,0.00286323707747698
"updown",0.1,82,"SVP",1,0.125,0.222222222222222,1,0.00286323707747698
"updown",0.1,82,"SVP (BIC)",1,0.125,0.222222222222222,1,0.00286323707747698
"updown",0.1,83,"PELT",1,0.125,0.222222222222222,1,0.00337759409876654
"updown",0.1,83,"SVP",1,0.125,0.222222222222222,1,0.00337759409876654
"updown",0.1,83,"SVP (BIC)",1,0.125,0.222222222222222,1,0.00337759409876654
"updown",0.1,84,"PELT",1,0.125,0.222222222222222,1,0.00250232681691318
"updown",0.1,84,"SVP",1,0.125,0.222222222222222,1,0.00250232681691318
"updown",0.1,84,"SVP (BIC)",1,0.125,0.222222222222222,1,0.00250232681691318
"updown",0.1,85,"PELT",1,0.125,0.222222222222222,1,0.00273194817929338
"updown",0.1,85,"SVP",1,0.125,0.222222222222222,1,0.00273194817929338
"updown",0.1,85,"SVP (BIC)",1,0.125,0.222222222222222,1,0.00273194817929338
"updown",0.1,86,"PELT",1,0.125,0.222222222222222,1,0.00255455694800112
"updown",0.1,86,"SVP",1,0.125,0.222222222222222,1,0.00255455694800112
"updown",0.1,86,"SVP (BIC)",1,0.125,0.222222222222222,1,0.00255455694800112
"updown",0.1,87,"PELT",1,0.125,0.222222222222222,1,0.00758814012757143
"updown",0.1,87,"SVP",1,0.125,0.222222222222222,1,0.00758814012757143
"updown",0.1,87,"SVP (BIC)",1,0.125,0.222222222222222,1,0.00758814012757143
"updown",0.1,88,"PELT",1,0.125,0.222222222222222,1,0.00255387698562114
"updown",0.1,88,"SVP",1,0.125,0.222222222222222,1,0.00255387698562114
"updown",0.1,88,"SVP (BIC)",1,0.125,0.222222222222222,1,0.00255387698562114
"updown",0.1,89,"PELT",1,0.125,0.222222222222222,1,0.0031683978969497
"updown",0.1,89,"SVP",1,0.125,0.222222222222222,1,0.0031683978969497
"updown",0.1,89,"SVP (BIC)",1,0.125,0.222222222222222,1,0.0031683978969497
"updown",0.1,90,"PELT",1,0.125,0.222222222222222,1,0.00254295537336674
"updown",0.1,90,"SVP",1,0.125,0.222222222222222,1,0.00254295537336674
"updown",0.1,90,"SVP (BIC)",1,0.125,0.222222222222222,1,0.00254295537336674
"updown",0.1,91,"PELT",1,0.125,0.222222222222222,1,0.00259112595882768
"updown",0.1,91,"SVP",1,0.125,0.222222222222222,1,0.00259112595882768
"updown",0.1,91,"SVP (BIC)",1,0.125,0.222222222222222,1,0.00259112595882768
"updown",0.1,92,"PELT",1,0.125,0.222222222222222,1,0.0025079063699445
"updown",0.1,92,"SVP",1,0.125,0.222222222222222,1,0.0025079063699445
"updown",0.1,92,"SVP (BIC)",1,0.125,0.222222222222222,1,0.0025079063699445
"updown",0.1,93,"PELT",1,0.125,0.222222222222222,1,0.00261542404274728
"updown",0.1,93,"SVP",1,0.125,0.222222222222222,1,0.00261542404274728
"updown",0.1,93,"SVP (BIC)",1,0.125,0.222222222222222,1,0.00261542404274728
"updown",0.1,94,"PELT",1,0.125,0.222222222222222,1,0.00319729119557301
"updown",0.1,94,"SVP",1,0.125,0.222222222222222,1,0.00319729119557301
"updown",0.1,94,"SVP (BIC)",1,0.125,0.222222222222222,1,0.00319729119557301
"updown",0.1,95,"PELT",1,0.125,0.222222222222222,1,0.00250884159416535
"updown",0.1,95,"SVP",1,0.125,0.222222222222222,1,0.00250884159416535
"updown",0.1,95,"SVP (BIC)",1,0.125,0.222222222222222,1,0.00250884159416535
"updown",0.1,96,"PELT",1,0.125,0.222222222222222,1,0.00276744613970214
"updown",0.1,96,"SVP",1,0.125,0.222222222222222,1,0.00276744613970214
"updown",0.1,96,"SVP (BIC)",1,0.125,0.222222222222222,1,0.00276744613970214
"updown",0.1,97,"PELT",1,0.125,0.222222222222222,1,0.00274630767645731
"updown",0.1,97,"SVP",1,0.125,0.222222222222222,1,0.00274630767645731
"updown",0.1,97,"SVP (BIC)",1,0.125,0.222222222222222,1,0.00274630767645731
"updown",0.1,98,"PELT",1,0.125,0.222222222222222,1,0.00440780077162625
"updown",0.1,98,"SVP",0.5,0.125,0.2,2,0.00554219696950315
"updown",0.1,98,"SVP (BIC)",1,0.125,0.222222222222222,1,0.00440780077162625
"updown",0.1,99,"PELT",1,0.125,0.222222222222222,1,0.00939623325964593
"updown",0.1,99,"SVP",1,0.125,0.222222222222222,1,0.00939623325964593
"updown",0.1,99,"SVP (BIC)",1,0.125,0.222222222222222,1,0.00939623325964593
"updown",0.1,100,"PELT",0.5,0.125,0.2,2,0.020918078089437
"updown",0.1,100,"SVP",1,0.125,0.222222222222222,1,0.0025541892791439
"updown",0.1,100,"SVP (BIC)",1,0.125,0.222222222222222,1,0.0025541892791439
"rand1",0.1,1,"PELT",1,0.125,0.222222222222222,1,0.00391853911067724
"rand1",0.1,1,"SVP",1,0.125,0.222222222222222,1,0.00391853911067724
"rand1",0.1,1,"SVP (BIC)",1,0.125,0.222222222222222,1,0.00391853911067724
"rand1",0.1,2,"PELT",1,0.125,0.222222222222222,1,0.00540238769142923
"rand1",0.1,2,"SVP",1,0.125,0.222222222222222,1,0.00540238769142923
"rand1",0.1,2,"SVP (BIC)",1,0.125,0.222222222222222,1,0.00540238769142923
"rand1",0.1,3,"PELT",1,0.125,0.222222222222222,1,0.00397105668444012
"rand1",0.1,3,"SVP",1,0.125,0.222222222222222,1,0.00397105668444012
"rand1",0.1,3,"SVP (BIC)",1,0.125,0.222222222222222,1,0.00397105668444012
"rand1",0.1,4,"PELT",1,0.125,0.222222222222222,1,0.00419072766735591
"rand1",0.1,4,"SVP",1,0.125,0.222222222222222,1,0.00419072766735591
"rand1",0.1,4,"SVP (BIC)",1,0.125,0.222222222222222,1,0.00419072766735591
"rand1",0.1,5,"PELT",1,0.125,0.222222222222222,1,0.00435194572849292
"rand1",0.1,5,"SVP",1,0.125,0.222222222222222,1,0.00435194572849292
"rand1",0.1,5,"SVP (BIC)",1,0.125,0.222222222222222,1,0.00435194572849292
"rand1",0.1,6,"PELT",1,0.125,0.222222222222222,1,0.00499003157489017
"rand1",0.1,6,"SVP",1,0.125,0.222222222222222,1,0.00499003157489017
"rand1",0.1,6,"SVP (BIC)",1,0.125,0.222222222222222,1,0.00499003157489017
"rand1",0.1,7,"PELT",1,0.125,0.222222222222222,1,0.00403107618554976
"rand1",0.1,7,"SVP",1,0.125,0.222222222222222,1,0.00403107618554976
"rand1",0.1,7,"SVP (BIC)",1,0.125,0.222222222222222,1,0.00403107618554976
"rand1",0.1,8,"PELT",1,0.125,0.222222222222222,1,0.00391888348286519
"rand1",0.1,8,"SVP",1,0.125,0.222222222222222,1,0.00391888348286519
"rand1",0.1,8,"SVP (BIC)",1,0.125,0.222222222222222,1,0.00391888348286519
"rand1",0.1,9,"PELT",1,0.125,0.222222222222222,1,0.00392681322731331
"rand1",0.1,9,"SVP",1,0.125,0.222222222222222,1,0.00392681322731331
"rand1",0.1,9,"SVP (BIC)",1,0.125,0.222222222222222,1,0.00392681322731331
"rand1",0.1,10,"PELT",0.5,0.125,0.2,2,0.011460823739858
"rand1",0.1,10,"SVP",1,0.125,0.222222222222222,1,0.00514693657236099
"rand1",0.1,10,"SVP (BIC)",1,0.125,0.222222222222222,1,0.00514693657236099
"rand1",0.1,11,"PELT",1,0.125,0.222222222222222,1,0.00411176595626438
"rand1",0.1,11,"SVP",1,0.125,0.222222222222222,1,0.00411176595626438
"rand1",0.1,11,"SVP (BIC)",1,0.125,0.222222222222222,1,0.00411176595626438
"rand1",0.1,12,"PELT",1,0.125,0.222222222222222,1,0.00635518822647913
"rand1",0.1,12,"SVP",1,0.125,0.222222222222222,1,0.00635518822647913
"rand1",0.1,12,"SVP (BIC)",1,0.125,0.222222222222222,1,0.00635518822647913
"rand1",0.1,13,"PELT",1,0.125,0.222222222222222,1,0.0044817111960052
"rand1",0.1,13,"SVP",1,0.125,0.222222222222222,1,0.0044817111960052
"rand1",0.1,13,"SVP (BIC)",1,0.125,0.222222222222222,1,0.0044817111960052
"rand1",0.1,14,"PELT",1,0.125,0.222222222222222,1,0.00395974692297095
"rand1",0.1,14,"SVP",1,0.125,0.222222222222222,1,0.00395974692297095
"rand1",0.1,14,"SVP (BIC)",1,0.125,0.222222222222222,1,0.00395974692297095
"rand1",0.1,15,"PELT",1,0.125,0.222222222222222,1,0.00392767295978757
"rand1",0.1,15,"SVP",1,0.125,0.222222222222222,1,0.00392767295978757
"rand1",0.1,15,"SVP (BIC)",1,0.125,0.222222222222222,1,0.00392767295978757
"rand1",0.1,16,"PELT",1,0.125,0.222222222222222,1,0.00451967297205963
"rand1",0.1,16,"SVP",1,0.125,0.222222222222222,1,0.00451967297205963
"rand1",0.1,16,"SVP (BIC)",1,0.125,0.222222222222222,1,0.00451967297205963
"rand1",0.1,17,"PELT",1,0.125,0.222222222222222,1,0.00392597627430365
"rand1",0.1,17,"SVP",1,0.125,0.222222222222222,1,0.00392597627430365
"rand1",0.1,17,"SVP (BIC)",1,0.125,0.222222222222222,1,0.00392597627430365
"rand1",0.1,18,"PELT",1,0.125,0.222222222222222,1,0.0039211277730504
"rand1",0.1,18,"SVP",1,0.125,0.222222222222222,1,0.0039211277730504
"rand1",0.1,18,"SVP (BIC)",1,0.125,0.222222222222222,1,0.0039211277730504
"rand1",0.1,19,"PELT",1,0.125,0.222222222222222,1,0.0044187777219469
"rand1",0.1,19,"SVP",1,0.125,0.222222222222222,1,0.0044187777219469
"rand1",0.1,19,"SVP (BIC)",1,0.125,0.222222222222222,1,0.0044187777219469
"rand1",0.1,20,"PELT",1,0.125,0.222222222222222,1,0.00404502966971307
"rand1",0.1,20,"SVP",1,0.125,0.222222222222222,1,0.00404502966971307
"rand1",0.1,20,"SVP (BIC)",1,0.125,0.222222222222222,1,0.00404502966971307
"rand1",0.1,21,"PELT",1,0.125,0.222222222222222,1,0.00423562717387526
"rand1",0.1,21,"SVP",1,0.125,0.222222222222222,1,0.00423562717387526
"rand1",0.1,21,"SVP (BIC)",1,0.125,0.222222222222222,1,0.00423562717387526
"rand1",0.1,22,"PELT",0.5,0.125,0.2,2,0.00987140150996698
"rand1",0.1,22,"SVP",1,0.125,0.222222222222222,1,0.00392288387992851
"rand1",0.1,22,"SVP (BIC)",1,0.125,0.222222222222222,1,0.00392288387992851
"rand1",0.1,23,"PELT",1,0.125,0.222222222222222,1,0.00406079764596646
"rand1",0.1,23,"SVP",1,0.125,0.222222222222222,1,0.00406079764596646
"rand1",0.1,23,"SVP (BIC)",1,0.125,0.222222222222222,1,0.00406079764596646
"rand1",0.1,24,"PELT",1,0.125,0.222222222222222,1,0.00397203730646912
"rand1",0.1,24,"SVP",1,0.125,0.222222222222222,1,0.00397203730646912
"rand1",0.1,24,"SVP (BIC)",1,0.125,0.222222222222222,1,0.00397203730646912
"rand1",0.1,25,"PELT",1,0.125,0.222222222222222,1,0.00470399027252439
"rand1",0.1,25,"SVP",1,0.125,0.222222222222222,1,0.00470399027252439
"rand1",0.1,25,"SVP (BIC)",1,0.125,0.222222222222222,1,0.00470399027252439
"rand1",0.1,26,"PELT",1,0.125,0.222222222222222,1,0.00392773692386918
"rand1",0.1,26,"SVP",0.5,0.125,0.2,2,0.00423341582816032
"rand1",0.1,26,"SVP (BIC)",1,0.125,0.222222222222222,1,0.00392773692386918
"rand1",0.1,27,"PELT",1,0.125,0.222222222222222,1,0.00452934223053567
"rand1",0.1,27,"SVP",1,0.125,0.222222222222222,1,0.00452934223053567
"rand1",0.1,27,"SVP (BIC)",1,0.125,0.222222222222222,1,0.00452934223053567
"rand1",0.1,28,"PELT",1,0.125,0.222222222222222,1,0.00501532037001959
"rand1",0.1,28,"SVP",1,0.125,0.222222222222222,1,0.00501532037001959
"rand1",0.1,28,"SVP (BIC)",1,0.125,0.222222222222222,1,0.00501532037001959
"rand1",0.1,29,"PELT",1,0.125,0.222222222222222,1,0.00442313514785062
"rand1",0.1,29,"SVP",1,0.125,0.222222222222222,1,0.00442313514785062
"rand1",0.1,29,"SVP (BIC)",1,0.125,0.222222222222222,1,0.00442313514785062
"rand1",0.1,30,"PELT",1,0.125,0.222222222222222,1,0.00428092252459708
"rand1",0.1,30,"SVP",1,0.125,0.222222222222222,1,0.00428092252459708
"rand1",0.1,30,"SVP (BIC)",1,0.125,0.222222222222222,1,0.00428092252459708
"rand1",0.1,31,"PELT",1,0.125,0.222222222222222,1,0.00449696227568567
"rand1",0.1,31,"SVP",1,0.125,0.222222222222222,1,0.00449696227568567
"rand1",0.1,31,"SVP (BIC)",1,0.125,0.222222222222222,1,0.00449696227568567
"rand1",0.1,32,"PELT",1,0.125,0.222222222222222,1,0.00403719897172825
"rand1",0.1,32,"SVP",1,0.125,0.222222222222222,1,0.00403719897172825
"rand1",0.1,32,"SVP (BIC)",1,0.125,0.222222222222222,1,0.00403719897172825
"rand1",0.1,33,"PELT",1,0.125,0.222222222222222,1,0.00438468693561812
"rand1",0.1,33,"SVP",1,0.125,0.222222222222222,1,0.00438468693561812
"rand1",0.1,33,"SVP (BIC)",1,0.125,0.222222222222222,1,0.00438468693561812
"rand1",0.1,34,"PELT",1,0.125,0.222222222222222,1,0.00392389885671979
"rand1",0.1,34,"SVP",1,0.125,0.222222222222222,1,0.00392389885671979
"rand1",0.1,34,"SVP (BIC)",1,0.125,0.222222222222222,1,0.00392389885671979
"rand1",0.1,35,"PELT",1,0.125,0.222222222222222,1,0.0061191769945298
"rand1",0.1,35,"SVP",1,0.125,0.222222222222222,1,0.0061191769945298
"rand1",0.1,35,"SVP (BIC)",1,0.125,0.222222222222222,1,0.0061191769945298
"rand1",0.1,36,"PELT",1,0.125,0.222222222222222,1,0.00518709983133617
"rand1",0.1,36,"SVP",1,0.125,0.222222222222222,1,0.00518709983133617
"rand1",0.1,36,"SVP (BIC)",1,0.125,0.222222222222222,1,0.00518709983133617
"rand1",0.1,37,"PELT",1,0.125,0.222222222222222,1,0.00430831808495854
"rand1",0.1,37,"SVP",1,0.125,0.222222222222222,1,0.00430831808495854
"rand1",0.1,37,"SVP (BIC)",1,0.125,0.222222222222222,1,0.00430831808495854
"rand1",0.1,38,"PELT",1,0.125,0.222222222222222,1,0.00405840233963515
"rand1",0.1,38,"SVP",1,0.125,0.222222222222222,1,0.00405840233963515
"rand1",0.1,38,"SVP (BIC)",1,0.125,0.222222222222222,1,0.00405840233963515
"rand1",0.1,39,"PELT",1,0.125,0.222222222222222,1,0.00391853428360617
"rand1",0.1,39,"SVP",1,0.125,0.222222222222222,1,0.00391853428360617
"rand1",0.1,39,"SVP (BIC)",1,0.125,0.222222222222222,1,0.00391853428360617
"rand1",0.1,40,"PELT",1,0.125,0.222222222222222,1,0.00439940783699424
"rand1",0.1,40,"SVP",1,0.125,0.222222222222222,1,0.00439940783699424
"rand1",0.1,40,"SVP (BIC)",1,0.125,0.222222222222222,1,0.00439940783699424
"rand1",0.1,41,"PELT",1,0.125,0.222222222222222,1,0.00415766813440633
"rand1",0.1,41,"SVP",1,0.125,0.222222222222222,1,0.00415766813440633
"rand1",0.1,41,"SVP (BIC)",1,0.125,0.222222222222222,1,0.00415766813440633
"rand1",0.1,42,"PELT",1,0.125,0.222222222222222,1,0.00399586100572327
"rand1",0.1,42,"SVP",1,0.125,0.222222222222222,1,0.00399586100572327
"rand1",0.1,42,"SVP (BIC)",1,0.125,0.222222222222222,1,0.00399586100572327
"rand1",0.1,43,"PELT",1,0.125,0.222222222222222,1,0.00422198712250832
"rand1",0.1,43,"SVP",1,0.125,0.222222222222222,1,0.00422198712250832
"rand1",0.1,43,"SVP (BIC)",1,0.125,0.222222222222222,1,0.00422198712250832
"rand1",0.1,44,"PELT",1,0.125,0.222222222222222,1,0.00398272753646892
"rand1",0.1,44,"SVP",1,0.125,0.222222222222222,1,0.00398272753646892
"rand1",0.1,44,"SVP (BIC)",1,0.125,0.222222222222222,1,0.00398272753646892
"rand1",0.1,45,"PELT",1,0.125,0.222222222222222,1,0.00412672994410936
"rand1",0.1,45,"SVP",1,0.125,0.222222222222222,1,0.00412672994410936
"rand1",0.1,45,"SVP (BIC)",1,0.125,0.222222222222222,1,0.00412672994410936
"rand1",0.1,46,"PELT",1,0.125,0.222222222222222,1,0.00438722756179478
"rand1",0.1,46,"SVP",1,0.125,0.222222222222222,1,0.00438722756179478
"rand1",0.1,46,"SVP (BIC)",1,0.125,0.222222222222222,1,0.00438722756179478
"rand1",0.1,47,"PELT",1,0.125,0.222222222222222,1,0.00399729460564416
"rand1",0.1,47,"SVP",1,0.125,0.222222222222222,1,0.00399729460564416
"rand1",0.1,47,"SVP (BIC)",1,0.125,0.222222222222222,1,0.00399729460564416
"rand1",0.1,48,"PELT",1,0.125,0.222222222222222,1,0.00397051689325447
"rand1",0.1,48,"SVP",1,0.125,0.222222222222222,1,0.00397051689325447
"rand1",0.1,48,"SVP (BIC)",1,0.125,0.222222222222222,1,0.00397051689325447
"rand1",0.1,49,"PELT",1,0.125,0.222222222222222,1,0.00566443250003779
"rand1",0.1,49,"SVP",1,0.125,0.222222222222222,1,0.00566443250003779
"rand1",0.1,49,"SVP (BIC)",1,0.125,0.222222222222222,1,0.00566443250003779
"rand1",0.1,50,"PELT",1,0.125,0.222222222222222,1,0.00395362496616774
"rand1",0.1,50,"SVP",1,0.125,0.222222222222222,1,0.00395362496616774
"rand1",0.1,50,"SVP (BIC)",1,0.125,0.222222222222222,1,0.00395362496616774
"rand1",0.1,51,"PELT",1,0.125,0.222222222222222,1,0.00545095757177913
"rand1",0.1,51,"SVP",1,0.125,0.222222222222222,1,0.00545095757177913
"rand1",0.1,51,"SVP (BIC)",1,0.125,0.222222222222222,1,0.00545095757177913
"rand1",0.1,52,"PELT",1,0.125,0.222222222222222,1,0.00466520402544095
"rand1",0.1,52,"SVP",1,0.125,0.222222222222222,1,0.00466520402544095
"rand1",0.1,52,"SVP (BIC)",1,0.125,0.222222222222222,1,0.00466520402544095
"rand1",0.1,53,"PELT",1,0.125,0.222222222222222,1,0.00461763623994774
"rand1",0.1,53,"SVP",1,0.125,0.222222222222222,1,0.00461763623994774
"rand1",0.1,53,"SVP (BIC)",1,0.125,0.222222222222222,1,0.00461763623994774
"rand1",0.1,54,"PELT",1,0.125,0.222222222222222,1,0.00392573171182214
"rand1",0.1,54,"SVP",1,0.125,0.222222222222222,1,0.00392573171182214
"rand1",0.1,54,"SVP (BIC)",1,0.125,0.222222222222222,1,0.00392573171182214
"rand1",0.1,55,"PELT",1,0.125,0.222222222222222,1,0.00432509353644326
"rand1",0.1,55,"SVP",1,0.125,0.222222222222222,1,0.00432509353644326
"rand1",0.1,55,"SVP (BIC)",1,0.125,0.222222222222222,1,0.00432509353644326
"rand1",0.1,56,"PELT",1,0.125,0.222222222222222,1,0.00680382980277518
"rand1",0.1,56,"SVP",1,0.125,0.222222222222222,1,0.00680382980277518
"rand1",0.1,56,"SVP (BIC)",1,0.125,0.222222222222222,1,0.00680382980277518
"rand1",0.1,57,"PELT",1,0.125,0.222222222222222,1,0.00391879960350837
"rand1",0.1,57,"SVP",1,0.125,0.222222222222222,1,0.00391879960350837
"rand1",0.1,57,"SVP (BIC)",1,0.125,0.222222222222222,1,0.00391879960350837
"rand1",0.1,58,"PELT",1,0.125,0.222222222222222,1,0.00517151274700111
"rand1",0.1,58,"SVP",1,0.125,0.222222222222222,1,0.00517151274700111
"rand1",0.1,58,"SVP (BIC)",1,0.125,0.222222222222222,1,0.00517151274700111
"rand1",0.1,59,"PELT",1,0.125,0.222222222222222,1,0.00455859182451749
"rand1",0.1,59,"SVP",1,0.125,0.222222222222222,1,0.00455859182451749
"rand1",0.1,59,"SVP (BIC)",1,0.125,0.222222222222222,1,0.00455859182451749
"rand1",0.1,60,"PELT",1,0.125,0.222222222222222,1,0.00936389440834176
"rand1",0.1,60,"SVP",1,0.125,0.222222222222222,1,0.00936389440834176
"rand1",0.1,60,"SVP (BIC)",1,0.125,0.222222222222222,1,0.00936389440834176
"rand1",0.1,61,"PELT",1,0.125,0.222222222222222,1,0.00484581380865846
"rand1",0.1,61,"SVP",1,0.125,0.222222222222222,1,0.00484581380865846
"rand1",0.1,61,"SVP (BIC)",1,0.125,0.222222222222222,1,0.00484581380865846
"rand1",0.1,62,"PELT",1,0.125,0.222222222222222,1,0.0103273783831645
"rand1",0.1,62,"SVP",1,0.125,0.222222222222222,1,0.0103273783831645
"rand1",0.1,62,"SVP (BIC)",1,0.125,0.222222222222222,1,0.0103273783831645
"rand1",0.1,63,"PELT",1,0.125,0.222222222222222,1,0.00416810197256956
"rand1",0.1,63,"SVP",1,0.125,0.222222222222222,1,0.00416810197256956
"rand1",0.1,63,"SVP (BIC)",1,0.125,0.222222222222222,1,0.00416810197256956
"rand1",0.1,64,"PELT",1,0.125,0.222222222222222,1,0.00394321558445012
"rand1",0.1,64,"SVP",1,0.125,0.222222222222222,1,0.00394321558445012
"rand1",0.1,64,"SVP (BIC)",1,0.125,0.222222222222222,1,0.00394321558445012
"rand1",0.1,65,"PELT",1,0.125,0.222222222222222,1,0.00393024775989706
"rand1",0.1,65,"SVP",1,0.125,0.222222222222222,1,0.00393024775989706
"rand1",0.1,65,"SVP (BIC)",1,0.125,0.222222222222222,1,0.00393024775989706
"rand1",0.1,66,"PELT",1,0.125,0.222222222222222,1,0.00425004576925129
"rand1",0.1,66,"SVP",1,0.125,0.222222222222222,1,0.00425004576925129
"rand1",0.1,66,"SVP (BIC)",1,0.125,0.222222222222222,1,0.00425004576925129
"rand1",0.1,67,"PELT",1,0.125,0.222222222222222,1,0.00469812571903404
"rand1",0.1,67,"SVP",0.5,0.125,0.2,2,0.00949825130686886
"rand1",0.1,67,"SVP (BIC)",1,0.125,0.222222222222222,1,0.00469812571903404
"rand1",0.1,68,"PELT",1,0.125,0.222222222222222,1,0.00612290018283294
"rand1",0.1,68,"SVP",1,0.125,0.222222222222222,1,0.00612290018283294
"rand1",0.1,68,"SVP (BIC)",1,0.125,0.222222222222222,1,0.00612290018283294
"rand1",0.1,69,"PELT",1,0.125,0.222222222222222,1,0.00431856258100028
"rand1",0.1,69,"SVP",1,0.125,0.222222222222222,1,0.00431856258100028
"rand1",0.1,69,"SVP (BIC)",1,0.125,0.222222222222222,1,0.00431856258100028
"rand1",0.1,70,"PELT",0.333333333333333,0.125,0.181818181818182,3,0.0275324383103005
"rand1",0.1,70,"SVP",0.5,0.125,0.2,2,0.0127277771004434
"rand1",0.1,70,"SVP (BIC)",1,0.125,0.222222222222222,1,0.00448258056119929
"rand1",0.1,71,"PELT",1,0.125,0.222222222222222,1,0.00398044167503181
"rand1",0.1,71,"SVP",1,0.125,0.222222222222222,1,0.00398044167503181
"rand1",0.1,71,"SVP (BIC)",1,0.125,0.222222222222222,1,0.00398044167503181
"rand1",0.1,72,"PELT",1,0.125,0.222222222222222,1,0.00393113129654781
"rand1",0.1,72,"SVP",1,0.125,0.222222222222222,1,0.00393113129654781
"rand1",0.1,72,"SVP (BIC)",1,0.125,0.222222222222222,1,0.00393113129654781
"rand1",0.1,73,"PELT",1,0.125,0.222222222222222,1,0.00401258464497673
"rand1",0.1,73,"SVP",1,0.125,0.222222222222222,1,0.00401258464497673
"rand1",0.1,73,"SVP (BIC)",1,0.125,0.222222222222222,1,0.00401258464497673
"rand1",0.1,74,"PELT",1,0.125,0.222222222222222,1,0.0132636712712432
"rand1",0.1,74,"SVP",1,0.125,0.222222222222222,1,0.0132636712712432
"rand1",0.1,74,"SVP (BIC)",1,0.125,0.222222222222222,1,0.0132636712712432
"rand1",0.1,75,"PELT",1,0.125,0.222222222222222,1,0.00421857960424453
"rand1",0.1,75,"SVP",0.5,0.125,0.2,2,0.00946989239603127
"rand1",0.1,75,"SVP (BIC)",1,0.125,0.222222222222222,1,0.00421857960424453
"rand1",0.1,76,"PELT",1,0.125,0.222222222222222,1,0.00396542155409112
"rand1",0.1,76,"SVP",1,0.125,0.222222222222222,1,0.00396542155409112
"rand1",0.1,76,"SVP (BIC)",1,0.125,0.222222222222222,1,0.00396542155409112
"rand1",0.1,77,"PELT",1,0.125,0.222222222222222,1,0.00391815180554798
"rand1",0.1,77,"SVP",1,0.125,0.222222222222222,1,0.00391815180554798
"rand1",0.1,77,"SVP (BIC)",1,0.125,0.222222222222222,1,0.00391815180554798
"rand1",0.1,78,"PELT",1,0.125,0.222222222222222,1,0.00397466196667501
"rand1",0.1,78,"SVP",1,0.125,0.222222222222222,1,0.00397466196667501
"rand1",0.1,78,"SVP (BIC)",1,0.125,0.222222222222222,1,0.00397466196667501
"rand1",0.1,79,"PELT",1,0.125,0.222222222222222,1,0.00444469227810923
"rand1",0.1,79,"SVP",1,0.125,0.222222222222222,1,0.00444469227810923
"rand1",0.1,79,"SVP (BIC)",1,0.125,0.222222222222222,1,0.00444469227810923
"rand1",0.1,80,"PELT",1,0.125,0.222222222222222,1,0.00397638007378439
"rand1",0.1,80,"SVP",1,0.125,0.222222222222222,1,0.00397638007378439
"rand1",0.1,80,"SVP (BIC)",1,0.125,0.222222222222222,1,0.00397638007378439
"rand1",0.1,81,"PELT",1,0.125,0.222222222222222,1,0.00400620878197473
"rand1",0.1,81,"SVP",1,0.125,0.222222222222222,1,0.00400620878197473
"rand1",0.1,81,"SVP (BIC)",1,0.125,0.222222222222222,1,0.00400620878197473
"rand1",0.1,82,"PELT",1,0.125,0.222222222222222,1,0.00470098109982453
"rand1",0.1,82,"SVP",1,0.125,0.222222222222222,1,0.00470098109982453
"rand1",0.1,82,"SVP (BIC)",1,0.125,0.222222222222222,1,0.00470098109982453
"rand1",0.1,83,"PELT",1,0.125,0.222222222222222,1,0.00429507053046101
"rand1",0.1,83,"SVP",1,0.125,0.222222222222222,1,0.00429507053046101
"rand1",0.1,83,"SVP (BIC)",1,0.125,0.222222222222222,1,0.00429507053046101
"rand1",0.1,84,"PELT",1,0.125,0.222222222222222,1,0.00528288914863379
"rand1",0.1,84,"SVP",1,0.125,0.222222222222222,1,0.00528288914863379
"rand1",0.1,84,"SVP (BIC)",1,0.125,0.222222222222222,1,0.00528288914863379
"rand1",0.1,85,"PELT",1,0.125,0.222222222222222,1,0.00392586355050819
"rand1",0.1,85,"SVP",1,0.125,0.222222222222222,1,0.00392586355050819
"rand1",0.1,85,"SVP (BIC)",1,0.125,0.222222222222222,1,0.00392586355050819
"rand1",0.1,86,"PELT",1,0.125,0.222222222222222,1,0.00408191699565662
"rand1",0.1,86,"SVP",1,0.125,0.222222222222222,1,0.00408191699565662
"rand1",0.1,86,"SVP (BIC)",1,0.125,0.222222222222222,1,0.00408191699565662
"rand1",0.1,87,"PELT",1,0.125,0.222222222222222,1,0.00411386796932972
"rand1",0.1,87,"SVP",1,0.125,0.222222222222222,1,0.00411386796932972
"rand1",0.1,87,"SVP (BIC)",1,0.125,0.222222222222222,1,0.00411386796932972
"rand1",0.1,88,"PELT",0.5,0.125,0.2,2,0.0193981220479736
"rand1",0.1,88,"SVP",1,0.125,0.222222222222222,1,0.00942363401277247
"rand1",0.1,88,"SVP (BIC)",1,0.125,0.222222222222222,1,0.00942363401277247
"rand1",0.1,89,"PELT",1,0.125,0.222222222222222,1,0.00528484286537084
"rand1",0.1,89,"SVP",0.5,0.125,0.2,2,0.00700322332261154
"rand1",0.1,89,"SVP (BIC)",1,0.125,0.222222222222222,1,0.00528484286537084
"rand1",0.1,90,"PELT",1,0.125,0.222222222222222,1,0.00410128723009257
"rand1",0.1,90,"SVP",1,0.125,0.222222222222222,1,0.00410128723009257
"rand1",0.1,90,"SVP (BIC)",1,0.125,0.222222222222222,1,0.00410128723009257
"rand1",0.1,91,"PELT",1,0.125,0.222222222222222,1,0.00662115288642236
"rand1",0.1,91,"SVP",1,0.125,0.222222222222222,1,0.00662115288642236
"rand1",0.1,91,"SVP (BIC)",1,0.125,0.222222222222222,1,0.00662115288642236
"rand1",0.1,92,"PELT",0.5,0.125,0.2,2,0.0100773599217481
"rand1",0.1,92,"SVP",1,0.125,0.222222222222222,1,0.00394288616093245
"rand1",0.1,92,"SVP (BIC)",1,0.125,0.222222222222222,1,0.00394288616093245
"rand1",0.1,93,"PELT",1,0.125,0.222222222222222,1,0.00493983274893341
"rand1",0.1,93,"SVP",0.5,0.125,0.2,2,0.0078708485597656
"rand1",0.1,93,"SVP (BIC)",1,0.125,0.222222222222222,1,0.00493983274893341
"rand1",0.1,94,"PELT",1,0.125,0.222222222222222,1,0.00422562482060211
"rand1",0.1,94,"SVP",1,0.125,0.222222222222222,1,0.00422562482060211
"rand1",0.1,94,"SVP (BIC)",1,0.125,0.222222222222222,1,0.00422562482060211
"rand1",0.1,95,"PELT",1,0.125,0.222222222222222,1,0.00407651192861657
"rand1",0.1,95,"SVP",1,0.125,0.222222222222222,1,0.00407651192861657
"rand1",0.1,95,"SVP (BIC)",1,0.125,0.222222222222222,1,0.00407651192861657
"rand1",0.1,96,"PELT",0.333333333333333,0.125,0.181818181818182,3,0.029121617917781
"rand1",0.1,96,"SVP",0.5,0.125,0.2,2,0.0132340934887586
"rand1",0.1,96,"SVP (BIC)",1,0.125,0.222222222222222,1,0.00394229399905924
"rand1",0.1,97,"PELT",1,0.125,0.222222222222222,1,0.00412025955514353
"rand1",0.1,97,"SVP",1,0.125,0.222222222222222,1,0.00412025955514353
"rand1",0.1,97,"SVP (BIC)",1,0.125,0.222222222222222,1,0.00412025955514353
"rand1",0.1,98,"PELT",1,0.125,0.222222222222222,1,0.00556546508491992
"rand1",0.1,98,"SVP",1,0.125,0.222222222222222,1,0.00556546508491992
"rand1",0.1,98,"SVP (BIC)",1,0.125,0.222222222222222,1,0.00556546508491992
"rand1",0.1,99,"PELT",1,0.125,0.222222222222222,1,0.00470967638530163
"rand1",0.1,99,"SVP",1,0.125,0.222222222222222,1,0.00470967638530163
"rand1",0.1,99,"SVP (BIC)",1,0.125,0.222222222222222,1,0.00470967638530163
"rand1",0.1,100,"PELT",1,0.125,0.222222222222222,1,0.00420764072909412
"rand1",0.1,100,"SVP",1,0.125,0.222222222222222,1,0.00420764072909412
"rand1",0.1,100,"SVP (BIC)",1,0.125,0.222222222222222,1,0.00420764072909412
"none",0.2,1,"PELT",1,1,1,1,8.97132064978896e-07
"none",0.2,1,"SVP",1,1,1,1,8.97132064978896e-07
"none",0.2,1,"SVP (BIC)",1,1,1,1,8.97132064978896e-07
"none",0.2,2,"PELT",1,1,1,1,0.000323371610028675
"none",0.2,2,"SVP",1,1,1,1,0.000323371610028675
"none",0.2,2,"SVP (BIC)",1,1,1,1,0.000323371610028675
"none",0.2,3,"PELT",1,1,1,1,2.1664846651701e-07
"none",0.2,3,"SVP",1,1,1,1,2.1664846651701e-07
"none",0.2,3,"SVP (BIC)",1,1,1,1,2.1664846651701e-07
"none",0.2,4,"PELT",1,1,1,1,2.7596339361003e-05
"none",0.2,4,"SVP",0.5,1,0.666666666666667,2,0.00384107768874367
"none",0.2,4,"SVP (BIC)",1,1,1,1,2.7596339361003e-05
"none",0.2,5,"PELT",1,1,1,1,0.000580324539516699
"none",0.2,5,"SVP",1,1,1,1,0.000580324539516699
"none",0.2,5,"SVP (BIC)",1,1,1,1,0.000580324539516699
"none",0.2,6,"PELT",1,1,1,1,0.000499854004347956
"none",0.2,6,"SVP",1,1,1,1,0.000499854004347956
"none",0.2,6,"SVP (BIC)",1,1,1,1,0.000499854004347956
"none",0.2,7,"PELT",1,1,1,1,3.47863453931734e-06
"none",0.2,7,"SVP",1,1,1,1,3.47863453931734e-06
"none",0.2,7,"SVP (BIC)",1,1,1,1,3.47863453931734e-06
"none",0.2,8,"PELT",1,1,1,1,0.00949982814934523
"none",0.2,8,"SVP",1,1,1,1,0.00949982814934523
"none",0.2,8,"SVP (BIC)",1,1,1,1,0.00949982814934523
"none",0.2,9,"PELT",1,1,1,1,0.000671584091347013
"none",0.2,9,"SVP",1,1,1,1,0.000671584091347013
"none",0.2,9,"SVP (BIC)",1,1,1,1,0.000671584091347013
"none",0.2,10,"PELT",1,1,1,1,1.09929910973998e-06
"none",0.2,10,"SVP",1,1,1,1,1.09929910973998e-06
"none",0.2,10,"SVP (BIC)",1,1,1,1,1.09929910973998e-06
"none",0.2,11,"PELT",1,1,1,1,0.00237942068066588
"none",0.2,11,"SVP",1,1,1,1,0.00237942068066588
"none",0.2,11,"SVP (BIC)",1,1,1,1,0.00237942068066588
"none",0.2,12,"PELT",1,1,1,1,0.000672057638499175
"none",0.2,12,"SVP",1,1,1,1,0.000672057638499175
"none",0.2,12,"SVP (BIC)",1,1,1,1,0.000672057638499175
"none",0.2,13,"PELT",1,1,1,1,0.000617882604477272
"none",0.2,13,"SVP",1,1,1,1,0.000617882604477272
"none",0.2,13,"SVP (BIC)",1,1,1,1,0.000617882604477272
"none",0.2,14,"PELT",1,1,1,1,0.000542028788152844
"none",0.2,14,"SVP",1,1,1,1,0.000542028788152844
"none",0.2,14,"SVP (BIC)",1,1,1,1,0.000542028788152844
"none",0.2,15,"PELT",1,1,1,1,0.00146862021999
"none",0.2,15,"SVP",1,1,1,1,0.00146862021999
"none",0.2,15,"SVP (BIC)",1,1,1,1,0.00146862021999
"none",0.2,16,"PELT",1,1,1,1,0.000446515291362876
"none",0.2,16,"SVP",1,1,1,1,0.000446515291362876
"none",0.2,16,"SVP (BIC)",1,1,1,1,0.000446515291362876
"none",0.2,17,"PELT",1,1,1,1,0.00110196110703688
"none",0.2,17,"SVP",1,1,1,1,0.00110196110703688
"none",0.2,17,"SVP (BIC)",1,1,1,1,0.00110196110703688
"none",0.2,18,"PELT",1,1,1,1,2.52411076465027e-06
"none",0.2,18,"SVP",1,1,1,1,2.52411076465027e-06
"none",0.2,18,"SVP (BIC)",1,1,1,1,2.52411076465027e-06
"none",0.2,19,"PELT",1,1,1,1,3.44325101648689e-05
"none",0.2,19,"SVP",1,1,1,1,3.44325101648689e-05
"none",0.2,19,"SVP (BIC)",1,1,1,1,3.44325101648689e-05
"none",0.2,20,"PELT",1,1,1,1,0.00201294029907525
"none",0.2,20,"SVP",1,1,1,1,0.00201294029907525
"none",0.2,20,"SVP (BIC)",1,1,1,1,0.00201294029907525
"none",0.2,21,"PELT",1,1,1,1,0.000323782765762063
"none",0.2,21,"SVP",1,1,1,1,0.000323782765762063
"none",0.2,21,"SVP (BIC)",1,1,1,1,0.000323782765762063
"none",0.2,22,"PELT",1,1,1,1,0.000974958989486734
"none",0.2,22,"SVP",1,1,1,1,0.000974958989486734
"none",0.2,22,"SVP (BIC)",1,1,1,1,0.000974958989486734
"none",0.2,23,"PELT",1,1,1,1,8.1071206955019e-07
"none",0.2,23,"SVP",1,1,1,1,8.1071206955019e-07
"none",0.2,23,"SVP (BIC)",1,1,1,1,8.1071206955019e-07
"none",0.2,24,"PELT",1,1,1,1,0.000464220668562922
"none",0.2,24,"SVP",1,1,1,1,0.000464220668562922
"none",0.2,24,"SVP (BIC)",1,1,1,1,0.000464220668562922
"none",0.2,25,"PELT",1,1,1,1,0.000692689989283383
"none",0.2,25,"SVP",1,1,1,1,0.000692689989283383
"none",0.2,25,"SVP (BIC)",1,1,1,1,0.000692689989283383
"none",0.2,26,"PELT",1,1,1,1,0.000388919256642068
"none",0.2,26,"SVP",1,1,1,1,0.000388919256642068
"none",0.2,26,"SVP (BIC)",1,1,1,1,0.000388919256642068
"none",0.2,27,"PELT",1,1,1,1,0.000515832441182205
"none",0.2,27,"SVP",1,1,1,1,0.000515832441182205
"none",0.2,27,"SVP (BIC)",1,1,1,1,0.000515832441182205
"none",0.2,28,"PELT",1,1,1,1,9.2959744325992e-05
"none",0.2,28,"SVP",1,1,1,1,9.2959744325992e-05
"none",0.2,28,"SVP (BIC)",1,1,1,1,9.2959744325992e-05
"none",0.2,29,"PELT",0.5,1,0.666666666666667,2,0.0155167606704471
"none",0.2,29,"SVP",1,1,1,1,0.000755256364549926
"none",0.2,29,"SVP (BIC)",1,1,1,1,0.000755256364549926
"none",0.2,30,"PELT",1,1,1,1,0.00148758803775875
"none",0.2,30,"SVP",1,1,1,1,0.00148758803775875
"none",0.2,30,"SVP (BIC)",1,1,1,1,0.00148758803775875
"none",0.2,31,"PELT",1,1,1,1,0.000863734156391527
"none",0.2,31,"SVP",1,1,1,1,0.000863734156391527
"none",0.2,31,"SVP (BIC)",1,1,1,1,0.000863734156391527
"none",0.2,32,"PELT",1,1,1,1,0.000347980223066081
"none",0.2,32,"SVP",1,1,1,1,0.000347980223066081
"none",0.2,32,"SVP (BIC)",1,1,1,1,0.000347980223066081
"none",0.2,33,"PELT",1,1,1,1,0.000760698210535291
"none",0.2,33,"SVP",1,1,1,1,0.000760698210535291
"none",0.2,33,"SVP (BIC)",1,1,1,1,0.000760698210535291
"none",0.2,34,"PELT",1,1,1,1,0.000458223268952822
"none",0.2,34,"SVP",1,1,1,1,0.000458223268952822
"none",0.2,34,"SVP (BIC)",1,1,1,1,0.000458223268952822
"none",0.2,35,"PELT",1,1,1,1,0.003118784857213
"none",0.2,35,"SVP",1,1,1,1,0.003118784857213
"none",0.2,35,"SVP (BIC)",1,1,1,1,0.003118784857213
"none",0.2,36,"PELT",1,1,1,1,0.00042970469122149
"none",0.2,36,"SVP",1,1,1,1,0.00042970469122149
"none",0.2,36,"SVP (BIC)",1,1,1,1,0.00042970469122149
"none",0.2,37,"PELT",1,1,1,1,4.70910637179435e-05
"none",0.2,37,"SVP",1,1,1,1,4.70910637179435e-05
"none",0.2,37,"SVP (BIC)",1,1,1,1,4.70910637179435e-05
"none",0.2,38,"PELT",1,1,1,1,8.41531823417799e-05
"none",0.2,38,"SVP",0.5,1,0.666666666666667,2,0.00380888617547979
"none",0.2,38,"SVP (BIC)",1,1,1,1,8.41531823417799e-05
"none",0.2,39,"PELT",1,1,1,1,0.000470808953769543
"none",0.2,39,"SVP",1,1,1,1,0.000470808953769543
"none",0.2,39,"SVP (BIC)",1,1,1,1,0.000470808953769543
"none",0.2,40,"PELT",1,1,1,1,0.00319621480313787
"none",0.2,40,"SVP",0.5,1,0.666666666666667,2,0.00584903780886529
"none",0.2,40,"SVP (BIC)",1,1,1,1,0.00319621480313787
"none",0.2,41,"PELT",1,1,1,1,0.00132600972236826
"none",0.2,41,"SVP",1,1,1,1,0.00132600972236826
"none",0.2,41,"SVP (BIC)",1,1,1,1,0.00132600972236826
"none",0.2,42,"PELT",1,1,1,1,0.000806314945088947
"none",0.2,42,"SVP",1,1,1,1,0.000806314945088947
"none",0.2,42,"SVP (BIC)",1,1,1,1,0.000806314945088947
"none",0.2,43,"PELT",1,1,1,1,4.27647844364636e-05
"none",0.2,43,"SVP",1,1,1,1,4.27647844364636e-05
"none",0.2,43,"SVP (BIC)",1,1,1,1,4.27647844364636e-05
"none",0.2,44,"PELT",1,1,1,1,0.000217611174423291
"none",0.2,44,"SVP",1,1,1,1,0.000217611174423291
"none",0.2,44,"SVP (BIC)",1,1,1,1,0.000217611174423291
"none",0.2,45,"PELT",1,1,1,1,0.000962677479876797
"none",0.2,45,"SVP",1,1,1,1,0.000962677479876797
"none",0.2,45,"SVP (BIC)",1,1,1,1,0.000962677479876797
"none",0.2,46,"PELT",1,1,1,1,0.00458882933548212
"none",0.2,46,"SVP",1,1,1,1,0.00458882933548212
"none",0.2,46,"SVP (BIC)",1,1,1,1,0.00458882933548212
"none",0.2,47,"PELT",1,1,1,1,0.00528572806824941
"none",0.2,47,"SVP",1,1,1,1,0.00528572806824941
"none",0.2,47,"SVP (BIC)",1,1,1,1,0.00528572806824941
"none",0.2,48,"PELT",0.5,1,0.666666666666667,2,0.0154060293958986
"none",0.2,48,"SVP",1,1,1,1,0.000428050765992677
"none",0.2,48,"SVP (BIC)",1,1,1,1,0.000428050765992677
"none",0.2,49,"PELT",1,1,1,1,0.00130038449486008
"none",0.2,49,"SVP",1,1,1,1,0.00130038449486008
"none",0.2,49,"SVP (BIC)",1,1,1,1,0.00130038449486008
"none",0.2,50,"PELT",1,1,1,1,0.000122608396945597
"none",0.2,50,"SVP",1,1,1,1,0.000122608396945597
"none",0.2,50,"SVP (BIC)",1,1,1,1,0.000122608396945597
"none",0.2,51,"PELT",1,1,1,1,1.14439251276567e-05
"none",0.2,51,"SVP",1,1,1,1,1.14439251276567e-05
"none",0.2,51,"SVP (BIC)",1,1,1,1,1.14439251276567e-05
"none",0.2,52,"PELT",1,1,1,1,0.00031448899969784
"none",0.2,52,"SVP",1,1,1,1,0.00031448899969784
"none",0.2,52,"SVP (BIC)",1,1,1,1,0.00031448899969784
"none",0.2,53,"PELT",1,1,1,1,0.000114308497647224
"none",0.2,53,"SVP",1,1,1,1,0.000114308497647224
"none",0.2,53,"SVP (BIC)",1,1,1,1,0.000114308497647224
"none",0.2,54,"PELT",1,1,1,1,0.000356759662027353
"none",0.2,54,"SVP",1,1,1,1,0.000356759662027353
"none",0.2,54,"SVP (BIC)",1,1,1,1,0.000356759662027353
"none",0.2,55,"PELT",1,1,1,1,0.000356528329135465
"none",0.2,55,"SVP",1,1,1,1,0.000356528329135465
"none",0.2,55,"SVP (BIC)",1,1,1,1,0.000356528329135465
"none",0.2,56,"PELT",1,1,1,1,4.93658410950638e-06
"none",0.2,56,"SVP",1,1,1,1,4.93658410950638e-06
"none",0.2,56,"SVP (BIC)",1,1,1,1,4.93658410950638e-06
"none",0.2,57,"PELT",1,1,1,1,0.00102935690791205
"none",0.2,57,"SVP",0.5,1,0.666666666666667,2,0.00664933069006559
"none",0.2,57,"SVP (BIC)",1,1,1,1,0.00102935690791205
"none",0.2,58,"PELT",1,1,1,1,2.41471348724507e-05
"none",0.2,58,"SVP",1,1,1,1,2.41471348724507e-05
"none",0.2,58,"SVP (BIC)",1,1,1,1,2.41471348724507e-05
"none",0.2,59,"PELT",1,1,1,1,0.000696866555444987
"none",0.2,59,"SVP",1,1,1,1,0.000696866555444987
"none",0.2,59,"SVP (BIC)",1,1,1,1,0.000696866555444987
"none",0.2,60,"PELT",1,1,1,1,0.00369304731614598
"none",0.2,60,"SVP",1,1,1,1,0.00369304731614598
"none",0.2,60,"SVP (BIC)",1,1,1,1,0.00369304731614598
"none",0.2,61,"PELT",1,1,1,1,0.00132839985969436
"none",0.2,61,"SVP",1,1,1,1,0.00132839985969436
"none",0.2,61,"SVP (BIC)",1,1,1,1,0.00132839985969436
"none",0.2,62,"PELT",1,1,1,1,0.000356551557337843
"none",0.2,62,"SVP",1,1,1,1,0.000356551557337843
"none",0.2,62,"SVP (BIC)",1,1,1,1,0.000356551557337843
"none",0.2,63,"PELT",1,1,1,1,0.00454099873207011
"none",0.2,63,"SVP",1,1,1,1,0.00454099873207011
"none",0.2,63,"SVP (BIC)",1,1,1,1,0.00454099873207011
"none",0.2,64,"PELT",1,1,1,1,6.63716040169807e-05
"none",0.2,64,"SVP",0.5,1,0.666666666666667,2,0.00262801899245571
"none",0.2,64,"SVP (BIC)",1,1,1,1,6.63716040169807e-05
"none",0.2,65,"PELT",1,1,1,1,0.00121363770664376
"none",0.2,65,"SVP",1,1,1,1,0.00121363770664376
"none",0.2,65,"SVP (BIC)",1,1,1,1,0.00121363770664376
"none",0.2,66,"PELT",1,1,1,1,0.00209297600935282
"none",0.2,66,"SVP",1,1,1,1,0.00209297600935282
"none",0.2,66,"SVP (BIC)",1,1,1,1,0.00209297600935282
"none",0.2,67,"PELT",0.5,1,0.666666666666667,2,0.015362297279415
"none",0.2,67,"SVP",1,1,1,1,0.000418198503316576
"none",0.2,67,"SVP (BIC)",1,1,1,1,0.000418198503316576
"none",0.2,68,"PELT",1,1,1,1,8.54887139210414e-06
"none",0.2,68,"SVP",1,1,1,1,8.54887139210414e-06
"none",0.2,68,"SVP (BIC)",1,1,1,1,8.54887139210414e-06
"none",0.2,69,"PELT",1,1,1,1,3.5761669326752e-05
"none",0.2,69,"SVP",1,1,1,1,3.5761669326752e-05
"none",0.2,69,"SVP (BIC)",1,1,1,1,3.5761669326752e-05
"none",0.2,70,"PELT",1,1,1,1,0.00312403230329166
"none",0.2,70,"SVP",1,1,1,1,0.00312403230329166
"none",0.2,70,"SVP (BIC)",1,1,1,1,0.00312403230329166
"none",0.2,71,"PELT",1,1,1,1,1.27086289015234e-05
"none",0.2,71,"SVP",1,1,1,1,1.27086289015234e-05
"none",0.2,71,"SVP (BIC)",1,1,1,1,1.27086289015234e-05
"none",0.2,72,"PELT",1,1,1,1,0.00377661352866008
"none",0.2,72,"SVP",1,1,1,1,0.00377661352866008
"none",0.2,72,"SVP (BIC)",1,1,1,1,0.00377661352866008
"none",0.2,73,"PELT",1,1,1,1,0.000664230309045775
"none",0.2,73,"SVP",1,1,1,1,0.000664230309045775
"none",0.2,73,"SVP (BIC)",1,1,1,1,0.000664230309045775
"none",0.2,74,"PELT",1,1,1,1,0.00033118231686748
"none",0.2,74,"SVP",1,1,1,1,0.00033118231686748
"none",0.2,74,"SVP (BIC)",1,1,1,1,0.00033118231686748
"none",0.2,75,"PELT",1,1,1,1,0.000519895709080559
"none",0.2,75,"SVP",1,1,1,1,0.000519895709080559
"none",0.2,75,"SVP (BIC)",1,1,1,1,0.000519895709080559
"none",0.2,76,"PELT",1,1,1,1,9.21069277743504e-05
"none",0.2,76,"SVP",0.5,1,0.666666666666667,2,0.00472590010703646
"none",0.2,76,"SVP (BIC)",1,1,1,1,9.21069277743504e-05
"none",0.2,77,"PELT",1,1,1,1,7.11172495754084e-05
"none",0.2,77,"SVP",1,1,1,1,7.11172495754084e-05
"none",0.2,77,"SVP (BIC)",1,1,1,1,7.11172495754084e-05
"none",0.2,78,"PELT",1,1,1,1,0.000440928357988301
"none",0.2,78,"SVP",1,1,1,1,0.000440928357988301
"none",0.2,78,"SVP (BIC)",1,1,1,1,0.000440928357988301
"none",0.2,79,"PELT",1,1,1,1,0.00150857598574096
"none",0.2,79,"SVP",1,1,1,1,0.00150857598574096
"none",0.2,79,"SVP (BIC)",1,1,1,1,0.00150857598574096
"none",0.2,80,"PELT",1,1,1,1,0.00263842516991322
"none",0.2,80,"SVP",1,1,1,1,0.00263842516991322
"none",0.2,80,"SVP (BIC)",1,1,1,1,0.00263842516991322
"none",0.2,81,"PELT",1,1,1,1,0.00485780929872209
"none",0.2,81,"SVP",1,1,1,1,0.00485780929872209
"none",0.2,81,"SVP (BIC)",1,1,1,1,0.00485780929872209
"none",0.2,82,"PELT",1,1,1,1,0.00236491463973415
"none",0.2,82,"SVP",1,1,1,1,0.00236491463973415
"none",0.2,82,"SVP (BIC)",1,1,1,1,0.00236491463973415
"none",0.2,83,"PELT",1,1,1,1,0.0035616623808489
"none",0.2,83,"SVP",1,1,1,1,0.0035616623808489
"none",0.2,83,"SVP (BIC)",1,1,1,1,0.0035616623808489
"none",0.2,84,"PELT",1,1,1,1,0.00154459115029884
"none",0.2,84,"SVP",1,1,1,1,0.00154459115029884
"none",0.2,84,"SVP (BIC)",1,1,1,1,0.00154459115029884
"none",0.2,85,"PELT",1,1,1,1,0.000191236362992706
"none",0.2,85,"SVP",1,1,1,1,0.000191236362992706
"none",0.2,85,"SVP (BIC)",1,1,1,1,0.000191236362992706
"none",0.2,86,"PELT",1,1,1,1,0.00271954549035586
"none",0.2,86,"SVP",1,1,1,1,0.00271954549035586
"none",0.2,86,"SVP (BIC)",1,1,1,1,0.00271954549035586
"none",0.2,87,"PELT",1,1,1,1,0.000157761854919745
"none",0.2,87,"SVP",1,1,1,1,0.000157761854919745
"none",0.2,87,"SVP (BIC)",1,1,1,1,0.000157761854919745
"none",0.2,88,"PELT",1,1,1,1,0.000670737899305269
"none",0.2,88,"SVP",1,1,1,1,0.000670737899305269
"none",0.2,88,"SVP (BIC)",1,1,1,1,0.000670737899305269
"none",0.2,89,"PELT",1,1,1,1,0.00238039228798889
"none",0.2,89,"SVP",1,1,1,1,0.00238039228798889
"none",0.2,89,"SVP (BIC)",1,1,1,1,0.00238039228798889
"none",0.2,90,"PELT",1,1,1,1,0.00168675871338085
"none",0.2,90,"SVP",1,1,1,1,0.00168675871338085
"none",0.2,90,"SVP (BIC)",1,1,1,1,0.00168675871338085
"none",0.2,91,"PELT",1,1,1,1,0.000305475905133777
"none",0.2,91,"SVP",1,1,1,1,0.000305475905133777
"none",0.2,91,"SVP (BIC)",1,1,1,1,0.000305475905133777
"none",0.2,92,"PELT",1,1,1,1,4.88334338110382e-06
"none",0.2,92,"SVP",1,1,1,1,4.88334338110382e-06
"none",0.2,92,"SVP (BIC)",1,1,1,1,4.88334338110382e-06
"none",0.2,93,"PELT",1,1,1,1,0.0002922678932593
"none",0.2,93,"SVP",1,1,1,1,0.0002922678932593
"none",0.2,93,"SVP (BIC)",1,1,1,1,0.0002922678932593
"none",0.2,94,"PELT",1,1,1,1,0.000575756252496166
"none",0.2,94,"SVP",1,1,1,1,0.000575756252496166
"none",0.2,94,"SVP (BIC)",1,1,1,1,0.000575756252496166
"none",0.2,95,"PELT",1,1,1,1,0.00033028269166763
"none",0.2,95,"SVP",1,1,1,1,0.00033028269166763
"none",0.2,95,"SVP (BIC)",1,1,1,1,0.00033028269166763
"none",0.2,96,"PELT",1,1,1,1,0.00144987221562208
"none",0.2,96,"SVP",1,1,1,1,0.00144987221562208
"none",0.2,96,"SVP (BIC)",1,1,1,1,0.00144987221562208
"none",0.2,97,"PELT",1,1,1,1,0.000167497736017785
"none",0.2,97,"SVP",1,1,1,1,0.000167497736017785
"none",0.2,97,"SVP (BIC)",1,1,1,1,0.000167497736017785
"none",0.2,98,"PELT",1,1,1,1,0.000570596725775551
"none",0.2,98,"SVP",1,1,1,1,0.000570596725775551
"none",0.2,98,"SVP (BIC)",1,1,1,1,0.000570596725775551
"none",0.2,99,"PELT",1,1,1,1,0.000269745530749295
"none",0.2,99,"SVP",1,1,1,1,0.000269745530749295
"none",0.2,99,"SVP (BIC)",1,1,1,1,0.000269745530749295
"none",0.2,100,"PELT",1,1,1,1,0.000638029333366389
"none",0.2,100,"SVP",1,1,1,1,0.000638029333366389
"none",0.2,100,"SVP (BIC)",1,1,1,1,0.000638029333366389
"up",0.2,1,"PELT",0.333333333333333,0.125,0.181818181818182,3,0.0388649073742663
"up",0.2,1,"SVP",0.333333333333333,0.125,0.181818181818182,3,0.0388649073742663
"up",0.2,1,"SVP (BIC)",0.333333333333333,0.125,0.181818181818182,3,0.0388649073742663
"up",0.2,2,"PELT",0.25,0.125,0.166666666666667,4,0.0314999545721753
"up",0.2,2,"SVP",0.333333333333333,0.125,0.181818181818182,3,0.0327966942798829
"up",0.2,2,"SVP (BIC)",0.5,0.125,0.2,2,0.050954531449363
"up",0.2,3,"PELT",0.333333333333333,0.125,0.181818181818182,3,0.0363822240515077
"up",0.2,3,"SVP",0.333333333333333,0.125,0.181818181818182,3,0.0363822240515077
"up",0.2,3,"SVP (BIC)",0.333333333333333,0.125,0.181818181818182,3,0.0363822240515077
"up",0.2,4,"PELT",0.333333333333333,0.125,0.181818181818182,3,0.0265834365833174
"up",0.2,4,"SVP",0.333333333333333,0.125,0.181818181818182,3,0.0265834365833174
"up",0.2,4,"SVP (BIC)",0.333333333333333,0.125,0.181818181818182,3,0.0265834365833174
"up",0.2,5,"PELT",0.25,0.125,0.166666666666667,4,0.0523843477019335
"up",0.2,5,"SVP",0.333333333333333,0.125,0.181818181818182,3,0.0309399126861746
"up",0.2,5,"SVP (BIC)",0.5,0.125,0.2,2,0.0639353931724432
"up",0.2,6,"PELT",0.666666666666667,0.25,0.363636363636364,3,0.0262693093050285
"up",0.2,6,"SVP",0.666666666666667,0.25,0.363636363636364,3,0.0262693093050285
"up",0.2,6,"SVP (BIC)",0.5,0.125,0.2,2,0.0569558286466421
"up",0.2,7,"PELT",0.333333333333333,0.125,0.181818181818182,3,0.0271065693890001
"up",0.2,7,"SVP",0.333333333333333,0.125,0.181818181818182,3,0.0271065693890001
"up",0.2,7,"SVP (BIC)",0.5,0.125,0.2,2,0.059174186450895
"up",0.2,8,"PELT",0.25,0.125,0.166666666666667,4,0.0251191238788686
"up",0.2,8,"SVP",0.333333333333333,0.125,0.181818181818182,3,0.0356931414740166
"up",0.2,8,"SVP (BIC)",0.333333333333333,0.125,0.181818181818182,3,0.0356931414740166
"up",0.2,9,"PELT",0.666666666666667,0.25,0.363636363636364,3,0.0282495239484232
"up",0.2,9,"SVP",0.666666666666667,0.25,0.363636363636364,3,0.0282495239484232
"up",0.2,9,"SVP (BIC)",0.666666666666667,0.25,0.363636363636364,3,0.0282495239484232
"up",0.2,10,"PELT",0.333333333333333,0.125,0.181818181818182,3,0.0256030641443488
"up",0.2,10,"SVP",0.5,0.125,0.2,2,0.0541930909850582
"up",0.2,10,"SVP (BIC)",0.5,0.125,0.2,2,0.0541930909850582
"up",0.2,11,"PELT",0.25,0.125,0.166666666666667,4,0.0232965133777763
"up",0.2,11,"SVP",0.333333333333333,0.125,0.181818181818182,3,0.02850084429705
"up",0.2,11,"SVP (BIC)",0.333333333333333,0.125,0.181818181818182,3,0.02850084429705
"up",0.2,12,"PELT",0.25,0.125,0.166666666666667,4,0.0252820986260364
"up",0.2,12,"SVP",0.333333333333333,0.125,0.181818181818182,3,0.0328996594552273
"up",0.2,12,"SVP (BIC)",0.333333333333333,0.125,0.181818181818182,3,0.0328996594552273
"up",0.2,13,"PELT",0.25,0.125,0.166666666666667,4,0.0373589553968614
"up",0.2,13,"SVP",0.333333333333333,0.125,0.181818181818182,3,0.0446945531367471
"up",0.2,13,"SVP (BIC)",0.5,0.125,0.2,2,0.0727198199001386
"up",0.2,14,"PELT",0.333333333333333,0.125,0.181818181818182,3,0.0338507217318427
"up",0.2,14,"SVP",0.333333333333333,0.125,0.181818181818182,3,0.0338507217318427
"up",0.2,14,"SVP (BIC)",0.333333333333333,0.125,0.181818181818182,3,0.0338507217318427
"up",0.2,15,"PELT",0.5,0.25,0.333333333333333,4,0.0192619976217876
"up",0.2,15,"SVP",0.666666666666667,0.25,0.363636363636364,3,0.0371263404783967
"up",0.2,15,"SVP (BIC)",0.5,0.125,0.2,2,0.0576472202878811
"up",0.2,16,"PELT",0.333333333333333,0.125,0.181818181818182,3,0.0290165800090082
"up",0.2,16,"SVP",0.333333333333333,0.125,0.181818181818182,3,0.0290165800090082
"up",0.2,16,"SVP (BIC)",0.5,0.125,0.2,2,0.0525226406429307
"up",0.2,17,"PELT",0.333333333333333,0.125,0.181818181818182,3,0.0258756019346244
"up",0.2,17,"SVP",0.333333333333333,0.125,0.181818181818182,3,0.0258756019346244
"up",0.2,17,"SVP (BIC)",0.333333333333333,0.125,0.181818181818182,3,0.0258756019346244
"up",0.2,18,"PELT",0.333333333333333,0.125,0.181818181818182,3,0.0354538124190046
"up",0.2,18,"SVP",0.333333333333333,0.125,0.181818181818182,3,0.0354538124190046
"up",0.2,18,"SVP (BIC)",0.5,0.125,0.2,2,0.0532834164527696
"up",0.2,19,"PELT",0.333333333333333,0.125,0.181818181818182,3,0.038855332864254
"up",0.2,19,"SVP",0.333333333333333,0.125,0.181818181818182,3,0.038855332864254
"up",0.2,19,"SVP (BIC)",0.5,0.125,0.2,2,0.0645172200168361
"up",0.2,20,"PELT",0.25,0.125,0.166666666666667,4,0.0289073318385694
"up",0.2,20,"SVP",0.25,0.125,0.166666666666667,4,0.0289073318385694
"up",0.2,20,"SVP (BIC)",0.333333333333333,0.125,0.181818181818182,3,0.0442600519605549
"up",0.2,21,"PELT",0.333333333333333,0.125,0.181818181818182,3,0.0340822143644237
"up",0.2,21,"SVP",0.333333333333333,0.125,0.181818181818182,3,0.0340822143644237
"up",0.2,21,"SVP (BIC)",0.333333333333333,0.125,0.181818181818182,3,0.0340822143644237
"up",0.2,22,"PELT",0.285714285714286,0.25,0.266666666666667,7,0.0560818955157209
"up",0.2,22,"SVP",0.5,0.25,0.333333333333333,4,0.0188103253390251
"up",0.2,22,"SVP (BIC)",0.5,0.125,0.2,2,0.0562065651300022
"up",0.2,23,"PELT",0.25,0.125,0.166666666666667,4,0.0592987866755511
"up",0.2,23,"SVP",0.333333333333333,0.125,0.181818181818182,3,0.0273557729966763
"up",0.2,23,"SVP (BIC)",0.5,0.125,0.2,2,0.0561807512602959
"up",0.2,24,"PELT",0.333333333333333,0.125,0.181818181818182,3,0.0261451611749997
"up",0.2,24,"SVP",0.333333333333333,0.125,0.181818181818182,3,0.0261451611749997
"up",0.2,24,"SVP (BIC)",0.5,0.125,0.2,2,0.0583096719805727
"up",0.2,25,"PELT",0.25,0.125,0.166666666666667,4,0.0355350917024133
"up",0.2,25,"SVP",0.666666666666667,0.25,0.363636363636364,3,0.0256827958555459
"up",0.2,25,"SVP (BIC)",0.5,0.125,0.2,2,0.0546597886301355
"up",0.2,26,"PELT",0.25,0.125,0.166666666666667,4,0.0223671016669339
"up",0.2,26,"SVP",0.333333333333333,0.125,0.181818181818182,3,0.029733190586117
"up",0.2,26,"SVP (BIC)",0.5,0.125,0.2,2,0.0536732246660622
"up",0.2,27,"PELT",0.333333333333333,0.125,0.181818181818182,3,0.0351097298523846
"up",0.2,27,"SVP",0.333333333333333,0.125,0.181818181818182,3,0.0351097298523846
"up",0.2,27,"SVP (BIC)",0.333333333333333,0.125,0.181818181818182,3,0.0351097298523846
"up",0.2,28,"PELT",0.666666666666667,0.25,0.363636363636364,3,0.0256840682972862
"up",0.2,28,"SVP",0.666666666666667,0.25,0.363636363636364,3,0.0256840682972862
"up",0.2,28,"SVP (BIC)",0.666666666666667,0.25,0.363636363636364,3,0.0256840682972862
"up",0.2,29,"PELT",0.333333333333333,0.125,0.181818181818182,3,0.0329254703760917
"up",0.2,29,"SVP",0.5,0.125,0.2,2,0.0564262746441874
"up",0.2,29,"SVP (BIC)",0.5,0.125,0.2,2,0.0564262746441874
"up",0.2,30,"PELT",0.333333333333333,0.125,0.181818181818182,3,0.0351805609624607
"up",0.2,30,"SVP",0.5,0.125,0.2,2,0.0535920245767543
"up",0.2,30,"SVP (BIC)",0.5,0.125,0.2,2,0.0577887635419571
"up",0.2,31,"PELT",0.333333333333333,0.125,0.181818181818182,3,0.0338622129011363
"up",0.2,31,"SVP",0.333333333333333,0.125,0.181818181818182,3,0.0338622129011363
"up",0.2,31,"SVP (BIC)",0.5,0.125,0.2,2,0.0564037670088216
"up",0.2,32,"PELT",0.25,0.125,0.166666666666667,4,0.0186314146600123
"up",0.2,32,"SVP",0.333333333333333,0.125,0.181818181818182,3,0.0287517339811403
"up",0.2,32,"SVP (BIC)",0.333333333333333,0.125,0.181818181818182,3,0.0287517339811403
"up",0.2,33,"PELT",0.5,0.25,0.333333333333333,4,0.0170825432738979
"up",0.2,33,"SVP",0.333333333333333,0.125,0.181818181818182,3,0.0248965391646696
"up",0.2,33,"SVP (BIC)",0.5,0.125,0.2,2,0.0520175622688877
"up",0.2,34,"PELT",0.333333333333333,0.125,0.181818181818182,3,0.0305290342185916
"up",0.2,34,"SVP",0.333333333333333,0.125,0.181818181818182,3,0.0305290342185916
"up",0.2,34,"SVP (BIC)",0.5,0.125,0.2,2,0.0562303032908058
"up",0.2,35,"PELT",0.25,0.125,0.166666666666667,4,0.0253049025431208
"up",0.2,35,"SVP",0.666666666666667,0.25,0.363636363636364,3,0.037295570079829
"up",0.2,35,"SVP (BIC)",0.5,0.125,0.2,2,0.052879923265728
"up",0.2,36,"PELT",0.25,0.125,0.166666666666667,4,0.0263150972901215
"up",0.2,36,"SVP",0.333333333333333,0.125,0.181818181818182,3,0.0384701800338058
"up",0.2,36,"SVP (BIC)",0.333333333333333,0.125,0.181818181818182,3,0.0315834195982029
"up",0.2,37,"PELT",0.333333333333333,0.125,0.181818181818182,3,0.0257933425410373
"up",0.2,37,"SVP",0.333333333333333,0.125,0.181818181818182,3,0.0257933425410373
"up",0.2,37,"SVP (BIC)",0.5,0.125,0.2,2,0.0532481155411885
"up",0.2,38,"PELT",0.333333333333333,0.125,0.181818181818182,3,0.0281867618953493
"up",0.2,38,"SVP",0.333333333333333,0.125,0.181818181818182,3,0.0281867618953493
"up",0.2,38,"SVP (BIC)",0.333333333333333,0.125,0.181818181818182,3,0.0281867618953493
"up",0.2,39,"PELT",0.25,0.125,0.166666666666667,4,0.021648115418385
"up",0.2,39,"SVP",0.333333333333333,0.125,0.181818181818182,3,0.0287954511160666
"up",0.2,39,"SVP (BIC)",0.333333333333333,0.125,0.181818181818182,3,0.0287954511160666
"up",0.2,40,"PELT",0.333333333333333,0.125,0.181818181818182,3,0.0361666226551339
"up",0.2,40,"SVP",0.333333333333333,0.125,0.181818181818182,3,0.0361666226551339
"up",0.2,40,"SVP (BIC)",0.333333333333333,0.125,0.181818181818182,3,0.0361666226551339
"up",0.2,41,"PELT",0.333333333333333,0.125,0.181818181818182,3,0.0283050376481251
"up",0.2,41,"SVP",0.333333333333333,0.125,0.181818181818182,3,0.0283050376481251
"up",0.2,41,"SVP (BIC)",0.333333333333333,0.125,0.181818181818182,3,0.0283050376481251
"up",0.2,42,"PELT",0.25,0.125,0.166666666666667,4,0.0367937366997296
"up",0.2,42,"SVP",0.333333333333333,0.125,0.181818181818182,3,0.0303500805384443
"up",0.2,42,"SVP (BIC)",0.333333333333333,0.125,0.181818181818182,3,0.0303500805384443
"up",0.2,43,"PELT",0.25,0.125,0.166666666666667,4,0.0295667509850236
"up",0.2,43,"SVP",0.333333333333333,0.125,0.181818181818182,3,0.0367633909918986
"up",0.2,43,"SVP (BIC)",0.333333333333333,0.125,0.181818181818182,3,0.0323258725195282
"up",0.2,44,"PELT",0.333333333333333,0.125,0.181818181818182,3,0.0300828546630089
"up",0.2,44,"SVP",0.25,0.125,0.166666666666667,4,0.027481450452849
"up",0.2,44,"SVP (BIC)",0.333333333333333,0.125,0.181818181818182,3,0.0300828546630089
"up",0.2,45,"PELT",0.333333333333333,0.125,0.181818181818182,3,0.0328102162035707
"up",0.2,45,"SVP",0.333333333333333,0.125,0.181818181818182,3,0.0328102162035707
"up",0.2,45,"SVP (BIC)",0.333333333333333,0.125,0.181818181818182,3,0.0328102162035707
"up",0.2,46,"PELT",0.333333333333333,0.125,0.181818181818182,3,0.0285594049811417
"up",0.2,46,"SVP",0.333333333333333,0.125,0.181818181818182,3,0.0285594049811417
"up",0.2,46,"SVP (BIC)",0.5,0.125,0.2,2,0.0586145527983507
"up",0.2,47,"PELT",0.333333333333333,0.125,0.181818181818182,3,0.0385946059035067
"up",0.2,47,"SVP",0.5,0.125,0.2,2,0.0592410490646108
"up",0.2,47,"SVP (BIC)",0.5,0.125,0.2,2,0.0592410490646108
"up",0.2,48,"PELT",0.25,0.125,0.166666666666667,4,0.0307187654009483
"up",0.2,48,"SVP",0.333333333333333,0.125,0.181818181818182,3,0.0310094127184589
"up",0.2,48,"SVP (BIC)",0.5,0.125,0.2,2,0.0624027935823961
"up",0.2,49,"PELT",0.2,0.125,0.153846153846154,5,0.0406031214152134
"up",0.2,49,"SVP",0.333333333333333,0.125,0.181818181818182,3,0.0346792662344848
"up",0.2,49,"SVP (BIC)",0.5,0.125,0.2,2,0.0571920020472571
"up",0.2,50,"PELT",0.333333333333333,0.125,0.181818181818182,3,0.0388769799861766
"up",0.2,50,"SVP",0.333333333333333,0.125,0.181818181818182,3,0.0388769799861766
"up",0.2,50,"SVP (BIC)",0.333333333333333,0.125,0.181818181818182,3,0.0388769799861766
"up",0.2,51,"PELT",0.25,0.125,0.166666666666667,4,0.0201788307837541
"up",0.2,51,"SVP",0.333333333333333,0.125,0.181818181818182,3,0.0272632027559396
"up",0.2,51,"SVP (BIC)",0.5,0.125,0.2,2,0.0533347411667978
"up",0.2,52,"PELT",0.25,0.125,0.166666666666667,4,0.0247748931770242
"up",0.2,52,"SVP",0.333333333333333,0.125,0.181818181818182,3,0.0484294559489028
"up",0.2,52,"SVP (BIC)",0.333333333333333,0.125,0.181818181818182,3,0.0484294559489028
"up",0.2,53,"PELT",0.333333333333333,0.125,0.181818181818182,3,0.0406643232595127
"up",0.2,53,"SVP",0.333333333333333,0.125,0.181818181818182,3,0.0406643232595127
"up",0.2,53,"SVP (BIC)",0.333333333333333,0.125,0.181818181818182,3,0.0406643232595127
"up",0.2,54,"PELT",0.75,0.375,0.5,4,0.0170653556342881
"up",0.2,54,"SVP",0.666666666666667,0.25,0.363636363636364,3,0.0259583637393684
"up",0.2,54,"SVP (BIC)",1,0.25,0.4,2,0.0526137182630099
"up",0.2,55,"PELT",0.25,0.125,0.166666666666667,4,0.0329575160139984
"up",0.2,55,"SVP",0.333333333333333,0.125,0.181818181818182,3,0.0490368508409158
"up",0.2,55,"SVP (BIC)",0.333333333333333,0.125,0.181818181818182,3,0.0490368508409158
"up",0.2,56,"PELT",0.333333333333333,0.125,0.181818181818182,3,0.0303083868757473
"up",0.2,56,"SVP",0.333333333333333,0.125,0.181818181818182,3,0.0303083868757473
"up",0.2,56,"SVP (BIC)",0.333333333333333,0.125,0.181818181818182,3,0.0303083868757473
"up",0.2,57,"PELT",0.333333333333333,0.125,0.181818181818182,3,0.0322493281150633
"up",0.2,57,"SVP",0.333333333333333,0.125,0.181818181818182,3,0.0322493281150633
"up",0.2,57,"SVP (BIC)",0.333333333333333,0.125,0.181818181818182,3,0.0322493281150633
"up",0.2,58,"PELT",0.333333333333333,0.125,0.181818181818182,3,0.0331311694924792
"up",0.2,58,"SVP",0.333333333333333,0.125,0.181818181818182,3,0.0278251387072807
"up",0.2,58,"SVP (BIC)",0.333333333333333,0.125,0.181818181818182,3,0.0331311694924792
"up",0.2,59,"PELT",0.5,0.25,0.333333333333333,4,0.0189690480565026
"up",0.2,59,"SVP",0.333333333333333,0.125,0.181818181818182,3,0.0367733438320304
"up",0.2,59,"SVP (BIC)",0.5,0.125,0.2,2,0.0586165421504092
"up",0.2,60,"PELT",0.333333333333333,0.125,0.181818181818182,3,0.0335226623436152
"up",0.2,60,"SVP",0.5,0.125,0.2,2,0.0520904345950361
"up",0.2,60,"SVP (BIC)",0.5,0.125,0.2,2,0.0520904345950361
"up",0.2,61,"PELT",0.333333333333333,0.125,0.181818181818182,3,0.0278199741595334
"up",0.2,61,"SVP",0.333333333333333,0.125,0.181818181818182,3,0.0278199741595334
"up",0.2,61,"SVP (BIC)",0.333333333333333,0.125,0.181818181818182,3,0.0278199741595334
"up",0.2,62,"PELT",0.333333333333333,0.125,0.181818181818182,3,0.0274240925436968
"up",0.2,62,"SVP",0.333333333333333,0.125,0.181818181818182,3,0.0274240925436968
"up",0.2,62,"SVP (BIC)",0.5,0.125,0.2,2,0.0559591720944195
"up",0.2,63,"PELT",0.2,0.125,0.153846153846154,5,0.0509993146947083
"up",0.2,63,"SVP",0.333333333333333,0.125,0.181818181818182,3,0.0429678461475109
"up",0.2,63,"SVP (BIC)",0.5,0.125,0.2,2,0.0638093434676571
"up",0.2,64,"PELT",0.25,0.125,0.166666666666667,4,0.0299478821723912
"up",0.2,64,"SVP",0.666666666666667,0.25,0.363636363636364,3,0.0377624900182601
"up",0.2,64,"SVP (BIC)",0.333333333333333,0.125,0.181818181818182,3,0.0405298168372737
"up",0.2,65,"PELT",0.333333333333333,0.125,0.181818181818182,3,0.0410733446505077
"up",0.2,65,"SVP",0.333333333333333,0.125,0.181818181818182,3,0.0410733446505077
"up",0.2,65,"SVP (BIC)",0.5,0.125,0.2,2,0.0618573811172372
"up",0.2,66,"PELT",0.333333333333333,0.125,0.181818181818182,3,0.0255007454800236
"up",0.2,66,"SVP",0.333333333333333,0.125,0.181818181818182,3,0.024136138511325
"up",0.2,66,"SVP (BIC)",1,0.25,0.4,2,0.0500008974671533
"up",0.2,67,"PELT",0.333333333333333,0.125,0.181818181818182,3,0.0257999525765763
"up",0.2,67,"SVP",0.333333333333333,0.125,0.181818181818182,3,0.0257999525765763
"up",0.2,67,"SVP (BIC)",0.5,0.125,0.2,2,0.0538991164571985
"up",0.2,68,"PELT",0.5,0.25,0.333333333333333,4,0.0184418002147222
"up",0.2,68,"SVP",0.666666666666667,0.25,0.363636363636364,3,0.0317115880224927
"up",0.2,68,"SVP (BIC)",0.666666666666667,0.25,0.363636363636364,3,0.0317115880224927
"up",0.2,69,"PELT",0.333333333333333,0.125,0.181818181818182,3,0.0352085434579239
"up",0.2,69,"SVP",0.333333333333333,0.125,0.181818181818182,3,0.0352085434579239
"up",0.2,69,"SVP (BIC)",0.333333333333333,0.125,0.181818181818182,3,0.0352085434579239
"up",0.2,70,"PELT",0.666666666666667,0.25,0.363636363636364,3,0.0260114367996383
"up",0.2,70,"SVP",0.666666666666667,0.25,0.363636363636364,3,0.0260114367996383
"up",0.2,70,"SVP (BIC)",0.666666666666667,0.25,0.363636363636364,3,0.0260114367996383
"up",0.2,71,"PELT",0.5,0.25,0.333333333333333,4,0.0275220390662218
"up",0.2,71,"SVP",1,0.25,0.4,2,0.0526883714539815
"up",0.2,71,"SVP (BIC)",1,0.25,0.4,2,0.0526883714539815
"up",0.2,72,"PELT",0.25,0.125,0.166666666666667,4,0.0266393294441693
"up",0.2,72,"SVP",0.25,0.125,0.166666666666667,4,0.0266393294441693
"up",0.2,72,"SVP (BIC)",0.333333333333333,0.125,0.181818181818182,3,0.0397798818502715
"up",0.2,73,"PELT",0.25,0.125,0.166666666666667,4,0.031103301778737
"up",0.2,73,"SVP",0.25,0.125,0.166666666666667,4,0.031103301778737
"up",0.2,73,"SVP (BIC)",0.333333333333333,0.125,0.181818181818182,3,0.0411324532832591
"up",0.2,74,"PELT",0.25,0.125,0.166666666666667,4,0.0218479300089705
"up",0.2,74,"SVP",0.333333333333333,0.125,0.181818181818182,3,0.035937149658532
"up",0.2,74,"SVP (BIC)",0.333333333333333,0.125,0.181818181818182,3,0.035937149658532
"up",0.2,75,"PELT",0.25,0.125,0.166666666666667,4,0.0229271511498086
"up",0.2,75,"SVP",0.333333333333333,0.125,0.181818181818182,3,0.0276765313509459
"up",0.2,75,"SVP (BIC)",0.333333333333333,0.125,0.181818181818182,3,0.0276765313509459
"up",0.2,76,"PELT",0.5,0.25,0.333333333333333,4,0.0203723275395083
"up",0.2,76,"SVP",0.666666666666667,0.25,0.363636363636364,3,0.0336602598807303
"up",0.2,76,"SVP (BIC)",0.666666666666667,0.25,0.363636363636364,3,0.039168428899248
"up",0.2,77,"PELT",0.5,0.25,0.333333333333333,4,0.0221619302417165
"up",0.2,77,"SVP",0.333333333333333,0.125,0.181818181818182,3,0.0270477203015857
"up",0.2,77,"SVP (BIC)",0.5,0.125,0.2,2,0.0572454386080861
"up",0.2,78,"PELT",0.333333333333333,0.125,0.181818181818182,3,0.0329948504339985
"up",0.2,78,"SVP",0.333333333333333,0.125,0.181818181818182,3,0.0329948504339985
"up",0.2,78,"SVP (BIC)",0.333333333333333,0.125,0.181818181818182,3,0.0329948504339985
"up",0.2,79,"PELT",0.333333333333333,0.125,0.181818181818182,3,0.026376706311483
"up",0.2,79,"SVP",0.333333333333333,0.125,0.181818181818182,3,0.026376706311483
"up",0.2,79,"SVP (BIC)",0.5,0.125,0.2,2,0.0602821710635356
"up",0.2,80,"PELT",0.25,0.125,0.166666666666667,4,0.0279104730123987
"up",0.2,80,"SVP",0.5,0.125,0.2,2,0.0705752493917527
"up",0.2,80,"SVP (BIC)",0.5,0.125,0.2,2,0.074091985277223
"up",0.2,81,"PELT",0.333333333333333,0.125,0.181818181818182,3,0.0260659183181941
"up",0.2,81,"SVP",0.5,0.125,0.2,2,0.0588239340585842
"up",0.2,81,"SVP (BIC)",0.5,0.125,0.2,2,0.0597026198030309
"up",0.2,82,"PELT",0.666666666666667,0.25,0.363636363636364,3,0.0237420263271326
"up",0.2,82,"SVP",0.666666666666667,0.25,0.363636363636364,3,0.0237420263271326
"up",0.2,82,"SVP (BIC)",0.5,0.125,0.2,2,0.0523022506439309
"up",0.2,83,"PELT",0.333333333333333,0.125,0.181818181818182,3,0.0307791273737944
"up",0.2,83,"SVP",0.333333333333333,0.125,0.181818181818182,3,0.0307791273737944
"up",0.2,83,"SVP (BIC)",0.5,0.125,0.2,2,0.0578230493438533
"up",0.2,84,"PELT",0.666666666666667,0.25,0.363636363636364,3,0.0303544266896221
"up",0.2,84,"SVP",0.666666666666667,0.25,0.363636363636364,3,0.0303544266896221
"up",0.2,84,"SVP (BIC)",0.5,0.125,0.2,2,0.0600178595558737
"up",0.2,85,"PELT",0.666666666666667,0.25,0.363636363636364,3,0.0258698834646367
"up",0.2,85,"SVP",0.666666666666667,0.25,0.363636363636364,3,0.0258698834646367
"up",0.2,85,"SVP (BIC)",0.5,0.125,0.2,2,0.0578809075162361
"up",0.2,86,"PELT",0.333333333333333,0.125,0.181818181818182,3,0.0322820109700326
"up",0.2,86,"SVP",0.333333333333333,0.125,0.181818181818182,3,0.0322820109700326
"up",0.2,86,"SVP (BIC)",0.333333333333333,0.125,0.181818181818182,3,0.0322820109700326
"up",0.2,87,"PELT",0.25,0.125,0.166666666666667,4,0.0319276227020221
"up",0.2,87,"SVP",0.333333333333333,0.125,0.181818181818182,3,0.042415383115363
"up",0.2,87,"SVP (BIC)",0.333333333333333,0.125,0.181818181818182,3,0.042415383115363
"up",0.2,88,"PELT",0.333333333333333,0.125,0.181818181818182,3,0.0322317893517849
"up",0.2,88,"SVP",0.333333333333333,0.125,0.181818181818182,3,0.0322317893517849
"up",0.2,88,"SVP (BIC)",0.5,0.125,0.2,2,0.0629107594909594
"up",0.2,89,"PELT",0.333333333333333,0.125,0.181818181818182,3,0.0374683030655927
"up",0.2,89,"SVP",0.333333333333333,0.125,0.181818181818182,3,0.0374683030655927
"up",0.2,89,"SVP (BIC)",0.5,0.125,0.2,2,0.0625796690363342
"up",0.2,90,"PELT",0.5,0.25,0.333333333333333,4,0.0239670963306097
"up",0.2,90,"SVP",0.666666666666667,0.25,0.363636363636364,3,0.039682842721679
"up",0.2,90,"SVP (BIC)",0.666666666666667,0.25,0.363636363636364,3,0.039682842721679
"up",0.2,91,"PELT",0.666666666666667,0.25,0.363636363636364,3,0.0313275884249406
"up",0.2,91,"SVP",0.5,0.125,0.2,2,0.0580103302089628
"up",0.2,91,"SVP (BIC)",0.5,0.125,0.2,2,0.0591337788012058
"up",0.2,92,"PELT",0.5,0.25,0.333333333333333,4,0.0237493694559302
"up",0.2,92,"SVP",0.333333333333333,0.125,0.181818181818182,3,0.0286896279621256
"up",0.2,92,"SVP (BIC)",0.5,0.125,0.2,2,0.0595719795770698
"up",0.2,93,"PELT",0.333333333333333,0.125,0.181818181818182,3,0.0418310934850671
"up",0.2,93,"SVP",0.333333333333333,0.125,0.181818181818182,3,0.0418310934850671
"up",0.2,93,"SVP (BIC)",0.333333333333333,0.125,0.181818181818182,3,0.0418310934850671
"up",0.2,94,"PELT",0.333333333333333,0.125,0.181818181818182,3,0.0295377653117847
"up",0.2,94,"SVP",0.333333333333333,0.125,0.181818181818182,3,0.0295377653117847
"up",0.2,94,"SVP (BIC)",0.5,0.125,0.2,2,0.0639312560811404
"up",0.2,95,"PELT",0.333333333333333,0.125,0.181818181818182,3,0.0258519531780444
"up",0.2,95,"SVP",0.333333333333333,0.125,0.181818181818182,3,0.0258519531780444
"up",0.2,95,"SVP (BIC)",0.333333333333333,0.125,0.181818181818182,3,0.0258519531780444
"up",0.2,96,"PELT",0.666666666666667,0.25,0.363636363636364,3,0.0255614870004522
"up",0.2,96,"SVP",0.666666666666667,0.25,0.363636363636364,3,0.0255614870004522
"up",0.2,96,"SVP (BIC)",0.666666666666667,0.25,0.363636363636364,3,0.0255614870004522
"up",0.2,97,"PELT",0.333333333333333,0.125,0.181818181818182,3,0.0371093878843606
"up",0.2,97,"SVP",0.333333333333333,0.125,0.181818181818182,3,0.0371093878843606
"up",0.2,97,"SVP (BIC)",1,0.25,0.4,2,0.0509256957248198
"up",0.2,98,"PELT",0.25,0.125,0.166666666666667,4,0.0454821911654217
"up",0.2,98,"SVP",0.333333333333333,0.125,0.181818181818182,3,0.0422678610788146
"up",0.2,98,"SVP (BIC)",0.5,0.125,0.2,2,0.0576389487151368
"up",0.2,99,"PELT",0.333333333333333,0.125,0.181818181818182,3,0.0273351802173424
"up",0.2,99,"SVP",0.333333333333333,0.125,0.181818181818182,3,0.0273351802173424
"up",0.2,99,"SVP (BIC)",0.333333333333333,0.125,0.181818181818182,3,0.0273351802173424
"up",0.2,100,"PELT",0.333333333333333,0.125,0.181818181818182,3,0.0300936988605668
"up",0.2,100,"SVP",0.333333333333333,0.125,0.181818181818182,3,0.0300936988605668
"up",0.2,100,"SVP (BIC)",0.333333333333333,0.125,0.181818181818182,3,0.0300936988605668
"updown",0.2,1,"PELT",0.5,0.125,0.2,2,0.0240573070410249
"updown",0.2,1,"SVP",0.5,0.125,0.2,2,0.0240573070410249
"updown",0.2,1,"SVP (BIC)",1,0.125,0.222222222222222,1,0.0100038683913478
"updown",0.2,2,"PELT",1,0.125,0.222222222222222,1,0.0102348126840663
"updown",0.2,2,"SVP",1,0.125,0.222222222222222,1,0.0102348126840663
"updown",0.2,2,"SVP (BIC)",1,0.125,0.222222222222222,1,0.0102348126840663
"updown",0.2,3,"PELT",1,0.125,0.222222222222222,1,0.0102899325255199
"updown",0.2,3,"SVP",1,0.125,0.222222222222222,1,0.0102899325255199
"updown",0.2,3,"SVP (BIC)",1,0.125,0.222222222222222,1,0.0102899325255199
"updown",0.2,4,"PELT",1,0.125,0.222222222222222,1,0.0107399373016595
"updown",0.2,4,"SVP",1,0.125,0.222222222222222,1,0.0107399373016595
"updown",0.2,4,"SVP (BIC)",1,0.125,0.222222222222222,1,0.0107399373016595
"updown",0.2,5,"PELT",1,0.125,0.222222222222222,1,0.0112382628254828
"updown",0.2,5,"SVP",1,0.125,0.222222222222222,1,0.0112382628254828
"updown",0.2,5,"SVP (BIC)",1,0.125,0.222222222222222,1,0.0112382628254828
"updown",0.2,6,"PELT",1,0.125,0.222222222222222,1,0.0112095479891019
"updown",0.2,6,"SVP",1,0.125,0.222222222222222,1,0.0112095479891019
"updown",0.2,6,"SVP (BIC)",1,0.125,0.222222222222222,1,0.0112095479891019
"updown",0.2,7,"PELT",1,0.125,0.222222222222222,1,0.0100562915381979
"updown",0.2,7,"SVP",1,0.125,0.222222222222222,1,0.0100562915381979
"updown",0.2,7,"SVP (BIC)",1,0.125,0.222222222222222,1,0.0100562915381979
"updown",0.2,8,"PELT",1,0.125,0.222222222222222,1,0.010244690705298
"updown",0.2,8,"SVP",1,0.125,0.222222222222222,1,0.010244690705298
"updown",0.2,8,"SVP (BIC)",1,0.125,0.222222222222222,1,0.010244690705298
"updown",0.2,9,"PELT",1,0.125,0.222222222222222,1,0.0101776880165002
"updown",0.2,9,"SVP",1,0.125,0.222222222222222,1,0.0101776880165002
"updown",0.2,9,"SVP (BIC)",1,0.125,0.222222222222222,1,0.0101776880165002
"updown",0.2,10,"PELT",1,0.125,0.222222222222222,1,0.0112871505257622
"updown",0.2,10,"SVP",1,0.125,0.222222222222222,1,0.0112871505257622
"updown",0.2,10,"SVP (BIC)",1,0.125,0.222222222222222,1,0.0112871505257622
"updown",0.2,11,"PELT",1,0.125,0.222222222222222,1,0.0120568964155187
"updown",0.2,11,"SVP",1,0.125,0.222222222222222,1,0.0120568964155187
"updown",0.2,11,"SVP (BIC)",1,0.125,0.222222222222222,1,0.0120568964155187
"updown",0.2,12,"PELT",1,0.125,0.222222222222222,1,0.0113411036775267
"updown",0.2,12,"SVP",1,0.125,0.222222222222222,1,0.0113411036775267
"updown",0.2,12,"SVP (BIC)",1,0.125,0.222222222222222,1,0.0113411036775267
"updown",0.2,13,"PELT",1,0.125,0.222222222222222,1,0.0141503196214089
"updown",0.2,13,"SVP",1,0.125,0.222222222222222,1,0.0141503196214089
"updown",0.2,13,"SVP (BIC)",1,0.125,0.222222222222222,1,0.0141503196214089
"updown",0.2,14,"PELT",1,0.125,0.222222222222222,1,0.0153210256004375
"updown",0.2,14,"SVP",1,0.125,0.222222222222222,1,0.0153210256004375
"updown",0.2,14,"SVP (BIC)",1,0.125,0.222222222222222,1,0.0153210256004375
"updown",0.2,15,"PELT",1,0.125,0.222222222222222,1,0.0144294671572267
"updown",0.2,15,"SVP",1,0.125,0.222222222222222,1,0.0144294671572267
"updown",0.2,15,"SVP (BIC)",1,0.125,0.222222222222222,1,0.0144294671572267
"updown",0.2,16,"PELT",1,0.125,0.222222222222222,1,0.0136798584422385
"updown",0.2,16,"SVP",1,0.125,0.222222222222222,1,0.0136798584422385
"updown",0.2,16,"SVP (BIC)",1,0.125,0.222222222222222,1,0.0136798584422385
"updown",0.2,17,"PELT",1,0.125,0.222222222222222,1,0.0100313430751131
"updown",0.2,17,"SVP",1,0.125,0.222222222222222,1,0.0100313430751131
"updown",0.2,17,"SVP (BIC)",1,0.125,0.222222222222222,1,0.0100313430751131
"updown",0.2,18,"PELT",1,0.125,0.222222222222222,1,0.0100053775600509
"updown",0.2,18,"SVP",1,0.125,0.222222222222222,1,0.0100053775600509
"updown",0.2,18,"SVP (BIC)",1,0.125,0.222222222222222,1,0.0100053775600509
"updown",0.2,19,"PELT",1,0.125,0.222222222222222,1,0.0100057626621185
"updown",0.2,19,"SVP",1,0.125,0.222222222222222,1,0.0100057626621185
"updown",0.2,19,"SVP (BIC)",1,0.125,0.222222222222222,1,0.0100057626621185
"updown",0.2,20,"PELT",1,0.125,0.222222222222222,1,0.0100542561387576
"updown",0.2,20,"SVP",1,0.125,0.222222222222222,1,0.0100542561387576
"updown",0.2,20,"SVP (BIC)",1,0.125,0.222222222222222,1,0.0100542561387576
"updown",0.2,21,"PELT",1,0.125,0.222222222222222,1,0.0102987807403669
"updown",0.2,21,"SVP",1,0.125,0.222222222222222,1,0.0102987807403669
"updown",0.2,21,"SVP (BIC)",1,0.125,0.222222222222222,1,0.0102987807403669
"updown",0.2,22,"PELT",1,0.125,0.222222222222222,1,0.0101978915260408
"updown",0.2,22,"SVP",1,0.125,0.222222222222222,1,0.0101978915260408
"updown",0.2,22,"SVP (BIC)",1,0.125,0.222222222222222,1,0.0101978915260408
"updown",0.2,23,"PELT",1,0.125,0.222222222222222,1,0.0104811451300462
"updown",0.2,23,"SVP",1,0.125,0.222222222222222,1,0.0104811451300462
"updown",0.2,23,"SVP (BIC)",1,0.125,0.222222222222222,1,0.0104811451300462
"updown",0.2,24,"PELT",1,0.125,0.222222222222222,1,0.0113384850659162
"updown",0.2,24,"SVP",1,0.125,0.222222222222222,1,0.0113384850659162
"updown",0.2,24,"SVP (BIC)",1,0.125,0.222222222222222,1,0.0113384850659162
"updown",0.2,25,"PELT",1,0.125,0.222222222222222,1,0.0100817586288152
"updown",0.2,25,"SVP",1,0.125,0.222222222222222,1,0.0100817586288152
"updown",0.2,25,"SVP (BIC)",1,0.125,0.222222222222222,1,0.0100817586288152
"updown",0.2,26,"PELT",1,0.125,0.222222222222222,1,0.0162361593499824
"updown",0.2,26,"SVP",1,0.125,0.222222222222222,1,0.0162361593499824
"updown",0.2,26,"SVP (BIC)",1,0.125,0.222222222222222,1,0.0162361593499824
"updown",0.2,27,"PELT",1,0.125,0.222222222222222,1,0.010053182349205
"updown",0.2,27,"SVP",1,0.125,0.222222222222222,1,0.010053182349205
"updown",0.2,27,"SVP (BIC)",1,0.125,0.222222222222222,1,0.010053182349205
"updown",0.2,28,"PELT",1,0.125,0.222222222222222,1,0.010871376251687
"updown",0.2,28,"SVP",1,0.125,0.222222222222222,1,0.010871376251687
"updown",0.2,28,"SVP (BIC)",1,0.125,0.222222222222222,1,0.010871376251687
"updown",0.2,29,"PELT",1,0.125,0.222222222222222,1,0.0100580862702847
"updown",0.2,29,"SVP",1,0.125,0.222222222222222,1,0.0100580862702847
"updown",0.2,29,"SVP (BIC)",1,0.125,0.222222222222222,1,0.0100580862702847
"updown",0.2,30,"PELT",1,0.125,0.222222222222222,1,0.010832171258034
"updown",0.2,30,"SVP",1,0.125,0.222222222222222,1,0.010832171258034
"updown",0.2,30,"SVP (BIC)",1,0.125,0.222222222222222,1,0.010832171258034
"updown",0.2,31,"PELT",1,0.125,0.222222222222222,1,0.0100346744838218
"updown",0.2,31,"SVP",1,0.125,0.222222222222222,1,0.0100346744838218
"updown",0.2,31,"SVP (BIC)",1,0.125,0.222222222222222,1,0.0100346744838218
"updown",0.2,32,"PELT",1,0.125,0.222222222222222,1,0.0101612892891258
"updown",0.2,32,"SVP",1,0.125,0.222222222222222,1,0.0101612892891258
"updown",0.2,32,"SVP (BIC)",1,0.125,0.222222222222222,1,0.0101612892891258
"updown",0.2,33,"PELT",1,0.125,0.222222222222222,1,0.0101459022352973
"updown",0.2,33,"SVP",1,0.125,0.222222222222222,1,0.0101459022352973
"updown",0.2,33,"SVP (BIC)",1,0.125,0.222222222222222,1,0.0101459022352973
"updown",0.2,34,"PELT",1,0.125,0.222222222222222,1,0.0122254614138279
"updown",0.2,34,"SVP",1,0.125,0.222222222222222,1,0.0122254614138279
"updown",0.2,34,"SVP (BIC)",1,0.125,0.222222222222222,1,0.0122254614138279
"updown",0.2,35,"PELT",1,0.125,0.222222222222222,1,0.0109379450348137
"updown",0.2,35,"SVP",0.5,0.125,0.2,2,0.0116344815661957
"updown",0.2,35,"SVP (BIC)",1,0.125,0.222222222222222,1,0.0109379450348137
"updown",0.2,36,"PELT",1,0.125,0.222222222222222,1,0.0110569492195976
"updown",0.2,36,"SVP",1,0.125,0.222222222222222,1,0.0110569492195976
"updown",0.2,36,"SVP (BIC)",1,0.125,0.222222222222222,1,0.0110569492195976
"updown",0.2,37,"PELT",1,0.125,0.222222222222222,1,0.0131430311255893
"updown",0.2,37,"SVP",1,0.125,0.222222222222222,1,0.0131430311255893
"updown",0.2,37,"SVP (BIC)",1,0.125,0.222222222222222,1,0.0131430311255893
"updown",0.2,38,"PELT",1,0.125,0.222222222222222,1,0.0104607949806115
"updown",0.2,38,"SVP",1,0.125,0.222222222222222,1,0.0104607949806115
"updown",0.2,38,"SVP (BIC)",1,0.125,0.222222222222222,1,0.0104607949806115
"updown",0.2,39,"PELT",1,0.125,0.222222222222222,1,0.0101448943868976
"updown",0.2,39,"SVP",1,0.125,0.222222222222222,1,0.0101448943868976
"updown",0.2,39,"SVP (BIC)",1,0.125,0.222222222222222,1,0.0101448943868976
"updown",0.2,40,"PELT",1,0.125,0.222222222222222,1,0.0142135750432931
"updown",0.2,40,"SVP",1,0.125,0.222222222222222,1,0.0142135750432931
"updown",0.2,40,"SVP (BIC)",1,0.125,0.222222222222222,1,0.0142135750432931
"updown",0.2,41,"PELT",1,0.125,0.222222222222222,1,0.0113747525493973
"updown",0.2,41,"SVP",1,0.125,0.222222222222222,1,0.0113747525493973
"updown",0.2,41,"SVP (BIC)",1,0.125,0.222222222222222,1,0.0113747525493973
"updown",0.2,42,"PELT",1,0.125,0.222222222222222,1,0.0103580405251828
"updown",0.2,42,"SVP",1,0.125,0.222222222222222,1,0.0103580405251828
"updown",0.2,42,"SVP (BIC)",1,0.125,0.222222222222222,1,0.0103580405251828
"updown",0.2,43,"PELT",1,0.125,0.222222222222222,1,0.0112111083755035
"updown",0.2,43,"SVP",1,0.125,0.222222222222222,1,0.0112111083755035
"updown",0.2,43,"SVP (BIC)",1,0.125,0.222222222222222,1,0.0112111083755035
"updown",0.2,44,"PELT",1,0.125,0.222222222222222,1,0.010363256512288
"updown",0.2,44,"SVP",1,0.125,0.222222222222222,1,0.010363256512288
"updown",0.2,44,"SVP (BIC)",1,0.125,0.222222222222222,1,0.010363256512288
"updown",0.2,45,"PELT",1,0.125,0.222222222222222,1,0.010003690859716
"updown",0.2,45,"SVP",1,0.125,0.222222222222222,1,0.010003690859716
"updown",0.2,45,"SVP (BIC)",1,0.125,0.222222222222222,1,0.010003690859716
"updown",0.2,46,"PELT",1,0.125,0.222222222222222,1,0.0144587860839293
"updown",0.2,46,"SVP",1,0.125,0.222222222222222,1,0.0144587860839293
"updown",0.2,46,"SVP (BIC)",1,0.125,0.222222222222222,1,0.0144587860839293
"updown",0.2,47,"PELT",1,0.125,0.222222222222222,1,0.0101511710212417
"updown",0.2,47,"SVP",1,0.125,0.222222222222222,1,0.0101511710212417
"updown",0.2,47,"SVP (BIC)",1,0.125,0.222222222222222,1,0.0101511710212417
"updown",0.2,48,"PELT",1,0.125,0.222222222222222,1,0.0103617458893355
"updown",0.2,48,"SVP",1,0.125,0.222222222222222,1,0.0103617458893355
"updown",0.2,48,"SVP (BIC)",1,0.125,0.222222222222222,1,0.0103617458893355
"updown",0.2,49,"PELT",1,0.125,0.222222222222222,1,0.0102379678966457
"updown",0.2,49,"SVP",1,0.125,0.222222222222222,1,0.0102379678966457
"updown",0.2,49,"SVP (BIC)",1,0.125,0.222222222222222,1,0.0102379678966457
"updown",0.2,50,"PELT",1,0.125,0.222222222222222,1,0.0105182365172579
"updown",0.2,50,"SVP",1,0.125,0.222222222222222,1,0.0105182365172579
"updown",0.2,50,"SVP (BIC)",1,0.125,0.222222222222222,1,0.0105182365172579
"updown",0.2,51,"PELT",1,0.125,0.222222222222222,1,0.0104426323764617
"updown",0.2,51,"SVP",1,0.125,0.222222222222222,1,0.0104426323764617
"updown",0.2,51,"SVP (BIC)",1,0.125,0.222222222222222,1,0.0104426323764617
"updown",0.2,52,"PELT",1,0.125,0.222222222222222,1,0.0100201169073035
"updown",0.2,52,"SVP",1,0.125,0.222222222222222,1,0.0100201169073035
"updown",0.2,52,"SVP (BIC)",1,0.125,0.222222222222222,1,0.0100201169073035
"updown",0.2,53,"PELT",1,0.125,0.222222222222222,1,0.010033870722315
"updown",0.2,53,"SVP",1,0.125,0.222222222222222,1,0.010033870722315
"updown",0.2,53,"SVP (BIC)",1,0.125,0.222222222222222,1,0.010033870722315
"updown",0.2,54,"PELT",0.5,0.125,0.2,2,0.022355394371097
"updown",0.2,54,"SVP",1,0.125,0.222222222222222,1,0.0146495030774447
"updown",0.2,54,"SVP (BIC)",1,0.125,0.222222222222222,1,0.0146495030774447
"updown",0.2,55,"PELT",1,0.125,0.222222222222222,1,0.0104651938271717
"updown",0.2,55,"SVP",1,0.125,0.222222222222222,1,0.0104651938271717
"updown",0.2,55,"SVP (BIC)",1,0.125,0.222222222222222,1,0.0104651938271717
"updown",0.2,56,"PELT",1,0.125,0.222222222222222,1,0.0114884010069609
"updown",0.2,56,"SVP",1,0.125,0.222222222222222,1,0.0114884010069609
"updown",0.2,56,"SVP (BIC)",1,0.125,0.222222222222222,1,0.0114884010069609
"updown",0.2,57,"PELT",1,0.125,0.222222222222222,1,0.0117989114641478
"updown",0.2,57,"SVP",1,0.125,0.222222222222222,1,0.0117989114641478
"updown",0.2,57,"SVP (BIC)",1,0.125,0.222222222222222,1,0.0117989114641478
"updown",0.2,58,"PELT",1,0.125,0.222222222222222,1,0.0100007392120363
"updown",0.2,58,"SVP",1,0.125,0.222222222222222,1,0.0100007392120363
"updown",0.2,58,"SVP (BIC)",1,0.125,0.222222222222222,1,0.0100007392120363
"updown",0.2,59,"PELT",1,0.125,0.222222222222222,1,0.0110105022407644
"updown",0.2,59,"SVP",1,0.125,0.222222222222222,1,0.0110105022407644
"updown",0.2,59,"SVP (BIC)",1,0.125,0.222222222222222,1,0.0110105022407644
"updown",0.2,60,"PELT",1,0.125,0.222222222222222,1,0.0100000471261125
"updown",0.2,60,"SVP",1,0.125,0.222222222222222,1,0.0100000471261125
"updown",0.2,60,"SVP (BIC)",1,0.125,0.222222222222222,1,0.0100000471261125
"updown",0.2,61,"PELT",1,0.125,0.222222222222222,1,0.0100033593659476
"updown",0.2,61,"SVP",1,0.125,0.222222222222222,1,0.0100033593659476
"updown",0.2,61,"SVP (BIC)",1,0.125,0.222222222222222,1,0.0100033593659476
"updown",0.2,62,"PELT",1,0.125,0.222222222222222,1,0.0109136477604217
"updown",0.2,62,"SVP",1,0.125,0.222222222222222,1,0.0109136477604217
"updown",0.2,62,"SVP (BIC)",1,0.125,0.222222222222222,1,0.0109136477604217
"updown",0.2,63,"PELT",1,0.125,0.222222222222222,1,0.0116237669798188
"updown",0.2,63,"SVP",1,0.125,0.222222222222222,1,0.0116237669798188
"updown",0.2,63,"SVP (BIC)",1,0.125,0.222222222222222,1,0.0116237669798188
"updown",0.2,64,"PELT",0.5,0.125,0.2,2,0.0193017409828963
"updown",0.2,64,"SVP",1,0.125,0.222222222222222,1,0.0120010737317306
"updown",0.2,64,"SVP (BIC)",1,0.125,0.222222222222222,1,0.0120010737317306
"updown",0.2,65,"PELT",1,0.125,0.222222222222222,1,0.0105889082992905
"updown",0.2,65,"SVP",1,0.125,0.222222222222222,1,0.0105889082992905
"updown",0.2,65,"SVP (BIC)",1,0.125,0.222222222222222,1,0.0105889082992905
"updown",0.2,66,"PELT",1,0.125,0.222222222222222,1,0.0110435464720031
"updown",0.2,66,"SVP",1,0.125,0.222222222222222,1,0.0110435464720031
"updown",0.2,66,"SVP (BIC)",1,0.125,0.222222222222222,1,0.0110435464720031
"updown",0.2,67,"PELT",1,0.125,0.222222222222222,1,0.0169689907112799
"updown",0.2,67,"SVP",1,0.125,0.222222222222222,1,0.0169689907112799
"updown",0.2,67,"SVP (BIC)",1,0.125,0.222222222222222,1,0.0169689907112799
"updown",0.2,68,"PELT",1,0.125,0.222222222222222,1,0.011183318759621
"updown",0.2,68,"SVP",1,0.125,0.222222222222222,1,0.011183318759621
"updown",0.2,68,"SVP (BIC)",1,0.125,0.222222222222222,1,0.011183318759621
"updown",0.2,69,"PELT",1,0.125,0.222222222222222,1,0.0101143743756496
"updown",0.2,69,"SVP",1,0.125,0.222222222222222,1,0.0101143743756496
"updown",0.2,69,"SVP (BIC)",1,0.125,0.222222222222222,1,0.0101143743756496
"updown",0.2,70,"PELT",1,0.125,0.222222222222222,1,0.011746925337027
"updown",0.2,70,"SVP",1,0.125,0.222222222222222,1,0.011746925337027
"updown",0.2,70,"SVP (BIC)",1,0.125,0.222222222222222,1,0.011746925337027
"updown",0.2,71,"PELT",1,0.125,0.222222222222222,1,0.0104480471933074
"updown",0.2,71,"SVP",1,0.125,0.222222222222222,1,0.0104480471933074
"updown",0.2,71,"SVP (BIC)",1,0.125,0.222222222222222,1,0.0104480471933074
"updown",0.2,72,"PELT",1,0.125,0.222222222222222,1,0.0100209798255706
"updown",0.2,72,"SVP",1,0.125,0.222222222222222,1,0.0100209798255706
"updown",0.2,72,"SVP (BIC)",1,0.125,0.222222222222222,1,0.0100209798255706
"updown",0.2,73,"PELT",1,0.125,0.222222222222222,1,0.0118083158889006
"updown",0.2,73,"SVP",1,0.125,0.222222222222222,1,0.0118083158889006
"updown",0.2,73,"SVP (BIC)",1,0.125,0.222222222222222,1,0.0118083158889006
"updown",0.2,74,"PELT",1,0.125,0.222222222222222,1,0.0101393396187194
"updown",0.2,74,"SVP",1,0.125,0.222222222222222,1,0.0101393396187194
"updown",0.2,74,"SVP (BIC)",1,0.125,0.222222222222222,1,0.0101393396187194
"updown",0.2,75,"PELT",1,0.125,0.222222222222222,1,0.0100831743817953
"updown",0.2,75,"SVP",1,0.125,0.222222222222222,1,0.0100831743817953
"updown",0.2,75,"SVP (BIC)",1,0.125,0.222222222222222,1,0.0100831743817953
"updown",0.2,76,"PELT",1,0.125,0.222222222222222,1,0.0113383786709701
"updown",0.2,76,"SVP",1,0.125,0.222222222222222,1,0.0113383786709701
"updown",0.2,76,"SVP (BIC)",1,0.125,0.222222222222222,1,0.0113383786709701
"updown",0.2,77,"PELT",1,0.125,0.222222222222222,1,0.010042743094541
"updown",0.2,77,"SVP",1,0.125,0.222222222222222,1,0.010042743094541
"updown",0.2,77,"SVP (BIC)",1,0.125,0.222222222222222,1,0.010042743094541
"updown",0.2,78,"PELT",1,0.125,0.222222222222222,1,0.0101000577301796
"updown",0.2,78,"SVP",1,0.125,0.222222222222222,1,0.0101000577301796
"updown",0.2,78,"SVP (BIC)",1,0.125,0.222222222222222,1,0.0101000577301796
"updown",0.2,79,"PELT",1,0.125,0.222222222222222,1,0.0117079063331254
"updown",0.2,79,"SVP",1,0.125,0.222222222222222,1,0.0117079063331254
"updown",0.2,79,"SVP (BIC)",1,0.125,0.222222222222222,1,0.0117079063331254
"updown",0.2,80,"PELT",1,0.125,0.222222222222222,1,0.0106604883264916
"updown",0.2,80,"SVP",1,0.125,0.222222222222222,1,0.0106604883264916
"updown",0.2,80,"SVP (BIC)",1,0.125,0.222222222222222,1,0.0106604883264916
"updown",0.2,81,"PELT",0.666666666666667,0.25,0.363636363636364,3,0.0301894273933397
"updown",0.2,81,"SVP",1,0.125,0.222222222222222,1,0.0100044767404635
"updown",0.2,81,"SVP (BIC)",1,0.125,0.222222222222222,1,0.0100044767404635
"updown",0.2,82,"PELT",1,0.125,0.222222222222222,1,0.0117752600955288
"updown",0.2,82,"SVP",0.5,0.125,0.2,2,0.0142420218785332
"updown",0.2,82,"SVP (BIC)",1,0.125,0.222222222222222,1,0.0117752600955288
"updown",0.2,83,"PELT",1,0.125,0.222222222222222,1,0.0103860957510147
"updown",0.2,83,"SVP",1,0.125,0.222222222222222,1,0.0103860957510147
"updown",0.2,83,"SVP (BIC)",1,0.125,0.222222222222222,1,0.0103860957510147
"updown",0.2,84,"PELT",1,0.125,0.222222222222222,1,0.0106936750406033
"updown",0.2,84,"SVP",1,0.125,0.222222222222222,1,0.0106936750406033
"updown",0.2,84,"SVP (BIC)",1,0.125,0.222222222222222,1,0.0106936750406033
"updown",0.2,85,"PELT",1,0.125,0.222222222222222,1,0.0102193411395435
"updown",0.2,85,"SVP",1,0.125,0.222222222222222,1,0.0102193411395435
"updown",0.2,85,"SVP (BIC)",1,0.125,0.222222222222222,1,0.0102193411395435
"updown",0.2,86,"PELT",1,0.125,0.222222222222222,1,0.0106357301972798
"updown",0.2,86,"SVP",1,0.125,0.222222222222222,1,0.0106357301972798
"updown",0.2,86,"SVP (BIC)",1,0.125,0.222222222222222,1,0.0106357301972798
"updown",0.2,87,"PELT",0.5,0.125,0.2,2,0.0182602317227566
"updown",0.2,87,"SVP",1,0.125,0.222222222222222,1,0.0100525513112566
"updown",0.2,87,"SVP (BIC)",1,0.125,0.222222222222222,1,0.0100525513112566
"updown",0.2,88,"PELT",1,0.125,0.222222222222222,1,0.0100668255539129
"updown",0.2,88,"SVP",1,0.125,0.222222222222222,1,0.0100668255539129
"updown",0.2,88,"SVP (BIC)",1,0.125,0.222222222222222,1,0.0100668255539129
"updown",0.2,89,"PELT",1,0.125,0.222222222222222,1,0.0100292353457552
"updown",0.2,89,"SVP",1,0.125,0.222222222222222,1,0.0100292353457552
"updown",0.2,89,"SVP (BIC)",1,0.125,0.222222222222222,1,0.0100292353457552
"updown",0.2,90,"PELT",0.5,0.125,0.2,2,0.0187629098930717
"updown",0.2,90,"SVP",1,0.125,0.222222222222222,1,0.0100251112611704
"updown",0.2,90,"SVP (BIC)",1,0.125,0.222222222222222,1,0.0100251112611704
"updown",0.2,91,"PELT",1,0.125,0.222222222222222,1,0.0102646280077617
"updown",0.2,91,"SVP",1,0.125,0.222222222222222,1,0.0102646280077617
"updown",0.2,91,"SVP (BIC)",1,0.125,0.222222222222222,1,0.0102646280077617
"updown",0.2,92,"PELT",1,0.125,0.222222222222222,1,0.010347603474495
"updown",0.2,92,"SVP",1,0.125,0.222222222222222,1,0.010347603474495
"updown",0.2,92,"SVP (BIC)",1,0.125,0.222222222222222,1,0.010347603474495
"updown",0.2,93,"PELT",1,0.125,0.222222222222222,1,0.0100117213290057
"updown",0.2,93,"SVP",1,0.125,0.222222222222222,1,0.0100117213290057
"updown",0.2,93,"SVP (BIC)",1,0.125,0.222222222222222,1,0.0100117213290057
"updown",0.2,94,"PELT",1,0.125,0.222222222222222,1,0.0100045207205438
"updown",0.2,94,"SVP",1,0.125,0.222222222222222,1,0.0100045207205438
"updown",0.2,94,"SVP (BIC)",1,0.125,0.222222222222222,1,0.0100045207205438
"updown",0.2,95,"PELT",1,0.125,0.222222222222222,1,0.0111985592195093
"updown",0.2,95,"SVP",1,0.125,0.222222222222222,1,0.0111985592195093
"updown",0.2,95,"SVP (BIC)",1,0.125,0.222222222222222,1,0.0111985592195093
"updown",0.2,96,"PELT",0.5,0.125,0.2,2,0.02829938984843
"updown",0.2,96,"SVP",0.5,0.125,0.2,2,0.02829938984843
"updown",0.2,96,"SVP (BIC)",1,0.125,0.222222222222222,1,0.0100042627108943
"updown",0.2,97,"PELT",1,0.125,0.222222222222222,1,0.0102593380845169
"updown",0.2,97,"SVP",1,0.125,0.222222222222222,1,0.0102593380845169
"updown",0.2,97,"SVP (BIC)",1,0.125,0.222222222222222,1,0.0102593380845169
"updown",0.2,98,"PELT",0.5,0.125,0.2,2,0.0278975780719499
"updown",0.2,98,"SVP",0.5,0.125,0.2,2,0.0278975780719499
"updown",0.2,98,"SVP (BIC)",1,0.125,0.222222222222222,1,0.0147383351529768
"updown",0.2,99,"PELT",1,0.125,0.222222222222222,1,0.0125972765275705
"updown",0.2,99,"SVP",1,0.125,0.222222222222222,1,0.0125972765275705
"updown",0.2,99,"SVP (BIC)",1,0.125,0.222222222222222,1,0.0125972765275705
"updown",0.2,100,"PELT",1,0.125,0.222222222222222,1,0.0102947023559071
"updown",0.2,100,"SVP",1,0.125,0.222222222222222,1,0.0102947023559071
"updown",0.2,100,"SVP (BIC)",1,0.125,0.222222222222222,1,0.0102947023559071
"rand1",0.2,1,"PELT",1,0.125,0.222222222222222,1,0.0158954053353712
"rand1",0.2,1,"SVP",1,0.125,0.222222222222222,1,0.0158954053353712
"rand1",0.2,1,"SVP (BIC)",1,0.125,0.222222222222222,1,0.0158954053353712
"rand1",0.2,2,"PELT",0.5,0.125,0.2,2,0.0143014749129532
"rand1",0.2,2,"SVP",1,0.125,0.222222222222222,1,0.0170554693962007
"rand1",0.2,2,"SVP (BIC)",1,0.125,0.222222222222222,1,0.0170554693962007
"rand1",0.2,3,"PELT",1,0.125,0.222222222222222,1,0.0156829151678291
"rand1",0.2,3,"SVP",1,0.125,0.222222222222222,1,0.0156829151678291
"rand1",0.2,3,"SVP (BIC)",1,0.125,0.222222222222222,1,0.0156829151678291
"rand1",0.2,4,"PELT",0.5,0.125,0.2,2,0.0160518133835167
"rand1",0.2,4,"SVP",0.5,0.125,0.2,2,0.0160518133835167
"rand1",0.2,4,"SVP (BIC)",1,0.125,0.222222222222222,1,0.0174132227039925
"rand1",0.2,5,"PELT",1,0.25,0.4,2,0.0109484766780526
"rand1",0.2,5,"SVP",1,0.25,0.4,2,0.0109484766780526
"rand1",0.2,5,"SVP (BIC)",1,0.125,0.222222222222222,1,0.0156943390877423
"rand1",0.2,6,"PELT",1,0.125,0.222222222222222,1,0.0157680302379167
"rand1",0.2,6,"SVP",1,0.125,0.222222222222222,1,0.0157680302379167
"rand1",0.2,6,"SVP (BIC)",1,0.125,0.222222222222222,1,0.0157680302379167
"rand1",0.2,7,"PELT",1,0.125,0.222222222222222,1,0.0160923120687309
"rand1",0.2,7,"SVP",0.5,0.125,0.2,2,0.0127312922883562
"rand1",0.2,7,"SVP (BIC)",1,0.125,0.222222222222222,1,0.0160923120687309
"rand1",0.2,8,"PELT",0.5,0.125,0.2,2,0.0161996343596528
"rand1",0.2,8,"SVP",1,0.125,0.222222222222222,1,0.01628503956194
"rand1",0.2,8,"SVP (BIC)",1,0.125,0.222222222222222,1,0.01628503956194
"rand1",0.2,9,"PELT",0.5,0.125,0.2,2,0.0157788851420248
"rand1",0.2,9,"SVP",0.5,0.125,0.2,2,0.0157788851420248
"rand1",0.2,9,"SVP (BIC)",1,0.125,0.222222222222222,1,0.0159607032887421
"rand1",0.2,10,"PELT",0.5,0.125,0.2,2,0.0156357088279078
"rand1",0.2,10,"SVP",0.5,0.125,0.2,2,0.0156357088279078
"rand1",0.2,10,"SVP (BIC)",1,0.125,0.222222222222222,1,0.0158125872963933
"rand1",0.2,11,"PELT",1,0.125,0.222222222222222,1,0.016852436060759
"rand1",0.2,11,"SVP",1,0.125,0.222222222222222,1,0.016852436060759
"rand1",0.2,11,"SVP (BIC)",1,0.125,0.222222222222222,1,0.016852436060759
"rand1",0.2,12,"PELT",1,0.125,0.222222222222222,1,0.0175743005976702
"rand1",0.2,12,"SVP",1,0.125,0.222222222222222,1,0.0175743005976702
"rand1",0.2,12,"SVP (BIC)",1,0.125,0.222222222222222,1,0.0175743005976702
"rand1",0.2,13,"PELT",0.5,0.125,0.2,2,0.0165488917069243
"rand1",0.2,13,"SVP",0.5,0.125,0.2,2,0.0165488917069243
"rand1",0.2,13,"SVP (BIC)",1,0.125,0.222222222222222,1,0.0159724502752057
"rand1",0.2,14,"PELT",1,0.125,0.222222222222222,1,0.016080992472369
"rand1",0.2,14,"SVP",1,0.125,0.222222222222222,1,0.016080992472369
"rand1",0.2,14,"SVP (BIC)",1,0.125,0.222222222222222,1,0.016080992472369
"rand1",0.2,15,"PELT",1,0.125,0.222222222222222,1,0.0161875312800007
"rand1",0.2,15,"SVP",0.5,0.125,0.2,2,0.0109715061446994
"rand1",0.2,15,"SVP (BIC)",1,0.125,0.222222222222222,1,0.0161875312800007
"rand1",0.2,16,"PELT",1,0.125,0.222222222222222,1,0.0156901992373581
"rand1",0.2,16,"SVP",1,0.125,0.222222222222222,1,0.0156901992373581
"rand1",0.2,16,"SVP (BIC)",1,0.125,0.222222222222222,1,0.0156901992373581
"rand1",0.2,17,"PELT",1,0.125,0.222222222222222,1,0.0161935032103983
"rand1",0.2,17,"SVP",0.333333333333333,0.125,0.181818181818182,3,0.0390865266984554
"rand1",0.2,17,"SVP (BIC)",1,0.125,0.222222222222222,1,0.0161935032103983
"rand1",0.2,18,"PELT",1,0.125,0.222222222222222,1,0.0224775328780823
"rand1",0.2,18,"SVP",1,0.125,0.222222222222222,1,0.0224775328780823
"rand1",0.2,18,"SVP (BIC)",1,0.125,0.222222222222222,1,0.0224775328780823
"rand1",0.2,19,"PELT",1,0.125,0.222222222222222,1,0.0167685626393181
"rand1",0.2,19,"SVP",0.5,0.125,0.2,2,0.0113709193388775
"rand1",0.2,19,"SVP (BIC)",1,0.125,0.222222222222222,1,0.0167685626393181
"rand1",0.2,20,"PELT",1,0.125,0.222222222222222,1,0.0157538082156328
"rand1",0.2,20,"SVP",1,0.125,0.222222222222222,1,0.0157538082156328
"rand1",0.2,20,"SVP (BIC)",1,0.125,0.222222222222222,1,0.0157538082156328
"rand1",0.2,21,"PELT",1,0.125,0.222222222222222,1,0.0158037477725973
"rand1",0.2,21,"SVP",1,0.125,0.222222222222222,1,0.0158037477725973
"rand1",0.2,21,"SVP (BIC)",1,0.125,0.222222222222222,1,0.0158037477725973
"rand1",0.2,22,"PELT",1,0.125,0.222222222222222,1,0.0172065484848512
"rand1",0.2,22,"SVP",1,0.125,0.222222222222222,1,0.0172065484848512
"rand1",0.2,22,"SVP (BIC)",1,0.125,0.222222222222222,1,0.0172065484848512
"rand1",0.2,23,"PELT",1,0.125,0.222222222222222,1,0.0159780084725271
"rand1",0.2,23,"SVP",1,0.125,0.222222222222222,1,0.0159780084725271
"rand1",0.2,23,"SVP (BIC)",1,0.125,0.222222222222222,1,0.0159780084725271
"rand1",0.2,24,"PELT",1,0.125,0.222222222222222,1,0.0157452836322589
"rand1",0.2,24,"SVP",1,0.125,0.222222222222222,1,0.0157452836322589
"rand1",0.2,24,"SVP (BIC)",1,0.125,0.222222222222222,1,0.0157452836322589
"rand1",0.2,25,"PELT",0.333333333333333,0.125,0.181818181818182,3,0.0192225329719278
"rand1",0.2,25,"SVP",0.5,0.125,0.2,2,0.0149148536506437
"rand1",0.2,25,"SVP (BIC)",0.5,0.125,0.2,2,0.0149063474252442
"rand1",0.2,26,"PELT",1,0.125,0.222222222222222,1,0.0160792642533009
"rand1",0.2,26,"SVP",1,0.125,0.222222222222222,1,0.0160792642533009
"rand1",0.2,26,"SVP (BIC)",1,0.125,0.222222222222222,1,0.0160792642533009
"rand1",0.2,27,"PELT",1,0.125,0.222222222222222,1,0.0159860824879873
"rand1",0.2,27,"SVP",0.5,0.125,0.2,2,0.014177400635254
"rand1",0.2,27,"SVP (BIC)",1,0.125,0.222222222222222,1,0.0159860824879873
"rand1",0.2,28,"PELT",0.5,0.125,0.2,2,0.0187666458009658
"rand1",0.2,28,"SVP",1,0.125,0.222222222222222,1,0.0191769797296911
"rand1",0.2,28,"SVP (BIC)",1,0.125,0.222222222222222,1,0.0191769797296911
"rand1",0.2,29,"PELT",0.5,0.125,0.2,2,0.0144564313245236
"rand1",0.2,29,"SVP",1,0.125,0.222222222222222,1,0.0158370747006379
"rand1",0.2,29,"SVP (BIC)",1,0.125,0.222222222222222,1,0.0158370747006379
"rand1",0.2,30,"PELT",0.5,0.125,0.2,2,0.0185734970671961
"rand1",0.2,30,"SVP",0.5,0.125,0.2,2,0.0185734970671961
"rand1",0.2,30,"SVP (BIC)",1,0.125,0.222222222222222,1,0.0156925468617068
"rand1",0.2,31,"PELT",0.5,0.125,0.2,2,0.0118800952252399
"rand1",0.2,31,"SVP",1,0.125,0.222222222222222,1,0.0159343209927878
"rand1",0.2,31,"SVP (BIC)",1,0.125,0.222222222222222,1,0.0159343209927878
"rand1",0.2,32,"PELT",0.333333333333333,0.125,0.181818181818182,3,0.0252390543198962
"rand1",0.2,32,"SVP",1,0.125,0.222222222222222,1,0.0172429559360601
"rand1",0.2,32,"SVP (BIC)",1,0.125,0.222222222222222,1,0.0172429559360601
"rand1",0.2,33,"PELT",0.5,0.125,0.2,2,0.015451229556894
"rand1",0.2,33,"SVP",1,0.125,0.222222222222222,1,0.0158026762928645
"rand1",0.2,33,"SVP (BIC)",1,0.125,0.222222222222222,1,0.0158026762928645
"rand1",0.2,34,"PELT",0.5,0.125,0.2,2,0.0232152287479332
"rand1",0.2,34,"SVP",0.5,0.125,0.2,2,0.0232152287479332
"rand1",0.2,34,"SVP (BIC)",0.5,0.125,0.2,2,0.0232152287479332
"rand1",0.2,35,"PELT",1,0.125,0.222222222222222,1,0.0158193562496203
"rand1",0.2,35,"SVP",1,0.125,0.222222222222222,1,0.0158193562496203
"rand1",0.2,35,"SVP (BIC)",1,0.125,0.222222222222222,1,0.0158193562496203
"rand1",0.2,36,"PELT",0.5,0.125,0.2,2,0.0118713552293027
"rand1",0.2,36,"SVP",1,0.125,0.222222222222222,1,0.0159329394570921
"rand1",0.2,36,"SVP (BIC)",1,0.125,0.222222222222222,1,0.0159329394570921
"rand1",0.2,37,"PELT",1,0.125,0.222222222222222,1,0.0171913576053611
"rand1",0.2,37,"SVP",1,0.125,0.222222222222222,1,0.0171913576053611
"rand1",0.2,37,"SVP (BIC)",1,0.125,0.222222222222222,1,0.0171913576053611
"rand1",0.2,38,"PELT",1,0.25,0.4,2,0.0126938730905363
"rand1",0.2,38,"SVP",1,0.25,0.4,2,0.0126938730905363
"rand1",0.2,38,"SVP (BIC)",1,0.125,0.222222222222222,1,0.0157858939530875
"rand1",0.2,39,"PELT",1,0.125,0.222222222222222,1,0.0168662694070431
"rand1",0.2,39,"SVP",1,0.125,0.222222222222222,1,0.0168662694070431
"rand1",0.2,39,"SVP (BIC)",1,0.125,0.222222222222222,1,0.0168662694070431
"rand1",0.2,40,"PELT",0.666666666666667,0.25,0.363636363636364,3,0.0169608601024502
"rand1",0.2,40,"SVP",0.5,0.125,0.2,2,0.0128062270819975
"rand1",0.2,40,"SVP (BIC)",0.5,0.125,0.2,2,0.0116802776636951
"rand1",0.2,41,"PELT",1,0.125,0.222222222222222,1,0.0156738852018483
"rand1",0.2,41,"SVP",1,0.125,0.222222222222222,1,0.0156738852018483
"rand1",0.2,41,"SVP (BIC)",1,0.125,0.222222222222222,1,0.0156738852018483
"rand1",0.2,42,"PELT",1,0.125,0.222222222222222,1,0.0217128006134992
"rand1",0.2,42,"SVP",0.5,0.125,0.2,2,0.0161335241385438
"rand1",0.2,42,"SVP (BIC)",1,0.125,0.222222222222222,1,0.0217128006134992
"rand1",0.2,43,"PELT",1,0.125,0.222222222222222,1,0.0191158866582701
"rand1",0.2,43,"SVP",0.5,0.125,0.2,2,0.0140213785109355
"rand1",0.2,43,"SVP (BIC)",1,0.125,0.222222222222222,1,0.0191158866582701
"rand1",0.2,44,"PELT",1,0.125,0.222222222222222,1,0.0158264329988278
"rand1",0.2,44,"SVP",1,0.125,0.222222222222222,1,0.0158264329988278
"rand1",0.2,44,"SVP (BIC)",1,0.125,0.222222222222222,1,0.0158264329988278
"rand1",0.2,45,"PELT",0.333333333333333,0.125,0.181818181818182,3,0.0112041136729995
"rand1",0.2,45,"SVP",0.5,0.125,0.2,2,0.0109806094833102
"rand1",0.2,45,"SVP (BIC)",1,0.125,0.222222222222222,1,0.0158740721831758
"rand1",0.2,46,"PELT",0.333333333333333,0.125,0.181818181818182,3,0.0241501023773335
"rand1",0.2,46,"SVP",0.5,0.125,0.2,2,0.0152056107727001
"rand1",0.2,46,"SVP (BIC)",0.5,0.125,0.2,2,0.0154343957755695
"rand1",0.2,47,"PELT",1,0.125,0.222222222222222,1,0.0157744868088697
"rand1",0.2,47,"SVP",1,0.25,0.4,2,0.0107520495564588
"rand1",0.2,47,"SVP (BIC)",1,0.125,0.222222222222222,1,0.0157744868088697
"rand1",0.2,48,"PELT",1,0.125,0.222222222222222,1,0.0157801720451698
"rand1",0.2,48,"SVP",1,0.125,0.222222222222222,1,0.0157801720451698
"rand1",0.2,48,"SVP (BIC)",1,0.125,0.222222222222222,1,0.0157801720451698
"rand1",0.2,49,"PELT",1,0.125,0.222222222222222,1,0.0157017615690462
"rand1",0.2,49,"SVP",0.5,0.125,0.2,2,0.0142142291915374
"rand1",0.2,49,"SVP (BIC)",1,0.125,0.222222222222222,1,0.0157017615690462
"rand1",0.2,50,"PELT",1,0.125,0.222222222222222,1,0.0157257220591124
"rand1",0.2,50,"SVP",1,0.125,0.222222222222222,1,0.0157257220591124
"rand1",0.2,50,"SVP (BIC)",1,0.125,0.222222222222222,1,0.0157257220591124
"rand1",0.2,51,"PELT",1,0.125,0.222222222222222,1,0.0162065388692829
"rand1",0.2,51,"SVP",0.5,0.125,0.2,2,0.0121466072505099
"rand1",0.2,51,"SVP (BIC)",1,0.125,0.222222222222222,1,0.0162065388692829
"rand1",0.2,52,"PELT",1,0.125,0.222222222222222,1,0.0157032757514843
"rand1",0.2,52,"SVP",1,0.125,0.222222222222222,1,0.0157032757514843
"rand1",0.2,52,"SVP (BIC)",1,0.125,0.222222222222222,1,0.0157032757514843
"rand1",0.2,53,"PELT",1,0.125,0.222222222222222,1,0.0161804770861066
"rand1",0.2,53,"SVP",1,0.125,0.222222222222222,1,0.0161804770861066
"rand1",0.2,53,"SVP (BIC)",1,0.125,0.222222222222222,1,0.0161804770861066
"rand1",0.2,54,"PELT",1,0.125,0.222222222222222,1,0.0158027353113658
"rand1",0.2,54,"SVP",1,0.125,0.222222222222222,1,0.0158027353113658
"rand1",0.2,54,"SVP (BIC)",1,0.125,0.222222222222222,1,0.0158027353113658
"rand1",0.2,55,"PELT",0.333333333333333,0.125,0.181818181818182,3,0.0203918814826304
"rand1",0.2,55,"SVP",1,0.25,0.4,2,0.0121716051941549
"rand1",0.2,55,"SVP (BIC)",1,0.125,0.222222222222222,1,0.0157447166083742
"rand1",0.2,56,"PELT",1,0.125,0.222222222222222,1,0.0156892373998381
"rand1",0.2,56,"SVP",1,0.125,0.222222222222222,1,0.0156892373998381
"rand1",0.2,56,"SVP (BIC)",1,0.125,0.222222222222222,1,0.0156892373998381
"rand1",0.2,57,"PELT",1,0.125,0.222222222222222,1,0.0173714811392095
"rand1",0.2,57,"SVP",1,0.125,0.222222222222222,1,0.0173714811392095
"rand1",0.2,57,"SVP (BIC)",1,0.125,0.222222222222222,1,0.0173714811392095
"rand1",0.2,58,"PELT",0.5,0.125,0.2,2,0.0156379659396535
"rand1",0.2,58,"SVP",0.5,0.125,0.2,2,0.0156379659396535
"rand1",0.2,58,"SVP (BIC)",1,0.125,0.222222222222222,1,0.0175886720236411
"rand1",0.2,59,"PELT",1,0.125,0.222222222222222,1,0.015855971233492
"rand1",0.2,59,"SVP",0.5,0.125,0.2,2,0.0138173530066528
"rand1",0.2,59,"SVP (BIC)",1,0.125,0.222222222222222,1,0.015855971233492
"rand1",0.2,60,"PELT",0.5,0.125,0.2,2,0.0213829125516406
"rand1",0.2,60,"SVP",0.5,0.125,0.2,2,0.0213829125516406
"rand1",0.2,60,"SVP (BIC)",0.5,0.125,0.2,2,0.0213829125516406
"rand1",0.2,61,"PELT",0.5,0.125,0.2,2,0.0144752228338209
"rand1",0.2,61,"SVP",0.5,0.125,0.2,2,0.0144752228338209
"rand1",0.2,61,"SVP (BIC)",1,0.125,0.222222222222222,1,0.0156796879215606
"rand1",0.2,62,"PELT",0.333333333333333,0.125,0.181818181818182,3,0.0280654080088431
"rand1",0.2,62,"SVP",0.5,0.125,0.2,2,0.0181253890312107
"rand1",0.2,62,"SVP (BIC)",0.5,0.125,0.2,2,0.0173767978412706
"rand1",0.2,63,"PELT",1,0.125,0.222222222222222,1,0.0160115332801554
"rand1",0.2,63,"SVP",0.5,0.125,0.2,2,0.0126684782441398
"rand1",0.2,63,"SVP (BIC)",1,0.125,0.222222222222222,1,0.0160115332801554
"rand1",0.2,64,"PELT",0.333333333333333,0.125,0.181818181818182,3,0.0169917214274283
"rand1",0.2,64,"SVP",0.5,0.125,0.2,2,0.0158558186909454
"rand1",0.2,64,"SVP (BIC)",0.5,0.125,0.2,2,0.0162031675552536
"rand1",0.2,65,"PELT",0.333333333333333,0.125,0.181818181818182,3,0.0110128961053311
"rand1",0.2,65,"SVP",0.5,0.125,0.2,2,0.012894317466659
"rand1",0.2,65,"SVP (BIC)",0.5,0.125,0.2,2,0.012894317466659
"rand1",0.2,66,"PELT",1,0.125,0.222222222222222,1,0.0158043891787624
"rand1",0.2,66,"SVP",1,0.25,0.4,2,0.010415240297034
"rand1",0.2,66,"SVP (BIC)",1,0.125,0.222222222222222,1,0.0158043891787624
"rand1",0.2,67,"PELT",1,0.125,0.222222222222222,1,0.0156857487495601
"rand1",0.2,67,"SVP",1,0.125,0.222222222222222,1,0.0156857487495601
"rand1",0.2,67,"SVP (BIC)",1,0.125,0.222222222222222,1,0.0156857487495601
"rand1",0.2,68,"PELT",0.333333333333333,0.125,0.181818181818182,3,0.0180658316987826
"rand1",0.2,68,"SVP",1,0.125,0.222222222222222,1,0.0162066999055919
"rand1",0.2,68,"SVP (BIC)",1,0.125,0.222222222222222,1,0.0162066999055919
"rand1",0.2,69,"PELT",0.5,0.125,0.2,2,0.0146485231198769
"rand1",0.2,69,"SVP",0.5,0.125,0.2,2,0.0146485231198769
"rand1",0.2,69,"SVP (BIC)",0.5,0.125,0.2,2,0.0146485231198769
"rand1",0.2,70,"PELT",1,0.125,0.222222222222222,1,0.0157161736610554
"rand1",0.2,70,"SVP",1,0.125,0.222222222222222,1,0.0157161736610554
"rand1",0.2,70,"SVP (BIC)",1,0.125,0.222222222222222,1,0.0157161736610554
"rand1",0.2,71,"PELT",1,0.125,0.222222222222222,1,0.0159455298556388
"rand1",0.2,71,"SVP",1,0.125,0.222222222222222,1,0.0159455298556388
"rand1",0.2,71,"SVP (BIC)",1,0.125,0.222222222222222,1,0.0159455298556388
"rand1",0.2,72,"PELT",1,0.125,0.222222222222222,1,0.0167727882645336
"rand1",0.2,72,"SVP",0.5,0.125,0.2,2,0.0123908030183939
"rand1",0.2,72,"SVP (BIC)",1,0.125,0.222222222222222,1,0.0167727882645336
"rand1",0.2,73,"PELT",1,0.125,0.222222222222222,1,0.0159543592670412
"rand1",0.2,73,"SVP",1,0.125,0.222222222222222,1,0.0159543592670412
"rand1",0.2,73,"SVP (BIC)",1,0.125,0.222222222222222,1,0.0159543592670412
"rand1",0.2,74,"PELT",1,0.125,0.222222222222222,1,0.0158234974104608
"rand1",0.2,74,"SVP",1,0.125,0.222222222222222,1,0.0158234974104608
"rand1",0.2,74,"SVP (BIC)",1,0.125,0.222222222222222,1,0.0158234974104608
"rand1",0.2,75,"PELT",1,0.125,0.222222222222222,1,0.0157072317981907
"rand1",0.2,75,"SVP",1,0.125,0.222222222222222,1,0.0157072317981907
"rand1",0.2,75,"SVP (BIC)",1,0.125,0.222222222222222,1,0.0157072317981907
"rand1",0.2,76,"PELT",1,0.125,0.222222222222222,1,0.0163911706828829
"rand1",0.2,76,"SVP",0.5,0.125,0.2,2,0.0152807987567165
"rand1",0.2,76,"SVP (BIC)",1,0.125,0.222222222222222,1,0.0163911706828829
"rand1",0.2,77,"PELT",1,0.125,0.222222222222222,1,0.0157016936848465
"rand1",0.2,77,"SVP",1,0.125,0.222222222222222,1,0.0157016936848465
"rand1",0.2,77,"SVP (BIC)",1,0.125,0.222222222222222,1,0.0157016936848465
"rand1",0.2,78,"PELT",1,0.125,0.222222222222222,1,0.0167366772177922
"rand1",0.2,78,"SVP",1,0.125,0.222222222222222,1,0.0167366772177922
"rand1",0.2,78,"SVP (BIC)",1,0.125,0.222222222222222,1,0.0167366772177922
"rand1",0.2,79,"PELT",1,0.125,0.222222222222222,1,0.0199904786159938
"rand1",0.2,79,"SVP",1,0.125,0.222222222222222,1,0.0199904786159938
"rand1",0.2,79,"SVP (BIC)",1,0.125,0.222222222222222,1,0.0199904786159938
"rand1",0.2,80,"PELT",1,0.125,0.222222222222222,1,0.0159788837588468
"rand1",0.2,80,"SVP",1,0.125,0.222222222222222,1,0.0159788837588468
"rand1",0.2,80,"SVP (BIC)",1,0.125,0.222222222222222,1,0.0159788837588468
"rand1",0.2,81,"PELT",1,0.125,0.222222222222222,1,0.0162417217091839
"rand1",0.2,81,"SVP",1,0.125,0.222222222222222,1,0.0162417217091839
"rand1",0.2,81,"SVP (BIC)",1,0.125,0.222222222222222,1,0.0162417217091839
"rand1",0.2,82,"PELT",0.333333333333333,0.125,0.181818181818182,3,0.0254772988177468
"rand1",0.2,82,"SVP",0.5,0.125,0.2,2,0.0107685739680822
"rand1",0.2,82,"SVP (BIC)",0.5,0.125,0.2,2,0.014708087037229
"rand1",0.2,83,"PELT",1,0.125,0.222222222222222,1,0.0156781835198453
"rand1",0.2,83,"SVP",1,0.125,0.222222222222222,1,0.0156781835198453
"rand1",0.2,83,"SVP (BIC)",1,0.125,0.222222222222222,1,0.0156781835198453
"rand1",0.2,84,"PELT",1,0.125,0.222222222222222,1,0.0158003007250801
"rand1",0.2,84,"SVP",1,0.125,0.222222222222222,1,0.0158003007250801
"rand1",0.2,84,"SVP (BIC)",1,0.125,0.222222222222222,1,0.0158003007250801
"rand1",0.2,85,"PELT",1,0.125,0.222222222222222,1,0.0160099835098857
"rand1",0.2,85,"SVP",1,0.25,0.4,2,0.0122972880861844
"rand1",0.2,85,"SVP (BIC)",1,0.125,0.222222222222222,1,0.0160099835098857
"rand1",0.2,86,"PELT",1,0.125,0.222222222222222,1,0.0158395138725902
"rand1",0.2,86,"SVP",1,0.125,0.222222222222222,1,0.0158395138725902
"rand1",0.2,86,"SVP (BIC)",1,0.125,0.222222222222222,1,0.0158395138725902
"rand1",0.2,87,"PELT",0.5,0.125,0.2,2,0.0128335633364335
"rand1",0.2,87,"SVP",0.5,0.125,0.2,2,0.0128335633364335
"rand1",0.2,87,"SVP (BIC)",1,0.125,0.222222222222222,1,0.0158196309596448
"rand1",0.2,88,"PELT",1,0.125,0.222222222222222,1,0.0167029848648414
"rand1",0.2,88,"SVP",1,0.125,0.222222222222222,1,0.0167029848648414
"rand1",0.2,88,"SVP (BIC)",1,0.125,0.222222222222222,1,0.0167029848648414
"rand1",0.2,89,"PELT",1,0.125,0.222222222222222,1,0.0156837424533817
"rand1",0.2,89,"SVP",1,0.125,0.222222222222222,1,0.0156837424533817
"rand1",0.2,89,"SVP (BIC)",1,0.125,0.222222222222222,1,0.0156837424533817
"rand1",0.2,90,"PELT",0.5,0.125,0.2,2,0.0131643823321424
"rand1",0.2,90,"SVP",0.5,0.125,0.2,2,0.0131643823321424
"rand1",0.2,90,"SVP (BIC)",1,0.125,0.222222222222222,1,0.0158244702317605
"rand1",0.2,91,"PELT",1,0.25,0.4,2,0.0111961790267375
"rand1",0.2,91,"SVP",1,0.25,0.4,2,0.0111961790267375
"rand1",0.2,91,"SVP (BIC)",1,0.125,0.222222222222222,1,0.0158129211590141
"rand1",0.2,92,"PELT",1,0.125,0.222222222222222,1,0.0163618608146869
"rand1",0.2,92,"SVP",0.5,0.125,0.2,2,0.0119918870422126
"rand1",0.2,92,"SVP (BIC)",1,0.125,0.222222222222222,1,0.0163618608146869
"rand1",0.2,93,"PELT",1,0.125,0.222222222222222,1,0.0157388107670775
"rand1",0.2,93,"SVP",0.5,0.125,0.2,2,0.0156285627095764
"rand1",0.2,93,"SVP (BIC)",1,0.125,0.222222222222222,1,0.0157388107670775
"rand1",0.2,94,"PELT",0.5,0.125,0.2,2,0.0134030253634267
"rand1",0.2,94,"SVP",1,0.125,0.222222222222222,1,0.0170106008140591
"rand1",0.2,94,"SVP (BIC)",1,0.125,0.222222222222222,1,0.0170106008140591
"rand1",0.2,95,"PELT",1,0.125,0.222222222222222,1,0.0192971852649023
"rand1",0.2,95,"SVP",0.5,0.125,0.2,2,0.0142317532458888
"rand1",0.2,95,"SVP (BIC)",1,0.125,0.222222222222222,1,0.0192971852649023
"rand1",0.2,96,"PELT",1,0.125,0.222222222222222,1,0.0189290496105922
"rand1",0.2,96,"SVP",1,0.125,0.222222222222222,1,0.0189290496105922
"rand1",0.2,96,"SVP (BIC)",1,0.125,0.222222222222222,1,0.0189290496105922
"rand1",0.2,97,"PELT",0.333333333333333,0.125,0.181818181818182,3,0.0158504345043613
"rand1",0.2,97,"SVP",0.5,0.125,0.2,2,0.0145065513625189
"rand1",0.2,97,"SVP (BIC)",0.5,0.125,0.2,2,0.0153003454401424
"rand1",0.2,98,"PELT",0.5,0.125,0.2,2,0.0124243509930096
"rand1",0.2,98,"SVP",0.5,0.125,0.2,2,0.0124243509930096
"rand1",0.2,98,"SVP (BIC)",1,0.125,0.222222222222222,1,0.0157078406891331
"rand1",0.2,99,"PELT",1,0.125,0.222222222222222,1,0.0166304724159619
"rand1",0.2,99,"SVP",1,0.125,0.222222222222222,1,0.0166304724159619
"rand1",0.2,99,"SVP (BIC)",1,0.125,0.222222222222222,1,0.0166304724159619
"rand1",0.2,100,"PELT",1,0.125,0.222222222222222,1,0.0156859015817459
"rand1",0.2,100,"SVP",1,0.125,0.222222222222222,1,0.0156859015817459
"rand1",0.2,100,"SVP (BIC)",1,0.125,0.222222222222222,1,0.0156859015817459
"none",0.3,1,"PELT",1,1,1,1,3.50746790653849e-05
"none",0.3,1,"SVP",1,1,1,1,3.50746790653849e-05
"none",0.3,1,"SVP (BIC)",1,1,1,1,3.50746790653849e-05
"none",0.3,2,"PELT",1,1,1,1,5.89846172256558e-07
"none",0.3,2,"SVP",1,1,1,1,5.89846172256558e-07
"none",0.3,2,"SVP (BIC)",1,1,1,1,5.89846172256558e-07
"none",0.3,3,"PELT",1,1,1,1,0.00339318412058555
"none",0.3,3,"SVP",1,1,1,1,0.00339318412058555
"none",0.3,3,"SVP (BIC)",1,1,1,1,0.00339318412058555
"none",0.3,4,"PELT",1,1,1,1,0.000394010370755457
"none",0.3,4,"SVP",1,1,1,1,0.000394010370755457
"none",0.3,4,"SVP (BIC)",1,1,1,1,0.000394010370755457
"none",0.3,5,"PELT",1,1,1,1,0.00112799841370231
"none",0.3,5,"SVP",1,1,1,1,0.00112799841370231
"none",0.3,5,"SVP (BIC)",1,1,1,1,0.00112799841370231
"none",0.3,6,"PELT",1,1,1,1,4.7654690472502e-05
"none",0.3,6,"SVP",1,1,1,1,4.7654690472502e-05
"none",0.3,6,"SVP (BIC)",1,1,1,1,4.7654690472502e-05
"none",0.3,7,"PELT",1,1,1,1,0.000623995411903747
"none",0.3,7,"SVP",1,1,1,1,0.000623995411903747
"none",0.3,7,"SVP (BIC)",1,1,1,1,0.000623995411903747
"none",0.3,8,"PELT",1,1,1,1,0.00350664802102409
"none",0.3,8,"SVP",1,1,1,1,0.00350664802102409
"none",0.3,8,"SVP (BIC)",1,1,1,1,0.00350664802102409
"none",0.3,9,"PELT",1,1,1,1,0.000119985752763022
"none",0.3,9,"SVP",1,1,1,1,0.000119985752763022
"none",0.3,9,"SVP (BIC)",1,1,1,1,0.000119985752763022
"none",0.3,10,"PELT",1,1,1,1,0.00291720037459987
"none",0.3,10,"SVP",1,1,1,1,0.00291720037459987
"none",0.3,10,"SVP (BIC)",1,1,1,1,0.00291720037459987
"none",0.3,11,"PELT",1,1,1,1,0.000786520365590119
"none",0.3,11,"SVP",1,1,1,1,0.000786520365590119
"none",0.3,11,"SVP (BIC)",1,1,1,1,0.000786520365590119
"none",0.3,12,"PELT",1,1,1,1,0.000669227240302413
"none",0.3,12,"SVP",1,1,1,1,0.000669227240302413
"none",0.3,12,"SVP (BIC)",1,1,1,1,0.000669227240302413
"none",0.3,13,"PELT",1,1,1,1,0.000617648598738786
"none",0.3,13,"SVP",1,1,1,1,0.000617648598738786
"none",0.3,13,"SVP (BIC)",1,1,1,1,0.000617648598738786
"none",0.3,14,"PELT",1,1,1,1,4.043432441514e-06
"none",0.3,14,"SVP",1,1,1,1,4.043432441514e-06
"none",0.3,14,"SVP (BIC)",1,1,1,1,4.043432441514e-06
"none",0.3,15,"PELT",1,1,1,1,0.00119657135393512
"none",0.3,15,"SVP",1,1,1,1,0.00119657135393512
"none",0.3,15,"SVP (BIC)",1,1,1,1,0.00119657135393512
"none",0.3,16,"PELT",1,1,1,1,0.00238489996299858
"none",0.3,16,"SVP",1,1,1,1,0.00238489996299858
"none",0.3,16,"SVP (BIC)",1,1,1,1,0.00238489996299858
"none",0.3,17,"PELT",1,1,1,1,0.000400501447717089
"none",0.3,17,"SVP",1,1,1,1,0.000400501447717089
"none",0.3,17,"SVP (BIC)",1,1,1,1,0.000400501447717089
"none",0.3,18,"PELT",1,1,1,1,0.00125664574837385
"none",0.3,18,"SVP",1,1,1,1,0.00125664574837385
"none",0.3,18,"SVP (BIC)",1,1,1,1,0.00125664574837385
"none",0.3,19,"PELT",1,1,1,1,1.57858747826069e-05
"none",0.3,19,"SVP",1,1,1,1,1.57858747826069e-05
"none",0.3,19,"SVP (BIC)",1,1,1,1,1.57858747826069e-05
"none",0.3,20,"PELT",1,1,1,1,0.000394997184025818
"none",0.3,20,"SVP",1,1,1,1,0.000394997184025818
"none",0.3,20,"SVP (BIC)",1,1,1,1,0.000394997184025818
"none",0.3,21,"PELT",1,1,1,1,0.000160546675343722
"none",0.3,21,"SVP",1,1,1,1,0.000160546675343722
"none",0.3,21,"SVP (BIC)",1,1,1,1,0.000160546675343722
"none",0.3,22,"PELT",1,1,1,1,0.00273152074842745
"none",0.3,22,"SVP",1,1,1,1,0.00273152074842745
"none",0.3,22,"SVP (BIC)",1,1,1,1,0.00273152074842745
"none",0.3,23,"PELT",1,1,1,1,0.00132847659408754
"none",0.3,23,"SVP",1,1,1,1,0.00132847659408754
"none",0.3,23,"SVP (BIC)",1,1,1,1,0.00132847659408754
"none",0.3,24,"PELT",1,1,1,1,5.07297200510404e-06
"none",0.3,24,"SVP",1,1,1,1,5.07297200510404e-06
"none",0.3,24,"SVP (BIC)",1,1,1,1,5.07297200510404e-06
"none",0.3,25,"PELT",1,1,1,1,0.000106045198355992
"none",0.3,25,"SVP",1,1,1,1,0.000106045198355992
"none",0.3,25,"SVP (BIC)",1,1,1,1,0.000106045198355992
"none",0.3,26,"PELT",1,1,1,1,0.000466078522254627
"none",0.3,26,"SVP",1,1,1,1,0.000466078522254627
"none",0.3,26,"SVP (BIC)",1,1,1,1,0.000466078522254627
"none",0.3,27,"PELT",1,1,1,1,0.00187510262942026
"none",0.3,27,"SVP",1,1,1,1,0.00187510262942026
"none",0.3,27,"SVP (BIC)",1,1,1,1,0.00187510262942026
"none",0.3,28,"PELT",1,1,1,1,0.00216567749536594
"none",0.3,28,"SVP",1,1,1,1,0.00216567749536594
"none",0.3,28,"SVP (BIC)",1,1,1,1,0.00216567749536594
"none",0.3,29,"PELT",1,1,1,1,0.00556717888866273
"none",0.3,29,"SVP",1,1,1,1,0.00556717888866273
"none",0.3,29,"SVP (BIC)",1,1,1,1,0.00556717888866273
"none",0.3,30,"PELT",1,1,1,1,0.000505088082701902
"none",0.3,30,"SVP",1,1,1,1,0.000505088082701902
"none",0.3,30,"SVP (BIC)",1,1,1,1,0.000505088082701902
"none",0.3,31,"PELT",1,1,1,1,2.42365120994954e-05
"none",0.3,31,"SVP",1,1,1,1,2.42365120994954e-05
"none",0.3,31,"SVP (BIC)",1,1,1,1,2.42365120994954e-05
"none",0.3,32,"PELT",1,1,1,1,0.00238334733251636
"none",0.3,32,"SVP",1,1,1,1,0.00238334733251636
"none",0.3,32,"SVP (BIC)",1,1,1,1,0.00238334733251636
"none",0.3,33,"PELT",1,1,1,1,8.08361021275555e-05
"none",0.3,33,"SVP",1,1,1,1,8.08361021275555e-05
"none",0.3,33,"SVP (BIC)",1,1,1,1,8.08361021275555e-05
"none",0.3,34,"PELT",1,1,1,1,0.000122189745794095
"none",0.3,34,"SVP",1,1,1,1,0.000122189745794095
"none",0.3,34,"SVP (BIC)",1,1,1,1,0.000122189745794095
"none",0.3,35,"PELT",1,1,1,1,0.00164718685490672
"none",0.3,35,"SVP",1,1,1,1,0.00164718685490672
"none",0.3,35,"SVP (BIC)",1,1,1,1,0.00164718685490672
"none",0.3,36,"PELT",1,1,1,1,0.00240059440191142
"none",0.3,36,"SVP",1,1,1,1,0.00240059440191142
"none",0.3,36,"SVP (BIC)",1,1,1,1,0.00240059440191142
"none",0.3,37,"PELT",1,1,1,1,0.00075439445076631
"none",0.3,37,"SVP",1,1,1,1,0.00075439445076631
"none",0.3,37,"SVP (BIC)",1,1,1,1,0.00075439445076631
"none",0.3,38,"PELT",1,1,1,1,0.000101170215020172
"none",0.3,38,"SVP",0.5,1,0.666666666666667,2,0.0077796169266094
"none",0.3,38,"SVP (BIC)",1,1,1,1,0.000101170215020172
"none",0.3,39,"PELT",1,1,1,1,0.00299288355892917
"none",0.3,39,"SVP",1,1,1,1,0.00299288355892917
"none",0.3,39,"SVP (BIC)",1,1,1,1,0.00299288355892917
"none",0.3,40,"PELT",1,1,1,1,0.0070516892002881
"none",0.3,40,"SVP",1,1,1,1,0.0070516892002881
"none",0.3,40,"SVP (BIC)",1,1,1,1,0.0070516892002881
"none",0.3,41,"PELT",1,1,1,1,0.000241911157253195
"none",0.3,41,"SVP",1,1,1,1,0.000241911157253195
"none",0.3,41,"SVP (BIC)",1,1,1,1,0.000241911157253195
"none",0.3,42,"PELT",1,1,1,1,0.000379707400806672
"none",0.3,42,"SVP",1,1,1,1,0.000379707400806672
"none",0.3,42,"SVP (BIC)",1,1,1,1,0.000379707400806672
"none",0.3,43,"PELT",1,1,1,1,0.00162239953810268
"none",0.3,43,"SVP",1,1,1,1,0.00162239953810268
"none",0.3,43,"SVP (BIC)",1,1,1,1,0.00162239953810268
"none",0.3,44,"PELT",1,1,1,1,0.000230852606854033
"none",0.3,44,"SVP",1,1,1,1,0.000230852606854033
"none",0.3,44,"SVP (BIC)",1,1,1,1,0.000230852606854033
"none",0.3,45,"PELT",1,1,1,1,0.000699475116850361
"none",0.3,45,"SVP",1,1,1,1,0.000699475116850361
"none",0.3,45,"SVP (BIC)",1,1,1,1,0.000699475116850361
"none",0.3,46,"PELT",1,1,1,1,0.000612161573826537
"none",0.3,46,"SVP",1,1,1,1,0.000612161573826537
"none",0.3,46,"SVP (BIC)",1,1,1,1,0.000612161573826537
"none",0.3,47,"PELT",1,1,1,1,2.25715368975778e-05
"none",0.3,47,"SVP",1,1,1,1,2.25715368975778e-05
"none",0.3,47,"SVP (BIC)",1,1,1,1,2.25715368975778e-05
"none",0.3,48,"PELT",1,1,1,1,0.000105619392854946
"none",0.3,48,"SVP",1,1,1,1,0.000105619392854946
"none",0.3,48,"SVP (BIC)",1,1,1,1,0.000105619392854946
"none",0.3,49,"PELT",1,1,1,1,5.65303006387116e-05
"none",0.3,49,"SVP",1,1,1,1,5.65303006387116e-05
"none",0.3,49,"SVP (BIC)",1,1,1,1,5.65303006387116e-05
"none",0.3,50,"PELT",1,1,1,1,6.76158084391399e-05
"none",0.3,50,"SVP",1,1,1,1,6.76158084391399e-05
"none",0.3,50,"SVP (BIC)",1,1,1,1,6.76158084391399e-05
"none",0.3,51,"PELT",1,1,1,1,0.000186950344929322
"none",0.3,51,"SVP",1,1,1,1,0.000186950344929322
"none",0.3,51,"SVP (BIC)",1,1,1,1,0.000186950344929322
"none",0.3,52,"PELT",1,1,1,1,0.0011584493811337
"none",0.3,52,"SVP",1,1,1,1,0.0011584493811337
"none",0.3,52,"SVP (BIC)",1,1,1,1,0.0011584493811337
"none",0.3,53,"PELT",1,1,1,1,7.24477824506154e-05
"none",0.3,53,"SVP",1,1,1,1,7.24477824506154e-05
"none",0.3,53,"SVP (BIC)",1,1,1,1,7.24477824506154e-05
"none",0.3,54,"PELT",1,1,1,1,5.29802067669911e-06
"none",0.3,54,"SVP",1,1,1,1,5.29802067669911e-06
"none",0.3,54,"SVP (BIC)",1,1,1,1,5.29802067669911e-06
"none",0.3,55,"PELT",1,1,1,1,0.000790824501502511
"none",0.3,55,"SVP",1,1,1,1,0.000790824501502511
"none",0.3,55,"SVP (BIC)",1,1,1,1,0.000790824501502511
"none",0.3,56,"PELT",1,1,1,1,0.00015883558789186
"none",0.3,56,"SVP",1,1,1,1,0.00015883558789186
"none",0.3,56,"SVP (BIC)",1,1,1,1,0.00015883558789186
"none",0.3,57,"PELT",1,1,1,1,0.00138630231762561
"none",0.3,57,"SVP",1,1,1,1,0.00138630231762561
"none",0.3,57,"SVP (BIC)",1,1,1,1,0.00138630231762561
"none",0.3,58,"PELT",1,1,1,1,0.000171763876461931
"none",0.3,58,"SVP",1,1,1,1,0.000171763876461931
"none",0.3,58,"SVP (BIC)",1,1,1,1,0.000171763876461931
"none",0.3,59,"PELT",1,1,1,1,0.000591758062013934
"none",0.3,59,"SVP",1,1,1,1,0.000591758062013934
"none",0.3,59,"SVP (BIC)",1,1,1,1,0.000591758062013934
"none",0.3,60,"PELT",1,1,1,1,3.8742242278062e-05
"none",0.3,60,"SVP",1,1,1,1,3.8742242278062e-05
"none",0.3,60,"SVP (BIC)",1,1,1,1,3.8742242278062e-05
"none",0.3,61,"PELT",1,1,1,1,0.000464047286324993
"none",0.3,61,"SVP",1,1,1,1,0.000464047286324993
"none",0.3,61,"SVP (BIC)",1,1,1,1,0.000464047286324993
"none",0.3,62,"PELT",1,1,1,1,0.00237910333104952
"none",0.3,62,"SVP",1,1,1,1,0.00237910333104952
"none",0.3,62,"SVP (BIC)",1,1,1,1,0.00237910333104952
"none",0.3,63,"PELT",1,1,1,1,0.000340208758874817
"none",0.3,63,"SVP",1,1,1,1,0.000340208758874817
"none",0.3,63,"SVP (BIC)",1,1,1,1,0.000340208758874817
"none",0.3,64,"PELT",1,1,1,1,0.00333202136683535
"none",0.3,64,"SVP",1,1,1,1,0.00333202136683535
"none",0.3,64,"SVP (BIC)",1,1,1,1,0.00333202136683535
"none",0.3,65,"PELT",1,1,1,1,0.000294654032724104
"none",0.3,65,"SVP",1,1,1,1,0.000294654032724104
"none",0.3,65,"SVP (BIC)",1,1,1,1,0.000294654032724104
"none",0.3,66,"PELT",1,1,1,1,0.000329063151907911
"none",0.3,66,"SVP",1,1,1,1,0.000329063151907911
"none",0.3,66,"SVP (BIC)",1,1,1,1,0.000329063151907911
"none",0.3,67,"PELT",1,1,1,1,0.00112542830270064
"none",0.3,67,"SVP",1,1,1,1,0.00112542830270064
"none",0.3,67,"SVP (BIC)",1,1,1,1,0.00112542830270064
"none",0.3,68,"PELT",1,1,1,1,3.3572506476347e-08
"none",0.3,68,"SVP",1,1,1,1,3.3572506476347e-08
"none",0.3,68,"SVP (BIC)",1,1,1,1,3.3572506476347e-08
"none",0.3,69,"PELT",1,1,1,1,0.0036947950769121
"none",0.3,69,"SVP",1,1,1,1,0.0036947950769121
"none",0.3,69,"SVP (BIC)",1,1,1,1,0.0036947950769121
"none",0.3,70,"PELT",1,1,1,1,0.00125188680533001
"none",0.3,70,"SVP",1,1,1,1,0.00125188680533001
"none",0.3,70,"SVP (BIC)",1,1,1,1,0.00125188680533001
"none",0.3,71,"PELT",1,1,1,1,0.00133906509236148
"none",0.3,71,"SVP",1,1,1,1,0.00133906509236148
"none",0.3,71,"SVP (BIC)",1,1,1,1,0.00133906509236148
"none",0.3,72,"PELT",1,1,1,1,5.37761104418992e-05
"none",0.3,72,"SVP",1,1,1,1,5.37761104418992e-05
"none",0.3,72,"SVP (BIC)",1,1,1,1,5.37761104418992e-05
"none",0.3,73,"PELT",1,1,1,1,0.000266417443524582
"none",0.3,73,"SVP",0.5,1,0.666666666666667,2,0.0132837935812466
"none",0.3,73,"SVP (BIC)",1,1,1,1,0.000266417443524582
"none",0.3,74,"PELT",1,1,1,1,0.000102342302550003
"none",0.3,74,"SVP",1,1,1,1,0.000102342302550003
"none",0.3,74,"SVP (BIC)",1,1,1,1,0.000102342302550003
"none",0.3,75,"PELT",1,1,1,1,0.000264316501681081
"none",0.3,75,"SVP",1,1,1,1,0.000264316501681081
"none",0.3,75,"SVP (BIC)",1,1,1,1,0.000264316501681081
"none",0.3,76,"PELT",1,1,1,1,8.01243559896786e-05
"none",0.3,76,"SVP",1,1,1,1,8.01243559896786e-05
"none",0.3,76,"SVP (BIC)",1,1,1,1,8.01243559896786e-05
"none",0.3,77,"PELT",1,1,1,1,3.31604897550059e-05
"none",0.3,77,"SVP",1,1,1,1,3.31604897550059e-05
"none",0.3,77,"SVP (BIC)",1,1,1,1,3.31604897550059e-05
"none",0.3,78,"PELT",1,1,1,1,0.000131524507024582
"none",0.3,78,"SVP",1,1,1,1,0.000131524507024582
"none",0.3,78,"SVP (BIC)",1,1,1,1,0.000131524507024582
"none",0.3,79,"PELT",1,1,1,1,4.92268534629394e-06
"none",0.3,79,"SVP",1,1,1,1,4.92268534629394e-06
"none",0.3,79,"SVP (BIC)",1,1,1,1,4.92268534629394e-06
"none",0.3,80,"PELT",1,1,1,1,0.000954047437548602
"none",0.3,80,"SVP",1,1,1,1,0.000954047437548602
"none",0.3,80,"SVP (BIC)",1,1,1,1,0.000954047437548602
"none",0.3,81,"PELT",1,1,1,1,0.000165535871082942
"none",0.3,81,"SVP",1,1,1,1,0.000165535871082942
"none",0.3,81,"SVP (BIC)",1,1,1,1,0.000165535871082942
"none",0.3,82,"PELT",1,1,1,1,0.000574756120089825
"none",0.3,82,"SVP",1,1,1,1,0.000574756120089825
"none",0.3,82,"SVP (BIC)",1,1,1,1,0.000574756120089825
"none",0.3,83,"PELT",1,1,1,1,0.00307431781670618
"none",0.3,83,"SVP",1,1,1,1,0.00307431781670618
"none",0.3,83,"SVP (BIC)",1,1,1,1,0.00307431781670618
"none",0.3,84,"PELT",1,1,1,1,3.60267549921713e-05
"none",0.3,84,"SVP",1,1,1,1,3.60267549921713e-05
"none",0.3,84,"SVP (BIC)",1,1,1,1,3.60267549921713e-05
"none",0.3,85,"PELT",1,1,1,1,0.000117601685784724
"none",0.3,85,"SVP",1,1,1,1,0.000117601685784724
"none",0.3,85,"SVP (BIC)",1,1,1,1,0.000117601685784724
"none",0.3,86,"PELT",1,1,1,1,8.51147875780929e-05
"none",0.3,86,"SVP",1,1,1,1,8.51147875780929e-05
"none",0.3,86,"SVP (BIC)",1,1,1,1,8.51147875780929e-05
"none",0.3,87,"PELT",1,1,1,1,4.48847094979475e-05
"none",0.3,87,"SVP",1,1,1,1,4.48847094979475e-05
"none",0.3,87,"SVP (BIC)",1,1,1,1,4.48847094979475e-05
"none",0.3,88,"PELT",1,1,1,1,0.0021403292588221
"none",0.3,88,"SVP",1,1,1,1,0.0021403292588221
"none",0.3,88,"SVP (BIC)",1,1,1,1,0.0021403292588221
"none",0.3,89,"PELT",1,1,1,1,0.000424335175795366
"none",0.3,89,"SVP",1,1,1,1,0.000424335175795366
"none",0.3,89,"SVP (BIC)",1,1,1,1,0.000424335175795366
"none",0.3,90,"PELT",1,1,1,1,7.16677260579696e-05
"none",0.3,90,"SVP",1,1,1,1,7.16677260579696e-05
"none",0.3,90,"SVP (BIC)",1,1,1,1,7.16677260579696e-05
"none",0.3,91,"PELT",1,1,1,1,1.0337240090775e-05
"none",0.3,91,"SVP",1,1,1,1,1.0337240090775e-05
"none",0.3,91,"SVP (BIC)",1,1,1,1,1.0337240090775e-05
"none",0.3,92,"PELT",1,1,1,1,1.24691960826789e-05
"none",0.3,92,"SVP",1,1,1,1,1.24691960826789e-05
"none",0.3,92,"SVP (BIC)",1,1,1,1,1.24691960826789e-05
"none",0.3,93,"PELT",1,1,1,1,0.00080593657396865
"none",0.3,93,"SVP",1,1,1,1,0.00080593657396865
"none",0.3,93,"SVP (BIC)",1,1,1,1,0.00080593657396865
"none",0.3,94,"PELT",1,1,1,1,0.000147987929092723
"none",0.3,94,"SVP",1,1,1,1,0.000147987929092723
"none",0.3,94,"SVP (BIC)",1,1,1,1,0.000147987929092723
"none",0.3,95,"PELT",1,1,1,1,0.000243204741372812
"none",0.3,95,"SVP",1,1,1,1,0.000243204741372812
"none",0.3,95,"SVP (BIC)",1,1,1,1,0.000243204741372812
"none",0.3,96,"PELT",1,1,1,1,0.000429947380938566
"none",0.3,96,"SVP",1,1,1,1,0.000429947380938566
"none",0.3,96,"SVP (BIC)",1,1,1,1,0.000429947380938566
"none",0.3,97,"PELT",1,1,1,1,0.00133901377674349
"none",0.3,97,"SVP",1,1,1,1,0.00133901377674349
"none",0.3,97,"SVP (BIC)",1,1,1,1,0.00133901377674349
"none",0.3,98,"PELT",1,1,1,1,0.00470070685816024
"none",0.3,98,"SVP",1,1,1,1,0.00470070685816024
"none",0.3,98,"SVP (BIC)",1,1,1,1,0.00470070685816024
"none",0.3,99,"PELT",1,1,1,1,6.42806989103987e-06
"none",0.3,99,"SVP",1,1,1,1,6.42806989103987e-06
"none",0.3,99,"SVP (BIC)",1,1,1,1,6.42806989103987e-06
"none",0.3,100,"PELT",1,1,1,1,2.42765862160393e-05
"none",0.3,100,"SVP",1,1,1,1,2.42765862160393e-05
"none",0.3,100,"SVP (BIC)",1,1,1,1,2.42765862160393e-05
"up",0.3,1,"PELT",0.2,0.125,0.153846153846154,5,0.0335737018580027
"up",0.3,1,"SVP",0.25,0.125,0.166666666666667,4,0.0485969235214313
"up",0.3,1,"SVP (BIC)",0.333333333333333,0.125,0.181818181818182,3,0.0596118694811212
"up",0.3,2,"PELT",0.25,0.125,0.166666666666667,4,0.0506149635018292
"up",0.3,2,"SVP",0.333333333333333,0.125,0.181818181818182,3,0.068650567467478
"up",0.3,2,"SVP (BIC)",0.5,0.125,0.2,2,0.120475897536675
"up",0.3,3,"PELT",0.2,0.125,0.153846153846154,5,0.0330071185906557
"up",0.3,3,"SVP",0.333333333333333,0.125,0.181818181818182,3,0.062291961843539
"up",0.3,3,"SVP (BIC)",0.333333333333333,0.125,0.181818181818182,3,0.062291961843539
"up",0.3,4,"PELT",0.25,0.125,0.166666666666667,4,0.0471998200810943
"up",0.3,4,"SVP",0.25,0.125,0.166666666666667,4,0.0471998200810943
"up",0.3,4,"SVP (BIC)",0.25,0.125,0.166666666666667,4,0.0471998200810943
"up",0.3,5,"PELT",0.166666666666667,0.125,0.142857142857143,6,0.054751069543115
"up",0.3,5,"SVP",0.25,0.125,0.166666666666667,4,0.0449931401047559
"up",0.3,5,"SVP (BIC)",0.333333333333333,0.125,0.181818181818182,3,0.0572281235566671
"up",0.3,6,"PELT",0.5,0.25,0.333333333333333,4,0.0320142393899751
"up",0.3,6,"SVP",0.333333333333333,0.125,0.181818181818182,3,0.0610892174795378
"up",0.3,6,"SVP (BIC)",0.333333333333333,0.125,0.181818181818182,3,0.0610892174795378
"up",0.3,7,"PELT",0.25,0.125,0.166666666666667,4,0.0472990812527461
"up",0.3,7,"SVP",0.666666666666667,0.25,0.363636363636364,3,0.0585537966669862
"up",0.3,7,"SVP (BIC)",0.666666666666667,0.25,0.363636363636364,3,0.0585537966669862
"up",0.3,8,"PELT",0.333333333333333,0.125,0.181818181818182,3,0.0568754615980948
"up",0.3,8,"SVP",0.25,0.125,0.166666666666667,4,0.0430858731896931
"up",0.3,8,"SVP (BIC)",0.333333333333333,0.125,0.181818181818182,3,0.0568754615980948
"up",0.3,9,"PELT",0.25,0.125,0.166666666666667,4,0.0449185673984782
"up",0.3,9,"SVP",0.25,0.125,0.166666666666667,4,0.0449185673984782
"up",0.3,9,"SVP (BIC)",0.333333333333333,0.125,0.181818181818182,3,0.0654760039099037
"up",0.3,10,"PELT",0.25,0.125,0.166666666666667,4,0.0280028916456237
"up",0.3,10,"SVP",0.25,0.125,0.166666666666667,4,0.0280028916456237
"up",0.3,10,"SVP (BIC)",0.333333333333333,0.125,0.181818181818182,3,0.0590728492807938
"up",0.3,11,"PELT",0.25,0.125,0.166666666666667,4,0.0452929575544566
"up",0.3,11,"SVP",0.333333333333333,0.125,0.181818181818182,3,0.0602948523388036
"up",0.3,11,"SVP (BIC)",0.333333333333333,0.125,0.181818181818182,3,0.0602948523388036
"up",0.3,12,"PELT",0.4,0.25,0.307692307692308,5,0.0663614828620031
"up",0.3,12,"SVP",0.666666666666667,0.25,0.363636363636364,3,0.0575258559236372
"up",0.3,12,"SVP (BIC)",0.666666666666667,0.25,0.363636363636364,3,0.0580060244748571
"up",0.3,13,"PELT",0.4,0.25,0.307692307692308,5,0.0606423287014948
"up",0.3,13,"SVP",0.75,0.375,0.5,4,0.0337786173664409
"up",0.3,13,"SVP (BIC)",0.75,0.375,0.5,4,0.0337786173664409
"up",0.3,14,"PELT",0.4,0.25,0.307692307692308,5,0.0560256677426155
"up",0.3,14,"SVP",0.666666666666667,0.25,0.363636363636364,3,0.0659465359243357
"up",0.3,14,"SVP (BIC)",0.666666666666667,0.25,0.363636363636364,3,0.0659465359243357
"up",0.3,15,"PELT",0.2,0.125,0.153846153846154,5,0.0255938025968416
"up",0.3,15,"SVP",0.333333333333333,0.125,0.181818181818182,3,0.057041418279536
"up",0.3,15,"SVP (BIC)",0.333333333333333,0.125,0.181818181818182,3,0.057041418279536
"up",0.3,16,"PELT",0.25,0.125,0.166666666666667,4,0.0482300800005876
"up",0.3,16,"SVP",0.333333333333333,0.125,0.181818181818182,3,0.0576100862352393
"up",0.3,16,"SVP (BIC)",0.333333333333333,0.125,0.181818181818182,3,0.0576100862352393
"up",0.3,17,"PELT",0.5,0.25,0.333333333333333,4,0.0612491707683899
"up",0.3,17,"SVP",0.5,0.25,0.333333333333333,4,0.0612491707683899
"up",0.3,17,"SVP (BIC)",0.5,0.25,0.333333333333333,4,0.0612491707683899
"up",0.3,18,"PELT",0.4,0.25,0.307692307692308,5,0.0290330481092168
"up",0.3,18,"SVP",0.25,0.125,0.166666666666667,4,0.0494671336576211
"up",0.3,18,"SVP (BIC)",0.666666666666667,0.25,0.363636363636364,3,0.060344986457937
"up",0.3,19,"PELT",0.5,0.25,0.333333333333333,4,0.0342361340405254
"up",0.3,19,"SVP",0.5,0.25,0.333333333333333,4,0.0342361340405254
"up",0.3,19,"SVP (BIC)",0.333333333333333,0.125,0.181818181818182,3,0.063995578619515
"up",0.3,20,"PELT",0.2,0.125,0.153846153846154,5,0.0287339789036632
"up",0.3,20,"SVP",0.333333333333333,0.125,0.181818181818182,3,0.0600252651284598
"up",0.3,20,"SVP (BIC)",0.333333333333333,0.125,0.181818181818182,3,0.0600252651284598
"up",0.3,21,"PELT",0.25,0.125,0.166666666666667,4,0.0402121452323582
"up",0.3,21,"SVP",0.333333333333333,0.125,0.181818181818182,3,0.0609430203298559
"up",0.3,21,"SVP (BIC)",0.333333333333333,0.125,0.181818181818182,3,0.0609430203298559
"up",0.3,22,"PELT",0.5,0.25,0.333333333333333,4,0.0250837216328178
"up",0.3,22,"SVP",0.333333333333333,0.125,0.181818181818182,3,0.0572324589810708
"up",0.3,22,"SVP (BIC)",0.333333333333333,0.125,0.181818181818182,3,0.0572324589810708
"up",0.3,23,"PELT",0.2,0.125,0.153846153846154,5,0.0325487134637735
"up",0.3,23,"SVP",0.25,0.125,0.166666666666667,4,0.0378181124027085
"up",0.3,23,"SVP (BIC)",0.333333333333333,0.125,0.181818181818182,3,0.0607182429470366
"up",0.3,24,"PELT",0.25,0.125,0.166666666666667,4,0.0384486725815395
"up",0.3,24,"SVP",0.25,0.125,0.166666666666667,4,0.0384486725815395
"up",0.3,24,"SVP (BIC)",0.333333333333333,0.125,0.181818181818182,3,0.0621492435971317
"up",0.3,25,"PELT",0.5,0.25,0.333333333333333,4,0.0449812597969887
"up",0.3,25,"SVP",0.5,0.25,0.333333333333333,4,0.0449812597969887
"up",0.3,25,"SVP (BIC)",0.333333333333333,0.125,0.181818181818182,3,0.0844279584201872
"up",0.3,26,"PELT",0.25,0.125,0.166666666666667,4,0.0482981104111017
"up",0.3,26,"SVP",0.25,0.125,0.166666666666667,4,0.0482981104111017
"up",0.3,26,"SVP (BIC)",0.666666666666667,0.25,0.363636363636364,3,0.0600519232926066
"up",0.3,27,"PELT",0.2,0.125,0.153846153846154,5,0.0342899134206192
"up",0.3,27,"SVP",0.25,0.125,0.166666666666667,4,0.0411405340855275
"up",0.3,27,"SVP (BIC)",0.333333333333333,0.125,0.181818181818182,3,0.0680301393678456
"up",0.3,28,"PELT",0.333333333333333,0.25,0.285714285714286,6,0.036860833645392
"up",0.3,28,"SVP",0.25,0.125,0.166666666666667,4,0.0545182161852437
"up",0.3,28,"SVP (BIC)",0.25,0.125,0.166666666666667,4,0.0545182161852437
"up",0.3,29,"PELT",0.25,0.125,0.166666666666667,4,0.0374164476810104
"up",0.3,29,"SVP",0.333333333333333,0.125,0.181818181818182,3,0.0660711386779742
"up",0.3,29,"SVP (BIC)",0.333333333333333,0.125,0.181818181818182,3,0.0708642913839214
"up",0.3,30,"PELT",0.25,0.125,0.166666666666667,4,0.0373001119523413
"up",0.3,30,"SVP",0.333333333333333,0.125,0.181818181818182,3,0.0577292729426419
"up",0.3,30,"SVP (BIC)",0.333333333333333,0.125,0.181818181818182,3,0.067804595158005
"up",0.3,31,"PELT",0.75,0.375,0.5,4,0.0445749063880612
"up",0.3,31,"SVP",0.666666666666667,0.25,0.363636363636364,3,0.0608098746837828
"up",0.3,31,"SVP (BIC)",0.666666666666667,0.25,0.363636363636364,3,0.0608098746837828
"up",0.3,32,"PELT",0.4,0.25,0.307692307692308,5,0.0305507924816128
"up",0.3,32,"SVP",0.25,0.125,0.166666666666667,4,0.0381471301740386
"up",0.3,32,"SVP (BIC)",0.333333333333333,0.125,0.181818181818182,3,0.0645337550396615
"up",0.3,33,"PELT",0.4,0.25,0.307692307692308,5,0.0257583050853748
"up",0.3,33,"SVP",0.333333333333333,0.125,0.181818181818182,3,0.0578764871134699
"up",0.3,33,"SVP (BIC)",0.333333333333333,0.125,0.181818181818182,3,0.0578764871134699
"up",0.3,34,"PELT",0.25,0.125,0.166666666666667,4,0.0400880875625742
"up",0.3,34,"SVP",0.333333333333333,0.125,0.181818181818182,3,0.061876905273721
"up",0.3,34,"SVP (BIC)",0.333333333333333,0.125,0.181818181818182,3,0.0537393294026672
"up",0.3,35,"PELT",0.25,0.125,0.166666666666667,4,0.03732390613024
"up",0.3,35,"SVP",0.666666666666667,0.25,0.363636363636364,3,0.0557429086182518
"up",0.3,35,"SVP (BIC)",0.333333333333333,0.125,0.181818181818182,3,0.0686520646891725
"up",0.3,36,"PELT",0.2,0.125,0.153846153846154,5,0.0326525590113978
"up",0.3,36,"SVP",0.25,0.125,0.166666666666667,4,0.0562417253838252
"up",0.3,36,"SVP (BIC)",0.333333333333333,0.125,0.181818181818182,3,0.0741383887867669
"up",0.3,37,"PELT",0.75,0.375,0.5,4,0.0393738715173339
"up",0.3,37,"SVP",0.666666666666667,0.25,0.363636363636364,3,0.0628792257386699
"up",0.3,37,"SVP (BIC)",0.666666666666667,0.25,0.363636363636364,3,0.0628792257386699
"up",0.3,38,"PELT",0.25,0.125,0.166666666666667,4,0.0441594722231869
"up",0.3,38,"SVP",0.333333333333333,0.125,0.181818181818182,3,0.0681027190566843
"up",0.3,38,"SVP (BIC)",0.333333333333333,0.125,0.181818181818182,3,0.0681027190566843
"up",0.3,39,"PELT",0.5,0.25,0.333333333333333,4,0.0381966294489455
"up",0.3,39,"SVP",0.333333333333333,0.125,0.181818181818182,3,0.0546670366957957
"up",0.3,39,"SVP (BIC)",0.666666666666667,0.25,0.363636363636364,3,0.0541256245568598
"up",0.3,40,"PELT",0.5,0.25,0.333333333333333,4,0.0512539567922409
"up",0.3,40,"SVP",0.5,0.25,0.333333333333333,4,0.0512539567922409
"up",0.3,40,"SVP (BIC)",0.666666666666667,0.25,0.363636363636364,3,0.0863937125137193
"up",0.3,41,"PELT",0.25,0.125,0.166666666666667,4,0.0329040305801648
"up",0.3,41,"SVP",0.25,0.125,0.166666666666667,4,0.0329040305801648
"up",0.3,41,"SVP (BIC)",0.333333333333333,0.125,0.181818181818182,3,0.0742743291933966
"up",0.3,42,"PELT",0.75,0.375,0.5,4,0.0323738193691284
"up",0.3,42,"SVP",0.333333333333333,0.125,0.181818181818182,3,0.0573379514069575
"up",0.3,42,"SVP (BIC)",0.333333333333333,0.125,0.181818181818182,3,0.0573379514069575
"up",0.3,43,"PELT",0.5,0.25,0.333333333333333,4,0.040702105165066
"up",0.3,43,"SVP",0.666666666666667,0.25,0.363636363636364,3,0.0634227702761335
"up",0.3,43,"SVP (BIC)",0.666666666666667,0.25,0.363636363636364,3,0.0601089504324892
"up",0.3,44,"PELT",0.25,0.125,0.166666666666667,4,0.0413668010771139
"up",0.3,44,"SVP",0.25,0.125,0.166666666666667,4,0.0413668010771139
"up",0.3,44,"SVP (BIC)",0.333333333333333,0.125,0.181818181818182,3,0.0567091538608022
"up",0.3,45,"PELT",0.25,0.125,0.166666666666667,4,0.0442797412593586
"up",0.3,45,"SVP",0.333333333333333,0.125,0.181818181818182,3,0.0793468241416397
"up",0.3,45,"SVP (BIC)",0.333333333333333,0.125,0.181818181818182,3,0.0817839792459545
"up",0.3,46,"PELT",0.75,0.375,0.5,4,0.036843664892453
"up",0.3,46,"SVP",0.666666666666667,0.25,0.363636363636364,3,0.0615189834928687
"up",0.3,46,"SVP (BIC)",0.666666666666667,0.25,0.363636363636364,3,0.0540591748050845
"up",0.3,47,"PELT",0.333333333333333,0.125,0.181818181818182,3,0.069697453061863
"up",0.3,47,"SVP",0.333333333333333,0.125,0.181818181818182,3,0.069697453061863
"up",0.3,47,"SVP (BIC)",0.5,0.125,0.2,2,0.124560394882042
"up",0.3,48,"PELT",0.5,0.25,0.333333333333333,4,0.0389175278879078
"up",0.3,48,"SVP",0.5,0.25,0.333333333333333,4,0.0389175278879078
"up",0.3,48,"SVP (BIC)",0.666666666666667,0.25,0.363636363636364,3,0.0620181242866471
"up",0.3,49,"PELT",0.25,0.125,0.166666666666667,4,0.0500455813454077
"up",0.3,49,"SVP",0.25,0.125,0.166666666666667,4,0.0500455813454077
"up",0.3,49,"SVP (BIC)",0.333333333333333,0.125,0.181818181818182,3,0.055863059383843
"up",0.3,50,"PELT",0.5,0.25,0.333333333333333,4,0.0399814591495016
"up",0.3,50,"SVP",0.5,0.25,0.333333333333333,4,0.0399814591495016
"up",0.3,50,"SVP (BIC)",0.666666666666667,0.25,0.363636363636364,3,0.0607148374036614
"up",0.3,51,"PELT",0.25,0.125,0.166666666666667,4,0.0427861183480763
"up",0.3,51,"SVP",0.25,0.125,0.166666666666667,4,0.0427861183480763
"up",0.3,51,"SVP (BIC)",0.333333333333333,0.125,0.181818181818182,3,0.0574855780307163
"up",0.3,52,"PELT",0.25,0.125,0.166666666666667,4,0.0475540693500116
"up",0.3,52,"SVP",0.25,0.125,0.166666666666667,4,0.0475540693500116
"up",0.3,52,"SVP (BIC)",0.25,0.125,0.166666666666667,4,0.0475540693500116
"up",0.3,53,"PELT",0.25,0.125,0.166666666666667,4,0.0456537483826316
"up",0.3,53,"SVP",0.333333333333333,0.125,0.181818181818182,3,0.0613228242365839
"up",0.3,53,"SVP (BIC)",0.333333333333333,0.125,0.181818181818182,3,0.0613228242365839
"up",0.3,54,"PELT",0.5,0.25,0.333333333333333,4,0.0421865703688135
"up",0.3,54,"SVP",0.666666666666667,0.25,0.363636363636364,3,0.0611754140149457
"up",0.3,54,"SVP (BIC)",0.666666666666667,0.25,0.363636363636364,3,0.0726847878710297
"up",0.3,55,"PELT",0.25,0.125,0.166666666666667,4,0.0431496077699822
"up",0.3,55,"SVP",0.666666666666667,0.25,0.363636363636364,3,0.0582892850744007
"up",0.3,55,"SVP (BIC)",0.666666666666667,0.25,0.363636363636364,3,0.0582892850744007
"up",0.3,56,"PELT",0.5,0.25,0.333333333333333,4,0.0341826298855897
"up",0.3,56,"SVP",0.5,0.25,0.333333333333333,4,0.0341826298855897
"up",0.3,56,"SVP (BIC)",0.5,0.25,0.333333333333333,4,0.0341826298855897
"up",0.3,57,"PELT",0.25,0.125,0.166666666666667,4,0.0447760001613236
"up",0.3,57,"SVP",0.25,0.125,0.166666666666667,4,0.0447760001613236
"up",0.3,57,"SVP (BIC)",0.333333333333333,0.125,0.181818181818182,3,0.062518948802203
"up",0.3,58,"PELT",0.166666666666667,0.125,0.142857142857143,6,0.063793639419023
"up",0.3,58,"SVP",0.25,0.125,0.166666666666667,4,0.0456956651135918
"up",0.3,58,"SVP (BIC)",0.5,0.25,0.333333333333333,4,0.041745125192619
"up",0.3,59,"PELT",0.25,0.125,0.166666666666667,4,0.0422004547690308
"up",0.3,59,"SVP",0.25,0.125,0.166666666666667,4,0.0422004547690308
"up",0.3,59,"SVP (BIC)",0.333333333333333,0.125,0.181818181818182,3,0.0671120216430715
"up",0.3,60,"PELT",0.4,0.25,0.307692307692308,5,0.0294649433458981
"up",0.3,60,"SVP",0.666666666666667,0.25,0.363636363636364,3,0.0613779018705074
"up",0.3,60,"SVP (BIC)",0.333333333333333,0.125,0.181818181818182,3,0.0705366482557659
"up",0.3,61,"PELT",0.4,0.25,0.307692307692308,5,0.0232473539624331
"up",0.3,61,"SVP",0.333333333333333,0.125,0.181818181818182,3,0.0555610117442233
"up",0.3,61,"SVP (BIC)",0.333333333333333,0.125,0.181818181818182,3,0.0554046522867489
"up",0.3,62,"PELT",0.333333333333333,0.125,0.181818181818182,3,0.0578171054112177
"up",0.3,62,"SVP",0.333333333333333,0.125,0.181818181818182,3,0.0578171054112177
"up",0.3,62,"SVP (BIC)",0.333333333333333,0.125,0.181818181818182,3,0.0578171054112177
"up",0.3,63,"PELT",0.2,0.125,0.153846153846154,5,0.0274383094928385
"up",0.3,63,"SVP",0.333333333333333,0.125,0.181818181818182,3,0.0567868031860943
"up",0.3,63,"SVP (BIC)",0.333333333333333,0.125,0.181818181818182,3,0.0567868031860943
"up",0.3,64,"PELT",0.4,0.25,0.307692307692308,5,0.0560572632947202
"up",0.3,64,"SVP",0.5,0.25,0.333333333333333,4,0.0406968700450405
"up",0.3,64,"SVP (BIC)",0.666666666666667,0.25,0.363636363636364,3,0.0678245508620626
"up",0.3,65,"PELT",0.25,0.125,0.166666666666667,4,0.0431762793675007
"up",0.3,65,"SVP",0.25,0.125,0.166666666666667,4,0.0431762793675007
"up",0.3,65,"SVP (BIC)",0.333333333333333,0.125,0.181818181818182,3,0.0559539235363913
"up",0.3,66,"PELT",0.5,0.25,0.333333333333333,4,0.0397116687436587
"up",0.3,66,"SVP",0.333333333333333,0.125,0.181818181818182,3,0.0555518728196903
"up",0.3,66,"SVP (BIC)",0.333333333333333,0.125,0.181818181818182,3,0.0555518728196903
"up",0.3,67,"PELT",0.4,0.25,0.307692307692308,5,0.0307658684301885
"up",0.3,67,"SVP",0.5,0.25,0.333333333333333,4,0.0434591941090951
"up",0.3,67,"SVP (BIC)",0.333333333333333,0.125,0.181818181818182,3,0.0649965955348514
"up",0.3,68,"PELT",0.75,0.375,0.5,4,0.0326656963926184
"up",0.3,68,"SVP",0.333333333333333,0.125,0.181818181818182,3,0.0628070807915947
"up",0.3,68,"SVP (BIC)",0.333333333333333,0.125,0.181818181818182,3,0.0598424867070048
"up",0.3,69,"PELT",0.25,0.125,0.166666666666667,4,0.0491059778042247
"up",0.3,69,"SVP",0.25,0.125,0.166666666666667,4,0.0491059778042247
"up",0.3,69,"SVP (BIC)",0.333333333333333,0.125,0.181818181818182,3,0.0543195540808844
"up",0.3,70,"PELT",0.25,0.125,0.166666666666667,4,0.043043242408196
"up",0.3,70,"SVP",0.666666666666667,0.25,0.363636363636364,3,0.0612558078715685
"up",0.3,70,"SVP (BIC)",0.333333333333333,0.125,0.181818181818182,3,0.0694154785790852
"up",0.3,71,"PELT",0.5,0.25,0.333333333333333,4,0.0295275137120686
"up",0.3,71,"SVP",0.5,0.25,0.333333333333333,4,0.0295275137120686
"up",0.3,71,"SVP (BIC)",0.666666666666667,0.25,0.363636363636364,3,0.0655944242504722
"up",0.3,72,"PELT",0.25,0.125,0.166666666666667,4,0.0400417119656227
"up",0.3,72,"SVP",0.666666666666667,0.25,0.363636363636364,3,0.0530280517587592
"up",0.3,72,"SVP (BIC)",0.666666666666667,0.25,0.363636363636364,3,0.0530280517587592
"up",0.3,73,"PELT",0.25,0.125,0.166666666666667,4,0.0373659661659483
"up",0.3,73,"SVP",0.333333333333333,0.125,0.181818181818182,3,0.0527080484903924
"up",0.3,73,"SVP (BIC)",0.333333333333333,0.125,0.181818181818182,3,0.0527080484903924
"up",0.3,74,"PELT",0.25,0.125,0.166666666666667,4,0.038368814878247
"up",0.3,74,"SVP",0.333333333333333,0.125,0.181818181818182,3,0.0605949808554244
"up",0.3,74,"SVP (BIC)",0.333333333333333,0.125,0.181818181818182,3,0.0605949808554244
"up",0.3,75,"PELT",0.2,0.125,0.153846153846154,5,0.0404750037509907
"up",0.3,75,"SVP",0.25,0.125,0.166666666666667,4,0.0554703424887289
"up",0.3,75,"SVP (BIC)",0.333333333333333,0.125,0.181818181818182,3,0.0843894414992905
"up",0.3,76,"PELT",0.6,0.375,0.461538461538462,5,0.0271810338137477
"up",0.3,76,"SVP",0.25,0.125,0.166666666666667,4,0.053441598131581
"up",0.3,76,"SVP (BIC)",0.666666666666667,0.25,0.363636363636364,3,0.0548402680951529
"up",0.3,77,"PELT",0.5,0.375,0.428571428571429,6,0.0470446023460316
"up",0.3,77,"SVP",0.666666666666667,0.25,0.363636363636364,3,0.0529699034129443
"up",0.3,77,"SVP (BIC)",0.666666666666667,0.25,0.363636363636364,3,0.0534696610869873
"up",0.3,78,"PELT",0.5,0.25,0.333333333333333,4,0.0319555308113407
"up",0.3,78,"SVP",0.5,0.25,0.333333333333333,4,0.0319555308113407
"up",0.3,78,"SVP (BIC)",0.5,0.25,0.333333333333333,4,0.0319555308113407
"up",0.3,79,"PELT",0.5,0.25,0.333333333333333,4,0.0328763529177698
"up",0.3,79,"SVP",0.333333333333333,0.125,0.181818181818182,3,0.0587112624996795
"up",0.3,79,"SVP (BIC)",0.333333333333333,0.125,0.181818181818182,3,0.0587112624996795
"up",0.3,80,"PELT",0.4,0.25,0.307692307692308,5,0.0365202622203321
"up",0.3,80,"SVP",0.5,0.25,0.333333333333333,4,0.0477179870486773
"up",0.3,80,"SVP (BIC)",0.333333333333333,0.125,0.181818181818182,3,0.0591084940695078
"up",0.3,81,"PELT",0.5,0.25,0.333333333333333,4,0.0355293520247889
"up",0.3,81,"SVP",0.333333333333333,0.125,0.181818181818182,3,0.0690976201417896
"up",0.3,81,"SVP (BIC)",0.666666666666667,0.25,0.363636363636364,3,0.0698272705847647
"up",0.3,82,"PELT",0.5,0.25,0.333333333333333,4,0.0346405039699329
"up",0.3,82,"SVP",0.333333333333333,0.125,0.181818181818182,3,0.0544861527783507
"up",0.3,82,"SVP (BIC)",0.333333333333333,0.125,0.181818181818182,3,0.0544861527783507
"up",0.3,83,"PELT",0.2,0.125,0.153846153846154,5,0.0286387498863819
"up",0.3,83,"SVP",0.333333333333333,0.125,0.181818181818182,3,0.0578457139736906
"up",0.3,83,"SVP (BIC)",0.333333333333333,0.125,0.181818181818182,3,0.0578457139736906
"up",0.3,84,"PELT",0.25,0.125,0.166666666666667,4,0.0543245225425957
"up",0.3,84,"SVP",0.25,0.125,0.166666666666667,4,0.0543245225425957
"up",0.3,84,"SVP (BIC)",0.25,0.125,0.166666666666667,4,0.0543245225425957
"up",0.3,85,"PELT",0.5,0.25,0.333333333333333,4,0.0294581102292493
"up",0.3,85,"SVP",0.666666666666667,0.25,0.363636363636364,3,0.0559726372455878
"up",0.3,85,"SVP (BIC)",1,0.375,0.545454545454545,3,0.0527289062350214
"up",0.3,86,"PELT",0.25,0.125,0.166666666666667,4,0.0426039723020908
"up",0.3,86,"SVP",0.666666666666667,0.25,0.363636363636364,3,0.0692826846066866
"up",0.3,86,"SVP (BIC)",0.333333333333333,0.125,0.181818181818182,3,0.0792628565811819
"up",0.3,87,"PELT",0.6,0.375,0.461538461538462,5,0.0285404284552486
"up",0.3,87,"SVP",0.25,0.125,0.166666666666667,4,0.051116586003375
"up",0.3,87,"SVP (BIC)",0.333333333333333,0.125,0.181818181818182,3,0.0665623867077798
"up",0.3,88,"PELT",0.5,0.25,0.333333333333333,4,0.0449722391105432
"up",0.3,88,"SVP",0.5,0.25,0.333333333333333,4,0.0449722391105432
"up",0.3,88,"SVP (BIC)",0.333333333333333,0.125,0.181818181818182,3,0.0566226614001762
"up",0.3,89,"PELT",0.25,0.125,0.166666666666667,4,0.0388515381274209
"up",0.3,89,"SVP",0.25,0.125,0.166666666666667,4,0.0388515381274209
"up",0.3,89,"SVP (BIC)",0.666666666666667,0.25,0.363636363636364,3,0.0595662073355431
"up",0.3,90,"PELT",0.6,0.375,0.461538461538462,5,0.0362707056442852
"up",0.3,90,"SVP",0.5,0.25,0.333333333333333,4,0.050970157816997
"up",0.3,90,"SVP (BIC)",0.666666666666667,0.25,0.363636363636364,3,0.0670502014489891
"up",0.3,91,"PELT",0.25,0.125,0.166666666666667,4,0.044810355508397
"up",0.3,91,"SVP",0.25,0.125,0.166666666666667,4,0.044810355508397
"up",0.3,91,"SVP (BIC)",0.333333333333333,0.125,0.181818181818182,3,0.0615913817985134
"up",0.3,92,"PELT",0.333333333333333,0.125,0.181818181818182,3,0.0685776497391005
"up",0.3,92,"SVP",0.333333333333333,0.125,0.181818181818182,3,0.0685776497391005
"up",0.3,92,"SVP (BIC)",0.333333333333333,0.125,0.181818181818182,3,0.0685776497391005
"up",0.3,93,"PELT",0.25,0.125,0.166666666666667,4,0.0407331107124074
"up",0.3,93,"SVP",0.333333333333333,0.125,0.181818181818182,3,0.0633824804916791
"up",0.3,93,"SVP (BIC)",0.333333333333333,0.125,0.181818181818182,3,0.0581600695836563
"up",0.3,94,"PELT",0.5,0.25,0.333333333333333,4,0.0267268749696581
"up",0.3,94,"SVP",0.25,0.125,0.166666666666667,4,0.030402990970401
"up",0.3,94,"SVP (BIC)",0.666666666666667,0.25,0.363636363636364,3,0.0539571073157544
"up",0.3,95,"PELT",0.25,0.125,0.166666666666667,4,0.0463248928840967
"up",0.3,95,"SVP",0.25,0.125,0.166666666666667,4,0.0463248928840967
"up",0.3,95,"SVP (BIC)",0.666666666666667,0.25,0.363636363636364,3,0.0556231788795699
"up",0.3,96,"PELT",0.4,0.25,0.307692307692308,5,0.0334503382830954
"up",0.3,96,"SVP",0.666666666666667,0.25,0.363636363636364,3,0.0681188077466179
"up",0.3,96,"SVP (BIC)",0.666666666666667,0.25,0.363636363636364,3,0.0739857164940463
"up",0.3,97,"PELT",0.5,0.25,0.333333333333333,4,0.0430158501756607
"up",0.3,97,"SVP",0.5,0.25,0.333333333333333,4,0.0430158501756607
"up",0.3,97,"SVP (BIC)",0.5,0.25,0.333333333333333,4,0.0430158501756607
"up",0.3,98,"PELT",0.75,0.375,0.5,4,0.0268003637526616
"up",0.3,98,"SVP",0.75,0.375,0.5,4,0.0268003637526616
"up",0.3,98,"SVP (BIC)",0.666666666666667,0.25,0.363636363636364,3,0.0556042360932447
"up",0.3,99,"PELT",0.25,0.125,0.166666666666667,4,0.0420307193237273
"up",0.3,99,"SVP",0.25,0.125,0.166666666666667,4,0.0420307193237273
"up",0.3,99,"SVP (BIC)",0.333333333333333,0.125,0.181818181818182,3,0.0590088039999722
"up",0.3,100,"PELT",0.25,0.125,0.166666666666667,4,0.0418452649099421
"up",0.3,100,"SVP",0.666666666666667,0.25,0.363636363636364,3,0.0557531269289658
"up",0.3,100,"SVP (BIC)",0.666666666666667,0.25,0.363636363636364,3,0.0557531269289658
"updown",0.3,1,"PELT",1,0.125,0.222222222222222,1,0.0237028613102524
"updown",0.3,1,"SVP",1,0.125,0.222222222222222,1,0.0237028613102524
"updown",0.3,1,"SVP (BIC)",1,0.125,0.222222222222222,1,0.0237028613102524
"updown",0.3,2,"PELT",1,0.125,0.222222222222222,1,0.0227794139362535
"updown",0.3,2,"SVP",1,0.125,0.222222222222222,1,0.0227794139362535
"updown",0.3,2,"SVP (BIC)",1,0.125,0.222222222222222,1,0.0227794139362535
"updown",0.3,3,"PELT",0.333333333333333,0.125,0.181818181818182,3,0.0484524158713952
"updown",0.3,3,"SVP",0.5,0.125,0.2,2,0.0240021502692466
"updown",0.3,3,"SVP (BIC)",0.5,0.125,0.2,2,0.0279837882302745
"updown",0.3,4,"PELT",0.5,0.125,0.2,2,0.025618748980144
"updown",0.3,4,"SVP",0.5,0.125,0.2,2,0.025618748980144
"updown",0.3,4,"SVP (BIC)",1,0.125,0.222222222222222,1,0.02255749755656
"updown",0.3,5,"PELT",0.333333333333333,0.125,0.181818181818182,3,0.0411602627252431
"updown",0.3,5,"SVP",0.5,0.125,0.2,2,0.0218349001243809
"updown",0.3,5,"SVP (BIC)",1,0.125,0.222222222222222,1,0.0231723743891738
"updown",0.3,6,"PELT",1,0.125,0.222222222222222,1,0.0225729218855505
"updown",0.3,6,"SVP",1,0.125,0.222222222222222,1,0.0225729218855505
"updown",0.3,6,"SVP (BIC)",1,0.125,0.222222222222222,1,0.0225729218855505
"updown",0.3,7,"PELT",1,0.125,0.222222222222222,1,0.0233456287109272
"updown",0.3,7,"SVP",0.5,0.125,0.2,2,0.0231031395299442
"updown",0.3,7,"SVP (BIC)",1,0.125,0.222222222222222,1,0.0233456287109272
"updown",0.3,8,"PELT",1,0.125,0.222222222222222,1,0.0233820168049062
"updown",0.3,8,"SVP",1,0.125,0.222222222222222,1,0.0233820168049062
"updown",0.3,8,"SVP (BIC)",1,0.125,0.222222222222222,1,0.0233820168049062
"updown",0.3,9,"PELT",1,0.125,0.222222222222222,1,0.022732753536105
"updown",0.3,9,"SVP",1,0.125,0.222222222222222,1,0.022732753536105
"updown",0.3,9,"SVP (BIC)",1,0.125,0.222222222222222,1,0.022732753536105
"updown",0.3,10,"PELT",1,0.125,0.222222222222222,1,0.0225597358228783
"updown",0.3,10,"SVP",1,0.125,0.222222222222222,1,0.0225597358228783
"updown",0.3,10,"SVP (BIC)",1,0.125,0.222222222222222,1,0.0225597358228783
"updown",0.3,11,"PELT",1,0.125,0.222222222222222,1,0.0233659565312901
"updown",0.3,11,"SVP",1,0.125,0.222222222222222,1,0.0233659565312901
"updown",0.3,11,"SVP (BIC)",1,0.125,0.222222222222222,1,0.0233659565312901
"updown",0.3,12,"PELT",1,0.125,0.222222222222222,1,0.0259488083247112
"updown",0.3,12,"SVP",0.5,0.125,0.2,2,0.0256417036471826
"updown",0.3,12,"SVP (BIC)",1,0.125,0.222222222222222,1,0.0259488083247112
"updown",0.3,13,"PELT",1,0.125,0.222222222222222,1,0.0262862012660788
"updown",0.3,13,"SVP",1,0.125,0.222222222222222,1,0.0262862012660788
"updown",0.3,13,"SVP (BIC)",1,0.125,0.222222222222222,1,0.0262862012660788
"updown",0.3,14,"PELT",1,0.125,0.222222222222222,1,0.0225250359493314
"updown",0.3,14,"SVP",0.5,0.125,0.2,2,0.0301698908581904
"updown",0.3,14,"SVP (BIC)",1,0.125,0.222222222222222,1,0.0225250359493314
"updown",0.3,15,"PELT",1,0.125,0.222222222222222,1,0.024675426787708
"updown",0.3,15,"SVP",1,0.125,0.222222222222222,1,0.024675426787708
"updown",0.3,15,"SVP (BIC)",1,0.125,0.222222222222222,1,0.024675426787708
"updown",0.3,16,"PELT",1,0.125,0.222222222222222,1,0.0247349436044502
"updown",0.3,16,"SVP",1,0.125,0.222222222222222,1,0.0247349436044502
"updown",0.3,16,"SVP (BIC)",1,0.125,0.222222222222222,1,0.0247349436044502
"updown",0.3,17,"PELT",1,0.125,0.222222222222222,1,0.0229855718491666
"updown",0.3,17,"SVP",1,0.125,0.222222222222222,1,0.0229855718491666
"updown",0.3,17,"SVP (BIC)",1,0.125,0.222222222222222,1,0.0229855718491666
"updown",0.3,18,"PELT",1,0.125,0.222222222222222,1,0.0231681860810969
"updown",0.3,18,"SVP",1,0.125,0.222222222222222,1,0.0231681860810969
"updown",0.3,18,"SVP (BIC)",1,0.125,0.222222222222222,1,0.0231681860810969
"updown",0.3,19,"PELT",1,0.125,0.222222222222222,1,0.0229477546725642
"updown",0.3,19,"SVP",1,0.125,0.222222222222222,1,0.0229477546725642
"updown",0.3,19,"SVP (BIC)",1,0.125,0.222222222222222,1,0.0229477546725642
"updown",0.3,20,"PELT",1,0.125,0.222222222222222,1,0.023851682226628
"updown",0.3,20,"SVP",1,0.25,0.4,2,0.022251484168284
"updown",0.3,20,"SVP (BIC)",1,0.125,0.222222222222222,1,0.023851682226628
"updown",0.3,21,"PELT",1,0.125,0.222222222222222,1,0.0230481223646422
"updown",0.3,21,"SVP",1,0.125,0.222222222222222,1,0.0230481223646422
"updown",0.3,21,"SVP (BIC)",1,0.125,0.222222222222222,1,0.0230481223646422
"updown",0.3,22,"PELT",1,0.125,0.222222222222222,1,0.0228307521034811
"updown",0.3,22,"SVP",1,0.125,0.222222222222222,1,0.0228307521034811
"updown",0.3,22,"SVP (BIC)",1,0.125,0.222222222222222,1,0.0228307521034811
"updown",0.3,23,"PELT",1,0.125,0.222222222222222,1,0.0230051658267104
"updown",0.3,23,"SVP",1,0.125,0.222222222222222,1,0.0230051658267104
"updown",0.3,23,"SVP (BIC)",1,0.125,0.222222222222222,1,0.0230051658267104
"updown",0.3,24,"PELT",1,0.125,0.222222222222222,1,0.0240185087785431
"updown",0.3,24,"SVP",1,0.125,0.222222222222222,1,0.0240185087785431
"updown",0.3,24,"SVP (BIC)",1,0.125,0.222222222222222,1,0.0240185087785431
"updown",0.3,25,"PELT",1,0.125,0.222222222222222,1,0.0233076930887127
"updown",0.3,25,"SVP",1,0.125,0.222222222222222,1,0.0233076930887127
"updown",0.3,25,"SVP (BIC)",1,0.125,0.222222222222222,1,0.0233076930887127
"updown",0.3,26,"PELT",0.333333333333333,0.125,0.181818181818182,3,0.0338030178304682
"updown",0.3,26,"SVP",0.5,0.125,0.2,2,0.0207395905944427
"updown",0.3,26,"SVP (BIC)",0.5,0.125,0.2,2,0.0207395905944427
"updown",0.3,27,"PELT",1,0.125,0.222222222222222,1,0.0243112262544241
"updown",0.3,27,"SVP",1,0.125,0.222222222222222,1,0.0243112262544241
"updown",0.3,27,"SVP (BIC)",1,0.125,0.222222222222222,1,0.0243112262544241
"updown",0.3,28,"PELT",1,0.125,0.222222222222222,1,0.0230748134535836
"updown",0.3,28,"SVP",1,0.125,0.222222222222222,1,0.0230748134535836
"updown",0.3,28,"SVP (BIC)",1,0.125,0.222222222222222,1,0.0230748134535836
"updown",0.3,29,"PELT",1,0.125,0.222222222222222,1,0.0241926876463384
"updown",0.3,29,"SVP",1,0.125,0.222222222222222,1,0.0241926876463384
"updown",0.3,29,"SVP (BIC)",1,0.125,0.222222222222222,1,0.0241926876463384
"updown",0.3,30,"PELT",1,0.125,0.222222222222222,1,0.0244248406209416
"updown",0.3,30,"SVP",0.666666666666667,0.25,0.363636363636364,3,0.0326047505544465
"updown",0.3,30,"SVP (BIC)",1,0.125,0.222222222222222,1,0.0244248406209416
"updown",0.3,31,"PELT",0.5,0.125,0.2,2,0.0298756084756327
"updown",0.3,31,"SVP",0.5,0.125,0.2,2,0.0298756084756327
"updown",0.3,31,"SVP (BIC)",1,0.125,0.222222222222222,1,0.0229835336392472
"updown",0.3,32,"PELT",1,0.25,0.4,2,0.0298347421901477
"updown",0.3,32,"SVP",1,0.125,0.222222222222222,1,0.0226748168509119
"updown",0.3,32,"SVP (BIC)",1,0.125,0.222222222222222,1,0.0226748168509119
"updown",0.3,33,"PELT",1,0.125,0.222222222222222,1,0.0280476287847427
"updown",0.3,33,"SVP",1,0.125,0.222222222222222,1,0.0280476287847427
"updown",0.3,33,"SVP (BIC)",1,0.125,0.222222222222222,1,0.0280476287847427
"updown",0.3,34,"PELT",1,0.125,0.222222222222222,1,0.0228366524517465
"updown",0.3,34,"SVP",1,0.125,0.222222222222222,1,0.0228366524517465
"updown",0.3,34,"SVP (BIC)",1,0.125,0.222222222222222,1,0.0228366524517465
"updown",0.3,35,"PELT",1,0.125,0.222222222222222,1,0.0232019439870214
"updown",0.3,35,"SVP",1,0.125,0.222222222222222,1,0.0232019439870214
"updown",0.3,35,"SVP (BIC)",1,0.125,0.222222222222222,1,0.0232019439870214
"updown",0.3,36,"PELT",1,0.125,0.222222222222222,1,0.0225267023924292
"updown",0.3,36,"SVP",1,0.125,0.222222222222222,1,0.0225267023924292
"updown",0.3,36,"SVP (BIC)",1,0.125,0.222222222222222,1,0.0225267023924292
"updown",0.3,37,"PELT",1,0.125,0.222222222222222,1,0.0230766291546778
"updown",0.3,37,"SVP",1,0.125,0.222222222222222,1,0.0230766291546778
"updown",0.3,37,"SVP (BIC)",1,0.125,0.222222222222222,1,0.0230766291546778
"updown",0.3,38,"PELT",1,0.125,0.222222222222222,1,0.0225814141318384
"updown",0.3,38,"SVP",1,0.125,0.222222222222222,1,0.0225814141318384
"updown",0.3,38,"SVP (BIC)",1,0.125,0.222222222222222,1,0.0225814141318384
"updown",0.3,39,"PELT",1,0.125,0.222222222222222,1,0.0243224343390834
"updown",0.3,39,"SVP",1,0.125,0.222222222222222,1,0.0243224343390834
"updown",0.3,39,"SVP (BIC)",1,0.125,0.222222222222222,1,0.0243224343390834
"updown",0.3,40,"PELT",1,0.125,0.222222222222222,1,0.0225351885995111
"updown",0.3,40,"SVP",1,0.125,0.222222222222222,1,0.0225351885995111
"updown",0.3,40,"SVP (BIC)",1,0.125,0.222222222222222,1,0.0225351885995111
"updown",0.3,41,"PELT",0.5,0.125,0.2,2,0.0269449973560739
"updown",0.3,41,"SVP",1,0.125,0.222222222222222,1,0.0242797234980327
"updown",0.3,41,"SVP (BIC)",1,0.125,0.222222222222222,1,0.0242797234980327
"updown",0.3,42,"PELT",1,0.125,0.222222222222222,1,0.0226995105837336
"updown",0.3,42,"SVP",0.5,0.125,0.2,2,0.0348063804636144
"updown",0.3,42,"SVP (BIC)",1,0.125,0.222222222222222,1,0.0226995105837336
"updown",0.3,43,"PELT",0.5,0.125,0.2,2,0.0248789492630315
"updown",0.3,43,"SVP",1,0.125,0.222222222222222,1,0.0240015125442708
"updown",0.3,43,"SVP (BIC)",1,0.125,0.222222222222222,1,0.0240015125442708
"updown",0.3,44,"PELT",0.25,0.125,0.166666666666667,4,0.0632984785976666
"updown",0.3,44,"SVP",0.5,0.125,0.2,2,0.0332074780949357
"updown",0.3,44,"SVP (BIC)",0.5,0.125,0.2,2,0.0378296981309759
"updown",0.3,45,"PELT",1,0.125,0.222222222222222,1,0.0230636038415776
"updown",0.3,45,"SVP",1,0.125,0.222222222222222,1,0.0230636038415776
"updown",0.3,45,"SVP (BIC)",1,0.125,0.222222222222222,1,0.0230636038415776
"updown",0.3,46,"PELT",1,0.125,0.222222222222222,1,0.0279987606190014
"updown",0.3,46,"SVP",1,0.125,0.222222222222222,1,0.0279987606190014
"updown",0.3,46,"SVP (BIC)",1,0.125,0.222222222222222,1,0.0279987606190014
"updown",0.3,47,"PELT",1,0.125,0.222222222222222,1,0.0225731339793746
"updown",0.3,47,"SVP",1,0.125,0.222222222222222,1,0.0225731339793746
"updown",0.3,47,"SVP (BIC)",1,0.125,0.222222222222222,1,0.0225731339793746
"updown",0.3,48,"PELT",1,0.125,0.222222222222222,1,0.0226847040941619
"updown",0.3,48,"SVP",1,0.125,0.222222222222222,1,0.0226847040941619
"updown",0.3,48,"SVP (BIC)",1,0.125,0.222222222222222,1,0.0226847040941619
"updown",0.3,49,"PELT",1,0.125,0.222222222222222,1,0.0225330769573491
"updown",0.3,49,"SVP",1,0.125,0.222222222222222,1,0.0225330769573491
"updown",0.3,49,"SVP (BIC)",1,0.125,0.222222222222222,1,0.0225330769573491
"updown",0.3,50,"PELT",1,0.125,0.222222222222222,1,0.0226584255797967
"updown",0.3,50,"SVP",1,0.125,0.222222222222222,1,0.0226584255797967
"updown",0.3,50,"SVP (BIC)",1,0.125,0.222222222222222,1,0.0226584255797967
"updown",0.3,51,"PELT",1,0.125,0.222222222222222,1,0.0226743246793209
"updown",0.3,51,"SVP",1,0.125,0.222222222222222,1,0.0226743246793209
"updown",0.3,51,"SVP (BIC)",1,0.125,0.222222222222222,1,0.0226743246793209
"updown",0.3,52,"PELT",1,0.125,0.222222222222222,1,0.0233192754591193
"updown",0.3,52,"SVP",1,0.125,0.222222222222222,1,0.0233192754591193
"updown",0.3,52,"SVP (BIC)",1,0.125,0.222222222222222,1,0.0233192754591193
"updown",0.3,53,"PELT",1,0.125,0.222222222222222,1,0.0237566393984248
"updown",0.3,53,"SVP",1,0.125,0.222222222222222,1,0.0237566393984248
"updown",0.3,53,"SVP (BIC)",1,0.125,0.222222222222222,1,0.0237566393984248
"updown",0.3,54,"PELT",1,0.125,0.222222222222222,1,0.0239186476616897
"updown",0.3,54,"SVP",1,0.125,0.222222222222222,1,0.0239186476616897
"updown",0.3,54,"SVP (BIC)",1,0.125,0.222222222222222,1,0.0239186476616897
"updown",0.3,55,"PELT",0.5,0.125,0.2,2,0.0302240424483026
"updown",0.3,55,"SVP",0.5,0.125,0.2,2,0.0302240424483026
"updown",0.3,55,"SVP (BIC)",1,0.125,0.222222222222222,1,0.02513583428369
"updown",0.3,56,"PELT",0.5,0.125,0.2,2,0.0255635850949938
"updown",0.3,56,"SVP",1,0.125,0.222222222222222,1,0.0226228703220047
"updown",0.3,56,"SVP (BIC)",1,0.125,0.222222222222222,1,0.0226228703220047
"updown",0.3,57,"PELT",1,0.125,0.222222222222222,1,0.023460720692749
"updown",0.3,57,"SVP",1,0.125,0.222222222222222,1,0.023460720692749
"updown",0.3,57,"SVP (BIC)",1,0.125,0.222222222222222,1,0.023460720692749
"updown",0.3,58,"PELT",1,0.125,0.222222222222222,1,0.0226372318479877
"updown",0.3,58,"SVP",1,0.125,0.222222222222222,1,0.0226372318479877
"updown",0.3,58,"SVP (BIC)",1,0.125,0.222222222222222,1,0.0226372318479877
"updown",0.3,59,"PELT",1,0.125,0.222222222222222,1,0.0229821453067842
"updown",0.3,59,"SVP",0.5,0.125,0.2,2,0.0271617795315218
"updown",0.3,59,"SVP (BIC)",1,0.125,0.222222222222222,1,0.0229821453067842
"updown",0.3,60,"PELT",1,0.125,0.222222222222222,1,0.0238251080258099
"updown",0.3,60,"SVP",0.5,0.125,0.2,2,0.0267437112339264
"updown",0.3,60,"SVP (BIC)",1,0.125,0.222222222222222,1,0.0238251080258099
"updown",0.3,61,"PELT",1,0.125,0.222222222222222,1,0.0227894205590809
"updown",0.3,61,"SVP",1,0.125,0.222222222222222,1,0.0227894205590809
"updown",0.3,61,"SVP (BIC)",1,0.125,0.222222222222222,1,0.0227894205590809
"updown",0.3,62,"PELT",1,0.125,0.222222222222222,1,0.0225002299155244
"updown",0.3,62,"SVP",1,0.125,0.222222222222222,1,0.0225002299155244
"updown",0.3,62,"SVP (BIC)",1,0.125,0.222222222222222,1,0.0225002299155244
"updown",0.3,63,"PELT",1,0.125,0.222222222222222,1,0.0242506024708462
"updown",0.3,63,"SVP",1,0.125,0.222222222222222,1,0.0242506024708462
"updown",0.3,63,"SVP (BIC)",1,0.125,0.222222222222222,1,0.0242506024708462
"updown",0.3,64,"PELT",0.5,0.125,0.2,2,0.0295224099790171
"updown",0.3,64,"SVP",1,0.125,0.222222222222222,1,0.0257939472244645
"updown",0.3,64,"SVP (BIC)",1,0.125,0.222222222222222,1,0.0257939472244645
"updown",0.3,65,"PELT",1,0.125,0.222222222222222,1,0.0229861536084602
"updown",0.3,65,"SVP",1,0.125,0.222222222222222,1,0.0229861536084602
"updown",0.3,65,"SVP (BIC)",1,0.125,0.222222222222222,1,0.0229861536084602
"updown",0.3,66,"PELT",1,0.125,0.222222222222222,1,0.0225109473887887
"updown",0.3,66,"SVP",1,0.125,0.222222222222222,1,0.0225109473887887
"updown",0.3,66,"SVP (BIC)",1,0.125,0.222222222222222,1,0.0225109473887887
"updown",0.3,67,"PELT",1,0.125,0.222222222222222,1,0.0232853980361139
"updown",0.3,67,"SVP",1,0.125,0.222222222222222,1,0.0232853980361139
"updown",0.3,67,"SVP (BIC)",1,0.125,0.222222222222222,1,0.0232853980361139
"updown",0.3,68,"PELT",0.333333333333333,0.125,0.181818181818182,3,0.047121393323647
"updown",0.3,68,"SVP",1,0.25,0.4,2,0.0260626987422628
"updown",0.3,68,"SVP (BIC)",0.5,0.125,0.2,2,0.0265168329585932
"updown",0.3,69,"PELT",1,0.125,0.222222222222222,1,0.0233399472221247
"updown",0.3,69,"SVP",1,0.125,0.222222222222222,1,0.0233399472221247
"updown",0.3,69,"SVP (BIC)",1,0.125,0.222222222222222,1,0.0233399472221247
"updown",0.3,70,"PELT",1,0.125,0.222222222222222,1,0.0225958183128518
"updown",0.3,70,"SVP",1,0.125,0.222222222222222,1,0.0225958183128518
"updown",0.3,70,"SVP (BIC)",1,0.125,0.222222222222222,1,0.0225958183128518
"updown",0.3,71,"PELT",0.5,0.125,0.2,2,0.0361919047130987
"updown",0.3,71,"SVP",0.5,0.125,0.2,2,0.0361919047130987
"updown",0.3,71,"SVP (BIC)",1,0.125,0.222222222222222,1,0.0226557948649907
"updown",0.3,72,"PELT",1,0.125,0.222222222222222,1,0.0232880805396944
"updown",0.3,72,"SVP",0.5,0.125,0.2,2,0.0207343545644189
"updown",0.3,72,"SVP (BIC)",1,0.125,0.222222222222222,1,0.0232880805396944
"updown",0.3,73,"PELT",1,0.125,0.222222222222222,1,0.022673067134692
"updown",0.3,73,"SVP",0.5,0.125,0.2,2,0.0215339791625289
"updown",0.3,73,"SVP (BIC)",1,0.125,0.222222222222222,1,0.022673067134692
"updown",0.3,74,"PELT",1,0.125,0.222222222222222,1,0.0236028960681228
"updown",0.3,74,"SVP",1,0.125,0.222222222222222,1,0.0236028960681228
"updown",0.3,74,"SVP (BIC)",1,0.125,0.222222222222222,1,0.0236028960681228
"updown",0.3,75,"PELT",1,0.125,0.222222222222222,1,0.0227200280109174
"updown",0.3,75,"SVP",0.5,0.125,0.2,2,0.0217963606459105
"updown",0.3,75,"SVP (BIC)",1,0.125,0.222222222222222,1,0.0227200280109174
"updown",0.3,76,"PELT",1,0.125,0.222222222222222,1,0.0247011079960662
"updown",0.3,76,"SVP",1,0.125,0.222222222222222,1,0.0247011079960662
"updown",0.3,76,"SVP (BIC)",1,0.125,0.222222222222222,1,0.0247011079960662
"updown",0.3,77,"PELT",1,0.125,0.222222222222222,1,0.0228289275468326
"updown",0.3,77,"SVP",1,0.125,0.222222222222222,1,0.0228289275468326
"updown",0.3,77,"SVP (BIC)",1,0.125,0.222222222222222,1,0.0228289275468326
"updown",0.3,78,"PELT",0.5,0.125,0.2,2,0.0266241064392936
"updown",0.3,78,"SVP",0.5,0.125,0.2,2,0.0246720146506713
"updown",0.3,78,"SVP (BIC)",1,0.125,0.222222222222222,1,0.0246189994880367
"updown",0.3,79,"PELT",1,0.125,0.222222222222222,1,0.0228317558790994
"updown",0.3,79,"SVP",1,0.125,0.222222222222222,1,0.0228317558790994
"updown",0.3,79,"SVP (BIC)",1,0.125,0.222222222222222,1,0.0228317558790994
"updown",0.3,80,"PELT",1,0.125,0.222222222222222,1,0.0254545487258727
"updown",0.3,80,"SVP",1,0.125,0.222222222222222,1,0.0254545487258727
"updown",0.3,80,"SVP (BIC)",1,0.125,0.222222222222222,1,0.0254545487258727
"updown",0.3,81,"PELT",1,0.125,0.222222222222222,1,0.0246282440527355
"updown",0.3,81,"SVP",0.5,0.125,0.2,2,0.027092840442883
"updown",0.3,81,"SVP (BIC)",1,0.125,0.222222222222222,1,0.0246282440527355
"updown",0.3,82,"PELT",1,0.125,0.222222222222222,1,0.0228625051923062
"updown",0.3,82,"SVP",1,0.125,0.222222222222222,1,0.0228625051923062
"updown",0.3,82,"SVP (BIC)",1,0.125,0.222222222222222,1,0.0228625051923062
"updown",0.3,83,"PELT",1,0.125,0.222222222222222,1,0.0231373845455959
"updown",0.3,83,"SVP",0.5,0.125,0.2,2,0.024860766855042
"updown",0.3,83,"SVP (BIC)",1,0.125,0.222222222222222,1,0.0231373845455959
"updown",0.3,84,"PELT",1,0.125,0.222222222222222,1,0.0232215414320149
"updown",0.3,84,"SVP",1,0.125,0.222222222222222,1,0.0232215414320149
"updown",0.3,84,"SVP (BIC)",1,0.125,0.222222222222222,1,0.0232215414320149
"updown",0.3,85,"PELT",1,0.125,0.222222222222222,1,0.0232057074700302
"updown",0.3,85,"SVP",1,0.125,0.222222222222222,1,0.0232057074700302
"updown",0.3,85,"SVP (BIC)",1,0.125,0.222222222222222,1,0.0232057074700302
"updown",0.3,86,"PELT",1,0.125,0.222222222222222,1,0.0233194165019503
"updown",0.3,86,"SVP",1,0.125,0.222222222222222,1,0.0233194165019503
"updown",0.3,86,"SVP (BIC)",1,0.125,0.222222222222222,1,0.0233194165019503
"updown",0.3,87,"PELT",0.5,0.25,0.333333333333333,4,0.0358803050816012
"updown",0.3,87,"SVP",1,0.25,0.4,2,0.0213957443632839
"updown",0.3,87,"SVP (BIC)",1,0.125,0.222222222222222,1,0.0240348789540136
"updown",0.3,88,"PELT",1,0.125,0.222222222222222,1,0.0225482161279538
"updown",0.3,88,"SVP",1,0.125,0.222222222222222,1,0.0225482161279538
"updown",0.3,88,"SVP (BIC)",1,0.125,0.222222222222222,1,0.0225482161279538
"updown",0.3,89,"PELT",1,0.125,0.222222222222222,1,0.022516046747708
"updown",0.3,89,"SVP",1,0.125,0.222222222222222,1,0.022516046747708
"updown",0.3,89,"SVP (BIC)",1,0.125,0.222222222222222,1,0.022516046747708
"updown",0.3,90,"PELT",1,0.125,0.222222222222222,1,0.0255077085012327
"updown",0.3,90,"SVP",1,0.125,0.222222222222222,1,0.0255077085012327
"updown",0.3,90,"SVP (BIC)",1,0.125,0.222222222222222,1,0.0255077085012327
"updown",0.3,91,"PELT",1,0.125,0.222222222222222,1,0.0226876811044359
"updown",0.3,91,"SVP",1,0.125,0.222222222222222,1,0.0226876811044359
"updown",0.3,91,"SVP (BIC)",1,0.125,0.222222222222222,1,0.0226876811044359
"updown",0.3,92,"PELT",1,0.125,0.222222222222222,1,0.0257128165251278
"updown",0.3,92,"SVP",0.5,0.125,0.2,2,0.0287310023645703
"updown",0.3,92,"SVP (BIC)",1,0.125,0.222222222222222,1,0.0257128165251278
"updown",0.3,93,"PELT",1,0.125,0.222222222222222,1,0.0229383729810026
"updown",0.3,93,"SVP",0.5,0.125,0.2,2,0.0209094626050995
"updown",0.3,93,"SVP (BIC)",1,0.125,0.222222222222222,1,0.0229383729810026
"updown",0.3,94,"PELT",1,0.125,0.222222222222222,1,0.0225008606623976
"updown",0.3,94,"SVP",1,0.125,0.222222222222222,1,0.0225008606623976
"updown",0.3,94,"SVP (BIC)",1,0.125,0.222222222222222,1,0.0225008606623976
"updown",0.3,95,"PELT",1,0.125,0.222222222222222,1,0.0225979688913337
"updown",0.3,95,"SVP",1,0.125,0.222222222222222,1,0.0225979688913337
"updown",0.3,95,"SVP (BIC)",1,0.125,0.222222222222222,1,0.0225979688913337
"updown",0.3,96,"PELT",1,0.125,0.222222222222222,1,0.0243067969133783
"updown",0.3,96,"SVP",1,0.125,0.222222222222222,1,0.0243067969133783
"updown",0.3,96,"SVP (BIC)",1,0.125,0.222222222222222,1,0.0243067969133783
"updown",0.3,97,"PELT",1,0.125,0.222222222222222,1,0.022963522453077
"updown",0.3,97,"SVP",1,0.125,0.222222222222222,1,0.022963522453077
"updown",0.3,97,"SVP (BIC)",1,0.125,0.222222222222222,1,0.022963522453077
"updown",0.3,98,"PELT",1,0.125,0.222222222222222,1,0.0251559794200144
"updown",0.3,98,"SVP",1,0.125,0.222222222222222,1,0.0251559794200144
"updown",0.3,98,"SVP (BIC)",1,0.125,0.222222222222222,1,0.0251559794200144
"updown",0.3,99,"PELT",1,0.125,0.222222222222222,1,0.0225971158462286
"updown",0.3,99,"SVP",1,0.125,0.222222222222222,1,0.0225971158462286
"updown",0.3,99,"SVP (BIC)",1,0.125,0.222222222222222,1,0.0225971158462286
"updown",0.3,100,"PELT",1,0.125,0.222222222222222,1,0.0266993638827588
"updown",0.3,100,"SVP",1,0.125,0.222222222222222,1,0.0266993638827588
"updown",0.3,100,"SVP (BIC)",1,0.125,0.222222222222222,1,0.0266993638827588
"rand1",0.3,1,"PELT",0.5,0.125,0.2,2,0.0237182954058591
"rand1",0.3,1,"SVP",0.5,0.125,0.2,2,0.0237182954058591
"rand1",0.3,1,"SVP (BIC)",1,0.125,0.222222222222222,1,0.0355083578536286
"rand1",0.3,2,"PELT",0.4,0.25,0.307692307692308,5,0.0216566895555652
"rand1",0.3,2,"SVP",0.5,0.125,0.2,2,0.0253367386374852
"rand1",0.3,2,"SVP (BIC)",1,0.25,0.4,2,0.0233429093069242
"rand1",0.3,3,"PELT",0.333333333333333,0.125,0.181818181818182,3,0.0148853654914211
"rand1",0.3,3,"SVP",0.5,0.125,0.2,2,0.0257154385779822
"rand1",0.3,3,"SVP (BIC)",0.5,0.125,0.2,2,0.0257154385779822
"rand1",0.3,4,"PELT",0.4,0.25,0.307692307692308,5,0.0257696932731144
"rand1",0.3,4,"SVP",0.5,0.125,0.2,2,0.0308145085568358
"rand1",0.3,4,"SVP (BIC)",1,0.125,0.222222222222222,1,0.0386859823723756
"rand1",0.3,5,"PELT",1,0.125,0.222222222222222,1,0.0354208593637571
"rand1",0.3,5,"SVP",1,0.125,0.222222222222222,1,0.0354208593637571
"rand1",0.3,5,"SVP (BIC)",1,0.125,0.222222222222222,1,0.0354208593637571
"rand1",0.3,6,"PELT",0.333333333333333,0.125,0.181818181818182,3,0.012085251443577
"rand1",0.3,6,"SVP",0.5,0.125,0.2,2,0.0256323253915183
"rand1",0.3,6,"SVP (BIC)",0.5,0.125,0.2,2,0.0220028703186236
"rand1",0.3,7,"PELT",1,0.25,0.4,2,0.0266321578568737
"rand1",0.3,7,"SVP",1,0.25,0.4,2,0.0266321578568737
"rand1",0.3,7,"SVP (BIC)",1,0.25,0.4,2,0.0266321578568737
"rand1",0.3,8,"PELT",1,0.125,0.222222222222222,1,0.0352998958870987
"rand1",0.3,8,"SVP",0.5,0.125,0.2,2,0.0350570000605231
"rand1",0.3,8,"SVP (BIC)",1,0.125,0.222222222222222,1,0.0352998958870987
"rand1",0.3,9,"PELT",0.666666666666667,0.25,0.363636363636364,3,0.0106581638892785
"rand1",0.3,9,"SVP",0.5,0.125,0.2,2,0.0229964099820347
"rand1",0.3,9,"SVP (BIC)",0.5,0.125,0.2,2,0.0229964099820347
"rand1",0.3,10,"PELT",0.333333333333333,0.125,0.181818181818182,3,0.0395744849639568
"rand1",0.3,10,"SVP",0.5,0.125,0.2,2,0.0262744601679257
"rand1",0.3,10,"SVP (BIC)",1,0.125,0.222222222222222,1,0.0375598902579831
"rand1",0.3,11,"PELT",0.333333333333333,0.125,0.181818181818182,3,0.0196598175319364
"rand1",0.3,11,"SVP",0.5,0.125,0.2,2,0.0241510945509795
"rand1",0.3,11,"SVP (BIC)",0.5,0.125,0.2,2,0.0241510945509795
"rand1",0.3,12,"PELT",0.5,0.125,0.2,2,0.0370805881328919
"rand1",0.3,12,"SVP",0.5,0.125,0.2,2,0.0370805881328919
"rand1",0.3,12,"SVP (BIC)",0.5,0.125,0.2,2,0.0370805881328919
"rand1",0.3,13,"PELT",0.666666666666667,0.25,0.363636363636364,3,0.0146469900315597
"rand1",0.3,13,"SVP",1,0.25,0.4,2,0.024759710381431
"rand1",0.3,13,"SVP (BIC)",1,0.125,0.222222222222222,1,0.0355797680848442
"rand1",0.3,14,"PELT",0.333333333333333,0.125,0.181818181818182,3,0.037851249065362
"rand1",0.3,14,"SVP",0.5,0.125,0.2,2,0.0256629915102933
"rand1",0.3,14,"SVP (BIC)",1,0.25,0.4,2,0.0238156252490105
"rand1",0.3,15,"PELT",0.666666666666667,0.25,0.363636363636364,3,0.0206435956275792
"rand1",0.3,15,"SVP",0.5,0.125,0.2,2,0.0263736432421856
"rand1",0.3,15,"SVP (BIC)",0.5,0.125,0.2,2,0.0272889143501418
"rand1",0.3,16,"PELT",1,0.125,0.222222222222222,1,0.0352751647549886
"rand1",0.3,16,"SVP",1,0.125,0.222222222222222,1,0.0352751647549886
"rand1",0.3,16,"SVP (BIC)",1,0.125,0.222222222222222,1,0.0352751647549886
"rand1",0.3,17,"PELT",0.333333333333333,0.125,0.181818181818182,3,0.0347975877926753
"rand1",0.3,17,"SVP",0.5,0.125,0.2,2,0.0309534556672323
"rand1",0.3,17,"SVP (BIC)",1,0.125,0.222222222222222,1,0.0364364681173177
"rand1",0.3,18,"PELT",0.5,0.125,0.2,2,0.0242583654738988
"rand1",0.3,18,"SVP",0.5,0.125,0.2,2,0.0242583654738988
"rand1",0.3,18,"SVP (BIC)",1,0.125,0.222222222222222,1,0.0358977931753229
"rand1",0.3,19,"PELT",0.666666666666667,0.25,0.363636363636364,3,0.0165126396086664
"rand1",0.3,19,"SVP",0.5,0.125,0.2,2,0.0292633360903023
"rand1",0.3,19,"SVP (BIC)",1,0.25,0.4,2,0.0244639382849038
"rand1",0.3,20,"PELT",0.666666666666667,0.25,0.363636363636364,3,0.0137973613766381
"rand1",0.3,20,"SVP",1,0.25,0.4,2,0.0242715780989006
"rand1",0.3,20,"SVP (BIC)",1,0.25,0.4,2,0.0242715780989006
"rand1",0.3,21,"PELT",1,0.125,0.222222222222222,1,0.0353655175978355
"rand1",0.3,21,"SVP",1,0.125,0.222222222222222,1,0.0353655175978355
"rand1",0.3,21,"SVP (BIC)",1,0.125,0.222222222222222,1,0.0353655175978355
"rand1",0.3,22,"PELT",0.333333333333333,0.125,0.181818181818182,3,0.0155338182476298
"rand1",0.3,22,"SVP",1,0.25,0.4,2,0.0212289123830164
"rand1",0.3,22,"SVP (BIC)",0.5,0.125,0.2,2,0.0238523545061747
"rand1",0.3,23,"PELT",1,0.125,0.222222222222222,1,0.0352659157338035
"rand1",0.3,23,"SVP",0.5,0.125,0.2,2,0.0239569214566593
"rand1",0.3,23,"SVP (BIC)",1,0.125,0.222222222222222,1,0.0352659157338035
"rand1",0.3,24,"PELT",1,0.125,0.222222222222222,1,0.0352851121090479
"rand1",0.3,24,"SVP",1,0.125,0.222222222222222,1,0.0352851121090479
"rand1",0.3,24,"SVP (BIC)",1,0.125,0.222222222222222,1,0.0352851121090479
"rand1",0.3,25,"PELT",1,0.125,0.222222222222222,1,0.0353385195796341
"rand1",0.3,25,"SVP",0.5,0.125,0.2,2,0.0221706822461622
"rand1",0.3,25,"SVP (BIC)",1,0.125,0.222222222222222,1,0.0353385195796341
"rand1",0.3,26,"PELT",0.666666666666667,0.25,0.363636363636364,3,0.0236712636968596
"rand1",0.3,26,"SVP",0.5,0.125,0.2,2,0.034512057936986
"rand1",0.3,26,"SVP (BIC)",0.5,0.125,0.2,2,0.034512057936986
"rand1",0.3,27,"PELT",0.666666666666667,0.25,0.363636363636364,3,0.0150170073954405
"rand1",0.3,27,"SVP",1,0.25,0.4,2,0.0226098528342833
"rand1",0.3,27,"SVP (BIC)",1,0.25,0.4,2,0.0226098528342833
"rand1",0.3,28,"PELT",0.666666666666667,0.25,0.363636363636364,3,0.0164212677714557
"rand1",0.3,28,"SVP",0.5,0.125,0.2,2,0.0253524909986512
"rand1",0.3,28,"SVP (BIC)",1,0.25,0.4,2,0.0251508561045275
"rand1",0.3,29,"PELT",0.666666666666667,0.25,0.363636363636364,3,0.0219894854276146
"rand1",0.3,29,"SVP",0.5,0.125,0.2,2,0.0221439625339001
"rand1",0.3,29,"SVP (BIC)",0.5,0.125,0.2,2,0.0221439625339001
"rand1",0.3,30,"PELT",0.333333333333333,0.125,0.181818181818182,3,0.019274192622635
"rand1",0.3,30,"SVP",0.5,0.125,0.2,2,0.0238206159401275
"rand1",0.3,30,"SVP (BIC)",0.5,0.125,0.2,2,0.0242804960965881
"rand1",0.3,31,"PELT",0.333333333333333,0.125,0.181818181818182,3,0.0329677580696166
"rand1",0.3,31,"SVP",0.5,0.125,0.2,2,0.0257049461341455
"rand1",0.3,31,"SVP (BIC)",1,0.125,0.222222222222222,1,0.0356305736445791
"rand1",0.3,32,"PELT",1,0.125,0.222222222222222,1,0.035346324634187
"rand1",0.3,32,"SVP",0.5,0.125,0.2,2,0.023640750127717
"rand1",0.3,32,"SVP (BIC)",1,0.125,0.222222222222222,1,0.035346324634187
"rand1",0.3,33,"PELT",0.5,0.125,0.2,2,0.0220303970416022
"rand1",0.3,33,"SVP",0.5,0.125,0.2,2,0.0220303970416022
"rand1",0.3,33,"SVP (BIC)",1,0.125,0.222222222222222,1,0.0352651463629896
"rand1",0.3,34,"PELT",1,0.25,0.4,2,0.021754997415223
"rand1",0.3,34,"SVP",1,0.25,0.4,2,0.021754997415223
"rand1",0.3,34,"SVP (BIC)",1,0.25,0.4,2,0.021754997415223
"rand1",0.3,35,"PELT",0.333333333333333,0.125,0.181818181818182,3,0.0233914981805289
"rand1",0.3,35,"SVP",1,0.25,0.4,2,0.0215269052054381
"rand1",0.3,35,"SVP (BIC)",0.5,0.125,0.2,2,0.0233165881369908
"rand1",0.3,36,"PELT",1,0.125,0.222222222222222,1,0.0361429856349322
"rand1",0.3,36,"SVP",1,0.125,0.222222222222222,1,0.0361429856349322
"rand1",0.3,36,"SVP (BIC)",1,0.125,0.222222222222222,1,0.0361429856349322
"rand1",0.3,37,"PELT",0.5,0.125,0.2,2,0.034403131395294
"rand1",0.3,37,"SVP",0.5,0.125,0.2,2,0.034403131395294
"rand1",0.3,37,"SVP (BIC)",1,0.125,0.222222222222222,1,0.0352754413113951
"rand1",0.3,38,"PELT",0.666666666666667,0.25,0.363636363636364,3,0.0191084755398539
"rand1",0.3,38,"SVP",0.5,0.125,0.2,2,0.0273612638206558
"rand1",0.3,38,"SVP (BIC)",1,0.25,0.4,2,0.0227327587771038
"rand1",0.3,39,"PELT",1,0.125,0.222222222222222,1,0.0357842891728001
"rand1",0.3,39,"SVP",1,0.125,0.222222222222222,1,0.0357842891728001
"rand1",0.3,39,"SVP (BIC)",1,0.125,0.222222222222222,1,0.0357842891728001
"rand1",0.3,40,"PELT",1,0.125,0.222222222222222,1,0.0352859977666361
"rand1",0.3,40,"SVP",1,0.125,0.222222222222222,1,0.0352859977666361
"rand1",0.3,40,"SVP (BIC)",1,0.125,0.222222222222222,1,0.0352859977666361
"rand1",0.3,41,"PELT",0.5,0.125,0.2,2,0.0397634038349131
"rand1",0.3,41,"SVP",0.5,0.125,0.2,2,0.0397634038349131
"rand1",0.3,41,"SVP (BIC)",0.5,0.125,0.2,2,0.0397634038349131
"rand1",0.3,42,"PELT",1,0.125,0.222222222222222,1,0.036220813835484
"rand1",0.3,42,"SVP",1,0.125,0.222222222222222,1,0.036220813835484
"rand1",0.3,42,"SVP (BIC)",1,0.125,0.222222222222222,1,0.036220813835484
"rand1",0.3,43,"PELT",0.666666666666667,0.25,0.363636363636364,3,0.0115696948356692
"rand1",0.3,43,"SVP",0.5,0.125,0.2,2,0.0272341196525381
"rand1",0.3,43,"SVP (BIC)",0.5,0.125,0.2,2,0.0253442837307057
"rand1",0.3,44,"PELT",1,0.125,0.222222222222222,1,0.0352763350143461
"rand1",0.3,44,"SVP",1,0.25,0.4,2,0.0216557988076824
"rand1",0.3,44,"SVP (BIC)",1,0.125,0.222222222222222,1,0.0352763350143461
"rand1",0.3,45,"PELT",0.5,0.125,0.2,2,0.0300093195375496
"rand1",0.3,45,"SVP",0.5,0.125,0.2,2,0.0300093195375496
"rand1",0.3,45,"SVP (BIC)",0.5,0.125,0.2,2,0.0300093195375496
"rand1",0.3,46,"PELT",0.666666666666667,0.25,0.363636363636364,3,0.0190744120275691
"rand1",0.3,46,"SVP",0.5,0.125,0.2,2,0.0246707502815843
"rand1",0.3,46,"SVP (BIC)",0.5,0.125,0.2,2,0.0238341371984563
"rand1",0.3,47,"PELT",0.333333333333333,0.125,0.181818181818182,3,0.0333903790644434
"rand1",0.3,47,"SVP",0.25,0.125,0.166666666666667,4,0.0361182407395617
"rand1",0.3,47,"SVP (BIC)",1,0.25,0.4,2,0.027699061895193
"rand1",0.3,48,"PELT",0.666666666666667,0.25,0.363636363636364,3,0.0118008987591963
"rand1",0.3,48,"SVP",1,0.25,0.4,2,0.0227566764062797
"rand1",0.3,48,"SVP (BIC)",1,0.25,0.4,2,0.0227566764062797
"rand1",0.3,49,"PELT",0.666666666666667,0.25,0.363636363636364,3,0.0238441664061077
"rand1",0.3,49,"SVP",0.666666666666667,0.25,0.363636363636364,3,0.0238441664061077
"rand1",0.3,49,"SVP (BIC)",0.5,0.125,0.2,2,0.0250449299970251
"rand1",0.3,50,"PELT",0.8,0.5,0.615384615384615,5,0.020182525660042
"rand1",0.3,50,"SVP",0.5,0.125,0.2,2,0.023650084650211
"rand1",0.3,50,"SVP (BIC)",0.5,0.125,0.2,2,0.023650084650211
"rand1",0.3,51,"PELT",0.333333333333333,0.125,0.181818181818182,3,0.0277691969460117
"rand1",0.3,51,"SVP",0.5,0.125,0.2,2,0.0266856547380161
"rand1",0.3,51,"SVP (BIC)",0.5,0.125,0.2,2,0.0266856547380161
"rand1",0.3,52,"PELT",0.5,0.125,0.2,2,0.0263690398752797
"rand1",0.3,52,"SVP",0.5,0.125,0.2,2,0.0263690398752797
"rand1",0.3,52,"SVP (BIC)",0.5,0.125,0.2,2,0.0263690398752797
"rand1",0.3,53,"PELT",0.333333333333333,0.125,0.181818181818182,3,0.0160031423583249
"rand1",0.3,53,"SVP",1,0.25,0.4,2,0.0234679863548921
"rand1",0.3,53,"SVP (BIC)",1,0.25,0.4,2,0.0234679863548921
"rand1",0.3,54,"PELT",0.5,0.125,0.2,2,0.0241651542575937
"rand1",0.3,54,"SVP",0.5,0.125,0.2,2,0.0241651542575937
"rand1",0.3,54,"SVP (BIC)",0.5,0.125,0.2,2,0.0241651542575937
"rand1",0.3,55,"PELT",1,0.125,0.222222222222222,1,0.0368219962938625
"rand1",0.3,55,"SVP",1,0.125,0.222222222222222,1,0.0368219962938625
"rand1",0.3,55,"SVP (BIC)",1,0.125,0.222222222222222,1,0.0368219962938625
"rand1",0.3,56,"PELT",0.666666666666667,0.25,0.363636363636364,3,0.0150520387193604
"rand1",0.3,56,"SVP",0.5,0.125,0.2,2,0.0282362752254305
"rand1",0.3,56,"SVP (BIC)",1,0.125,0.222222222222222,1,0.0398066497437801
"rand1",0.3,57,"PELT",0.333333333333333,0.125,0.181818181818182,3,0.0207830908800984
"rand1",0.3,57,"SVP",0.5,0.125,0.2,2,0.0310302121334864
"rand1",0.3,57,"SVP (BIC)",0.5,0.125,0.2,2,0.0310302121334864
"rand1",0.3,58,"PELT",1,0.125,0.222222222222222,1,0.035362831943093
"rand1",0.3,58,"SVP",1,0.125,0.222222222222222,1,0.035362831943093
"rand1",0.3,58,"SVP (BIC)",1,0.125,0.222222222222222,1,0.035362831943093
"rand1",0.3,59,"PELT",1,0.375,0.545454545454545,3,0.0101075591571414
"rand1",0.3,59,"SVP",0.5,0.125,0.2,2,0.0366836970814105
"rand1",0.3,59,"SVP (BIC)",0.5,0.125,0.2,2,0.0366836970814105
"rand1",0.3,60,"PELT",0.666666666666667,0.25,0.363636363636364,3,0.0119105695009357
"rand1",0.3,60,"SVP",0.5,0.125,0.2,2,0.0212726003838396
"rand1",0.3,60,"SVP (BIC)",1,0.25,0.4,2,0.0211963913383644
"rand1",0.3,61,"PELT",0.5,0.125,0.2,2,0.0269620209263363
"rand1",0.3,61,"SVP",0.5,0.125,0.2,2,0.0269620209263363
"rand1",0.3,61,"SVP (BIC)",1,0.125,0.222222222222222,1,0.036627927729375
"rand1",0.3,62,"PELT",0.666666666666667,0.25,0.363636363636364,3,0.0146929365777267
"rand1",0.3,62,"SVP",0.5,0.125,0.2,2,0.0269662007283958
"rand1",0.3,62,"SVP (BIC)",0.5,0.125,0.2,2,0.0269662007283958
"rand1",0.3,63,"PELT",1,0.375,0.545454545454545,3,0.0112466152628911
"rand1",0.3,63,"SVP",0.5,0.125,0.2,2,0.025372515359303
"rand1",0.3,63,"SVP (BIC)",0.5,0.125,0.2,2,0.0252672800274519
"rand1",0.3,64,"PELT",0.5,0.125,0.2,2,0.0253659432298517
"rand1",0.3,64,"SVP",0.5,0.125,0.2,2,0.0253659432298517
"rand1",0.3,64,"SVP (BIC)",1,0.125,0.222222222222222,1,0.035302888690852
"rand1",0.3,65,"PELT",0.333333333333333,0.125,0.181818181818182,3,0.0183069722510224
"rand1",0.3,65,"SVP",0.5,0.125,0.2,2,0.0269216893405034
"rand1",0.3,65,"SVP (BIC)",0.5,0.125,0.2,2,0.0263018485522561
"rand1",0.3,66,"PELT",0.75,0.375,0.5,4,0.035661138558081
"rand1",0.3,66,"SVP",0.333333333333333,0.125,0.181818181818182,3,0.0346935290126244
"rand1",0.3,66,"SVP (BIC)",1,0.125,0.222222222222222,1,0.0381048758244226
"rand1",0.3,67,"PELT",0.333333333333333,0.125,0.181818181818182,3,0.0148094595682074
"rand1",0.3,67,"SVP",0.5,0.125,0.2,2,0.0236430027085603
"rand1",0.3,67,"SVP (BIC)",0.5,0.125,0.2,2,0.0228773452919037
"rand1",0.3,68,"PELT",0.333333333333333,0.125,0.181818181818182,3,0.0344294207118526
"rand1",0.3,68,"SVP",0.25,0.125,0.166666666666667,4,0.0388311795216601
"rand1",0.3,68,"SVP (BIC)",1,0.25,0.4,2,0.0256220900077974
"rand1",0.3,69,"PELT",0.5,0.125,0.2,2,0.0224803917182427
"rand1",0.3,69,"SVP",0.5,0.125,0.2,2,0.0224803917182427
"rand1",0.3,69,"SVP (BIC)",1,0.125,0.222222222222222,1,0.035342382851155
"rand1",0.3,70,"PELT",0.5,0.125,0.2,2,0.0236272830728918
"rand1",0.3,70,"SVP",0.5,0.125,0.2,2,0.0236272830728918
"rand1",0.3,70,"SVP (BIC)",1,0.125,0.222222222222222,1,0.0357404151771236
"rand1",0.3,71,"PELT",0.333333333333333,0.125,0.181818181818182,3,0.0262642006538241
"rand1",0.3,71,"SVP",0.333333333333333,0.125,0.181818181818182,3,0.0262642006538241
"rand1",0.3,71,"SVP (BIC)",0.5,0.125,0.2,2,0.0269408202204414
"rand1",0.3,72,"PELT",0.333333333333333,0.125,0.181818181818182,3,0.0201470021650894
"rand1",0.3,72,"SVP",0.5,0.125,0.2,2,0.0254954947951206
"rand1",0.3,72,"SVP (BIC)",0.5,0.125,0.2,2,0.0241294224945608
"rand1",0.3,73,"PELT",1,0.125,0.222222222222222,1,0.0361883514366067
"rand1",0.3,73,"SVP",0.5,0.125,0.2,2,0.0285884693749969
"rand1",0.3,73,"SVP (BIC)",1,0.125,0.222222222222222,1,0.0361883514366067
"rand1",0.3,74,"PELT",0.333333333333333,0.125,0.181818181818182,3,0.0164844815572798
"rand1",0.3,74,"SVP",0.5,0.125,0.2,2,0.0227692554600611
"rand1",0.3,74,"SVP (BIC)",0.5,0.125,0.2,2,0.0227692554600611
"rand1",0.3,75,"PELT",0.5,0.125,0.2,2,0.0246183934899138
"rand1",0.3,75,"SVP",0.5,0.125,0.2,2,0.0246183934899138
"rand1",0.3,75,"SVP (BIC)",1,0.125,0.222222222222222,1,0.0358403327320836
"rand1",0.3,76,"PELT",1,0.125,0.222222222222222,1,0.03605429878147
"rand1",0.3,76,"SVP",0.5,0.125,0.2,2,0.0246447393207719
"rand1",0.3,76,"SVP (BIC)",1,0.125,0.222222222222222,1,0.03605429878147
"rand1",0.3,77,"PELT",1,0.375,0.545454545454545,3,0.0110622687397027
"rand1",0.3,77,"SVP",1,0.25,0.4,2,0.024388193392271
"rand1",0.3,77,"SVP (BIC)",1,0.125,0.222222222222222,1,0.0356221187774457
"rand1",0.3,78,"PELT",0.666666666666667,0.25,0.363636363636364,3,0.0259630579106909
"rand1",0.3,78,"SVP",0.5,0.125,0.2,2,0.0280675692051964
"rand1",0.3,78,"SVP (BIC)",0.5,0.125,0.2,2,0.0280675692051964
"rand1",0.3,79,"PELT",1,0.25,0.4,2,0.0307961707978935
"rand1",0.3,79,"SVP",1,0.25,0.4,2,0.0307961707978935
"rand1",0.3,79,"SVP (BIC)",1,0.25,0.4,2,0.0307961707978935
"rand1",0.3,80,"PELT",1,0.125,0.222222222222222,1,0.0359312212880628
"rand1",0.3,80,"SVP",1,0.125,0.222222222222222,1,0.0359312212880628
"rand1",0.3,80,"SVP (BIC)",1,0.125,0.222222222222222,1,0.0359312212880628
"rand1",0.3,81,"PELT",0.666666666666667,0.25,0.363636363636364,3,0.0119479445860196
"rand1",0.3,81,"SVP",0.5,0.125,0.2,2,0.0257492654265275
"rand1",0.3,81,"SVP (BIC)",0.5,0.125,0.2,2,0.0257492654265275
"rand1",0.3,82,"PELT",0.5,0.125,0.2,2,0.0268024179281724
"rand1",0.3,82,"SVP",1,0.125,0.222222222222222,1,0.0369391134802837
"rand1",0.3,82,"SVP (BIC)",1,0.125,0.222222222222222,1,0.0369391134802837
"rand1",0.3,83,"PELT",0.2,0.125,0.153846153846154,5,0.0512990282346068
"rand1",0.3,83,"SVP",0.333333333333333,0.125,0.181818181818182,3,0.0241191060832305
"rand1",0.3,83,"SVP (BIC)",0.5,0.125,0.2,2,0.0238896186973742
"rand1",0.3,84,"PELT",0.5,0.125,0.2,2,0.0250179857578356
"rand1",0.3,84,"SVP",0.5,0.125,0.2,2,0.0250179857578356
"rand1",0.3,84,"SVP (BIC)",1,0.125,0.222222222222222,1,0.0357557045325737
"rand1",0.3,85,"PELT",0.5,0.125,0.2,2,0.0287890097596466
"rand1",0.3,85,"SVP",0.5,0.125,0.2,2,0.0287890097596466
"rand1",0.3,85,"SVP (BIC)",0.5,0.125,0.2,2,0.0287890097596466
"rand1",0.3,86,"PELT",0.333333333333333,0.125,0.181818181818182,3,0.0112086465463875
"rand1",0.3,86,"SVP",0.5,0.125,0.2,2,0.0297217529570457
"rand1",0.3,86,"SVP (BIC)",0.5,0.125,0.2,2,0.0297217529570457
"rand1",0.3,87,"PELT",1,0.125,0.222222222222222,1,0.0352733873093674
"rand1",0.3,87,"SVP",0.5,0.125,0.2,2,0.0251033187379776
"rand1",0.3,87,"SVP (BIC)",1,0.125,0.222222222222222,1,0.0352733873093674
"rand1",0.3,88,"PELT",0.333333333333333,0.125,0.181818181818182,3,0.016628081324093
"rand1",0.3,88,"SVP",1,0.25,0.4,2,0.0255022675342484
"rand1",0.3,88,"SVP (BIC)",1,0.125,0.222222222222222,1,0.0373721223485342
"rand1",0.3,89,"PELT",1,0.125,0.222222222222222,1,0.0355780577907013
"rand1",0.3,89,"SVP",0.5,0.125,0.2,2,0.0225130092962319
"rand1",0.3,89,"SVP (BIC)",1,0.125,0.222222222222222,1,0.0355780577907013
"rand1",0.3,90,"PELT",0.5,0.125,0.2,2,0.0273153103125781
"rand1",0.3,90,"SVP",0.5,0.125,0.2,2,0.0273153103125781
"rand1",0.3,90,"SVP (BIC)",1,0.125,0.222222222222222,1,0.0352739676887839
"rand1",0.3,91,"PELT",0.333333333333333,0.125,0.181818181818182,3,0.0165343049790464
"rand1",0.3,91,"SVP",0.5,0.125,0.2,2,0.0254644176958637
"rand1",0.3,91,"SVP (BIC)",0.5,0.125,0.2,2,0.0254644176958637
"rand1",0.3,92,"PELT",0.333333333333333,0.125,0.181818181818182,3,0.0139402278194755
"rand1",0.3,92,"SVP",1,0.25,0.4,2,0.0227600556085741
"rand1",0.3,92,"SVP (BIC)",0.5,0.125,0.2,2,0.0236027025410009
"rand1",0.3,93,"PELT",1,0.125,0.222222222222222,1,0.0363322116874734
"rand1",0.3,93,"SVP",1,0.125,0.222222222222222,1,0.0363322116874734
"rand1",0.3,93,"SVP (BIC)",1,0.125,0.222222222222222,1,0.0363322116874734
"rand1",0.3,94,"PELT",0.666666666666667,0.25,0.363636363636364,3,0.0139671666621034
"rand1",0.3,94,"SVP",0.5,0.125,0.2,2,0.0247591447814586
"rand1",0.3,94,"SVP (BIC)",0.5,0.125,0.2,2,0.0247591447814586
"rand1",0.3,95,"PELT",0.666666666666667,0.25,0.363636363636364,3,0.0178686941875749
"rand1",0.3,95,"SVP",0.666666666666667,0.25,0.363636363636364,3,0.0178686941875749
"rand1",0.3,95,"SVP (BIC)",0.5,0.125,0.2,2,0.0263636191477467
"rand1",0.3,96,"PELT",0.666666666666667,0.25,0.363636363636364,3,0.0169956537022636
"rand1",0.3,96,"SVP",0.5,0.125,0.2,2,0.0249942514667236
"rand1",0.3,96,"SVP (BIC)",0.5,0.125,0.2,2,0.0250516089191719
"rand1",0.3,97,"PELT",1,0.125,0.222222222222222,1,0.0386374460003621
"rand1",0.3,97,"SVP",0.666666666666667,0.25,0.363636363636364,3,0.0278468208756147
"rand1",0.3,97,"SVP (BIC)",1,0.125,0.222222222222222,1,0.0386374460003621
"rand1",0.3,98,"PELT",0.333333333333333,0.125,0.181818181818182,3,0.0159445913797948
"rand1",0.3,98,"SVP",0.5,0.125,0.2,2,0.0264753494724264
"rand1",0.3,98,"SVP (BIC)",0.5,0.125,0.2,2,0.0264753494724264
"rand1",0.3,99,"PELT",0.5,0.125,0.2,2,0.0230596858504461
"rand1",0.3,99,"SVP",1,0.125,0.222222222222222,1,0.0364012913774395
"rand1",0.3,99,"SVP (BIC)",1,0.125,0.222222222222222,1,0.0364012913774395
"rand1",0.3,100,"PELT",0.666666666666667,0.25,0.363636363636364,3,0.0129285511926325
"rand1",0.3,100,"SVP",0.5,0.125,0.2,2,0.0246508546815395
"rand1",0.3,100,"SVP (BIC)",0.5,0.125,0.2,2,0.0246508546815395
"none",0.4,1,"PELT",1,1,1,1,0.00538933055620191
"none",0.4,1,"SVP",0.5,1,0.666666666666667,2,0.00701236765812406
"none",0.4,1,"SVP (BIC)",1,1,1,1,0.00538933055620191
"none",0.4,2,"PELT",1,1,1,1,0.000299875445444089
"none",0.4,2,"SVP",0.5,1,0.666666666666667,2,0.000458999515441955
"none",0.4,2,"SVP (BIC)",1,1,1,1,0.000299875445444089
"none",0.4,3,"PELT",1,1,1,1,5.22685039528573e-05
"none",0.4,3,"SVP",1,1,1,1,5.22685039528573e-05
"none",0.4,3,"SVP (BIC)",1,1,1,1,5.22685039528573e-05
"none",0.4,4,"PELT",1,1,1,1,9.52438293871366e-05
"none",0.4,4,"SVP",1,1,1,1,9.52438293871366e-05
"none",0.4,4,"SVP (BIC)",1,1,1,1,9.52438293871366e-05
"none",0.4,5,"PELT",1,1,1,1,0.000145959593654019
"none",0.4,5,"SVP",1,1,1,1,0.000145959593654019
"none",0.4,5,"SVP (BIC)",1,1,1,1,0.000145959593654019
"none",0.4,6,"PELT",1,1,1,1,0.00720578198269256
"none",0.4,6,"SVP",1,1,1,1,0.00720578198269256
"none",0.4,6,"SVP (BIC)",1,1,1,1,0.00720578198269256
"none",0.4,7,"PELT",1,1,1,1,1.74678749123782e-05
"none",0.4,7,"SVP",1,1,1,1,1.74678749123782e-05
"none",0.4,7,"SVP (BIC)",1,1,1,1,1.74678749123782e-05
"none",0.4,8,"PELT",1,1,1,1,0.00704249182273005
"none",0.4,8,"SVP",1,1,1,1,0.00704249182273005
"none",0.4,8,"SVP (BIC)",1,1,1,1,0.00704249182273005
"none",0.4,9,"PELT",1,1,1,1,0.000441331978602548
"none",0.4,9,"SVP",1,1,1,1,0.000441331978602548
"none",0.4,9,"SVP (BIC)",1,1,1,1,0.000441331978602548
"none",0.4,10,"PELT",1,1,1,1,1.01205771628685e-05
"none",0.4,10,"SVP",1,1,1,1,1.01205771628685e-05
"none",0.4,10,"SVP (BIC)",1,1,1,1,1.01205771628685e-05
"none",0.4,11,"PELT",1,1,1,1,0.000768945103284604
"none",0.4,11,"SVP",1,1,1,1,0.000768945103284604
"none",0.4,11,"SVP (BIC)",1,1,1,1,0.000768945103284604
"none",0.4,12,"PELT",1,1,1,1,0.000387734760569513
"none",0.4,12,"SVP",1,1,1,1,0.000387734760569513
"none",0.4,12,"SVP (BIC)",1,1,1,1,0.000387734760569513
"none",0.4,13,"PELT",1,1,1,1,0.00146869934920934
"none",0.4,13,"SVP",1,1,1,1,0.00146869934920934
"none",0.4,13,"SVP (BIC)",1,1,1,1,0.00146869934920934
"none",0.4,14,"PELT",1,1,1,1,5.45711360650983e-05
"none",0.4,14,"SVP",1,1,1,1,5.45711360650983e-05
"none",0.4,14,"SVP (BIC)",1,1,1,1,5.45711360650983e-05
"none",0.4,15,"PELT",1,1,1,1,1.94378949910344e-06
"none",0.4,15,"SVP",1,1,1,1,1.94378949910344e-06
"none",0.4,15,"SVP (BIC)",1,1,1,1,1.94378949910344e-06
"none",0.4,16,"PELT",1,1,1,1,6.8436755236735e-05
"none",0.4,16,"SVP",1,1,1,1,6.8436755236735e-05
"none",0.4,16,"SVP (BIC)",1,1,1,1,6.8436755236735e-05
"none",0.4,17,"PELT",1,1,1,1,0.000224100789342012
"none",0.4,17,"SVP",1,1,1,1,0.000224100789342012
"none",0.4,17,"SVP (BIC)",1,1,1,1,0.000224100789342012
"none",0.4,18,"PELT",1,1,1,1,0.00148860113381146
"none",0.4,18,"SVP",1,1,1,1,0.00148860113381146
"none",0.4,18,"SVP (BIC)",1,1,1,1,0.00148860113381146
"none",0.4,19,"PELT",1,1,1,1,0.000370981961244919
"none",0.4,19,"SVP",1,1,1,1,0.000370981961244919
"none",0.4,19,"SVP (BIC)",1,1,1,1,0.000370981961244919
"none",0.4,20,"PELT",1,1,1,1,0.000810809266740612
"none",0.4,20,"SVP",1,1,1,1,0.000810809266740612
"none",0.4,20,"SVP (BIC)",1,1,1,1,0.000810809266740612
"none",0.4,21,"PELT",1,1,1,1,0.000300280907815061
"none",0.4,21,"SVP",1,1,1,1,0.000300280907815061
"none",0.4,21,"SVP (BIC)",1,1,1,1,0.000300280907815061
"none",0.4,22,"PELT",1,1,1,1,0.00675396066068356
"none",0.4,22,"SVP",1,1,1,1,0.00675396066068356
"none",0.4,22,"SVP (BIC)",1,1,1,1,0.00675396066068356
"none",0.4,23,"PELT",1,1,1,1,0.0010449737520604
"none",0.4,23,"SVP",1,1,1,1,0.0010449737520604
"none",0.4,23,"SVP (BIC)",1,1,1,1,0.0010449737520604
"none",0.4,24,"PELT",1,1,1,1,0.000246046655585603
"none",0.4,24,"SVP",1,1,1,1,0.000246046655585603
"none",0.4,24,"SVP (BIC)",1,1,1,1,0.000246046655585603
"none",0.4,25,"PELT",1,1,1,1,0.000356398886704014
"none",0.4,25,"SVP",1,1,1,1,0.000356398886704014
"none",0.4,25,"SVP (BIC)",1,1,1,1,0.000356398886704014
"none",0.4,26,"PELT",1,1,1,1,0.0043568879714277
"none",0.4,26,"SVP",1,1,1,1,0.0043568879714277
"none",0.4,26,"SVP (BIC)",1,1,1,1,0.0043568879714277
"none",0.4,27,"PELT",1,1,1,1,5.68551540326007e-05
"none",0.4,27,"SVP",1,1,1,1,5.68551540326007e-05
"none",0.4,27,"SVP (BIC)",1,1,1,1,5.68551540326007e-05
"none",0.4,28,"PELT",1,1,1,1,9.09142065984721e-07
"none",0.4,28,"SVP",1,1,1,1,9.09142065984721e-07
"none",0.4,28,"SVP (BIC)",1,1,1,1,9.09142065984721e-07
"none",0.4,29,"PELT",1,1,1,1,0.000645869479268002
"none",0.4,29,"SVP",1,1,1,1,0.000645869479268002
"none",0.4,29,"SVP (BIC)",1,1,1,1,0.000645869479268002
"none",0.4,30,"PELT",1,1,1,1,0.00230215972831963
"none",0.4,30,"SVP",1,1,1,1,0.00230215972831963
"none",0.4,30,"SVP (BIC)",1,1,1,1,0.00230215972831963
"none",0.4,31,"PELT",1,1,1,1,0.00185130843504023
"none",0.4,31,"SVP",1,1,1,1,0.00185130843504023
"none",0.4,31,"SVP (BIC)",1,1,1,1,0.00185130843504023
"none",0.4,32,"PELT",1,1,1,1,0.000396469037752263
"none",0.4,32,"SVP",1,1,1,1,0.000396469037752263
"none",0.4,32,"SVP (BIC)",1,1,1,1,0.000396469037752263
"none",0.4,33,"PELT",1,1,1,1,0.00122313200486457
"none",0.4,33,"SVP",1,1,1,1,0.00122313200486457
"none",0.4,33,"SVP (BIC)",1,1,1,1,0.00122313200486457
"none",0.4,34,"PELT",1,1,1,1,0.00016419853385902
"none",0.4,34,"SVP",1,1,1,1,0.00016419853385902
"none",0.4,34,"SVP (BIC)",1,1,1,1,0.00016419853385902
"none",0.4,35,"PELT",1,1,1,1,0.000475625149022738
"none",0.4,35,"SVP",1,1,1,1,0.000475625149022738
"none",0.4,35,"SVP (BIC)",1,1,1,1,0.000475625149022738
"none",0.4,36,"PELT",1,1,1,1,0.00254535742776135
"none",0.4,36,"SVP",1,1,1,1,0.00254535742776135
"none",0.4,36,"SVP (BIC)",1,1,1,1,0.00254535742776135
"none",0.4,37,"PELT",1,1,1,1,0.000395328523931211
"none",0.4,37,"SVP",1,1,1,1,0.000395328523931211
"none",0.4,37,"SVP (BIC)",1,1,1,1,0.000395328523931211
"none",0.4,38,"PELT",1,1,1,1,7.49674838126536e-05
"none",0.4,38,"SVP",1,1,1,1,7.49674838126536e-05
"none",0.4,38,"SVP (BIC)",1,1,1,1,7.49674838126536e-05
"none",0.4,39,"PELT",1,1,1,1,0.00028592948547713
"none",0.4,39,"SVP",1,1,1,1,0.00028592948547713
"none",0.4,39,"SVP (BIC)",1,1,1,1,0.00028592948547713
"none",0.4,40,"PELT",1,1,1,1,0.000200867294065891
"none",0.4,40,"SVP",1,1,1,1,0.000200867294065891
"none",0.4,40,"SVP (BIC)",1,1,1,1,0.000200867294065891
"none",0.4,41,"PELT",1,1,1,1,0.00114392131828261
"none",0.4,41,"SVP",1,1,1,1,0.00114392131828261
"none",0.4,41,"SVP (BIC)",1,1,1,1,0.00114392131828261
"none",0.4,42,"PELT",1,1,1,1,0.00028362244220638
"none",0.4,42,"SVP",1,1,1,1,0.00028362244220638
"none",0.4,42,"SVP (BIC)",1,1,1,1,0.00028362244220638
"none",0.4,43,"PELT",1,1,1,1,0.000151207139792664
"none",0.4,43,"SVP",1,1,1,1,0.000151207139792664
"none",0.4,43,"SVP (BIC)",1,1,1,1,0.000151207139792664
"none",0.4,44,"PELT",1,1,1,1,8.1152175659402e-05
"none",0.4,44,"SVP",1,1,1,1,8.1152175659402e-05
"none",0.4,44,"SVP (BIC)",1,1,1,1,8.1152175659402e-05
"none",0.4,45,"PELT",1,1,1,1,0.000356275036171334
"none",0.4,45,"SVP",1,1,1,1,0.000356275036171334
"none",0.4,45,"SVP (BIC)",1,1,1,1,0.000356275036171334
"none",0.4,46,"PELT",1,1,1,1,0.0016640617770073
"none",0.4,46,"SVP",1,1,1,1,0.0016640617770073
"none",0.4,46,"SVP (BIC)",1,1,1,1,0.0016640617770073
"none",0.4,47,"PELT",1,1,1,1,0.000108815122941738
"none",0.4,47,"SVP",1,1,1,1,0.000108815122941738
"none",0.4,47,"SVP (BIC)",1,1,1,1,0.000108815122941738
"none",0.4,48,"PELT",1,1,1,1,0.000335765248551928
"none",0.4,48,"SVP",1,1,1,1,0.000335765248551928
"none",0.4,48,"SVP (BIC)",1,1,1,1,0.000335765248551928
"none",0.4,49,"PELT",1,1,1,1,0.000843973259274868
"none",0.4,49,"SVP",1,1,1,1,0.000843973259274868
"none",0.4,49,"SVP (BIC)",1,1,1,1,0.000843973259274868
"none",0.4,50,"PELT",1,1,1,1,0.000130929272941854
"none",0.4,50,"SVP",1,1,1,1,0.000130929272941854
"none",0.4,50,"SVP (BIC)",1,1,1,1,0.000130929272941854
"none",0.4,51,"PELT",1,1,1,1,3.02629997514096e-05
"none",0.4,51,"SVP",1,1,1,1,3.02629997514096e-05
"none",0.4,51,"SVP (BIC)",1,1,1,1,3.02629997514096e-05
"none",0.4,52,"PELT",1,1,1,1,0.00200035048321422
"none",0.4,52,"SVP",1,1,1,1,0.00200035048321422
"none",0.4,52,"SVP (BIC)",1,1,1,1,0.00200035048321422
"none",0.4,53,"PELT",1,1,1,1,0.00022334281138638
"none",0.4,53,"SVP",1,1,1,1,0.00022334281138638
"none",0.4,53,"SVP (BIC)",1,1,1,1,0.00022334281138638
"none",0.4,54,"PELT",1,1,1,1,0.000953989070832055
"none",0.4,54,"SVP",1,1,1,1,0.000953989070832055
"none",0.4,54,"SVP (BIC)",1,1,1,1,0.000953989070832055
"none",0.4,55,"PELT",1,1,1,1,0.000961596788575528
"none",0.4,55,"SVP",1,1,1,1,0.000961596788575528
"none",0.4,55,"SVP (BIC)",1,1,1,1,0.000961596788575528
"none",0.4,56,"PELT",1,1,1,1,0.000221080758055321
"none",0.4,56,"SVP",1,1,1,1,0.000221080758055321
"none",0.4,56,"SVP (BIC)",1,1,1,1,0.000221080758055321
"none",0.4,57,"PELT",1,1,1,1,6.07044587631826e-05
"none",0.4,57,"SVP",1,1,1,1,6.07044587631826e-05
"none",0.4,57,"SVP (BIC)",1,1,1,1,6.07044587631826e-05
"none",0.4,58,"PELT",1,1,1,1,2.01578559721861e-05
"none",0.4,58,"SVP",1,1,1,1,2.01578559721861e-05
"none",0.4,58,"SVP (BIC)",1,1,1,1,2.01578559721861e-05
"none",0.4,59,"PELT",1,1,1,1,0.00064811947648032
"none",0.4,59,"SVP",1,1,1,1,0.00064811947648032
"none",0.4,59,"SVP (BIC)",1,1,1,1,0.00064811947648032
"none",0.4,60,"PELT",1,1,1,1,6.62384409959786e-06
"none",0.4,60,"SVP",0.5,1,0.666666666666667,2,0.00189916951811348
"none",0.4,60,"SVP (BIC)",1,1,1,1,6.62384409959786e-06
"none",0.4,61,"PELT",1,1,1,1,0.00150204848409822
"none",0.4,61,"SVP",1,1,1,1,0.00150204848409822
"none",0.4,61,"SVP (BIC)",1,1,1,1,0.00150204848409822
"none",0.4,62,"PELT",1,1,1,1,0.00138225042678801
"none",0.4,62,"SVP",1,1,1,1,0.00138225042678801
"none",0.4,62,"SVP (BIC)",1,1,1,1,0.00138225042678801
"none",0.4,63,"PELT",1,1,1,1,0.00014720581702486
"none",0.4,63,"SVP",1,1,1,1,0.00014720581702486
"none",0.4,63,"SVP (BIC)",1,1,1,1,0.00014720581702486
"none",0.4,64,"PELT",1,1,1,1,0.000160440868163124
"none",0.4,64,"SVP",1,1,1,1,0.000160440868163124
"none",0.4,64,"SVP (BIC)",1,1,1,1,0.000160440868163124
"none",0.4,65,"PELT",1,1,1,1,0.000716497864007199
"none",0.4,65,"SVP",1,1,1,1,0.000716497864007199
"none",0.4,65,"SVP (BIC)",1,1,1,1,0.000716497864007199
"none",0.4,66,"PELT",1,1,1,1,0.00100172111106991
"none",0.4,66,"SVP",1,1,1,1,0.00100172111106991
"none",0.4,66,"SVP (BIC)",1,1,1,1,0.00100172111106991
"none",0.4,67,"PELT",1,1,1,1,0.000594260133531733
"none",0.4,67,"SVP",1,1,1,1,0.000594260133531733
"none",0.4,67,"SVP (BIC)",1,1,1,1,0.000594260133531733
"none",0.4,68,"PELT",1,1,1,1,0.00114479774768441
"none",0.4,68,"SVP",1,1,1,1,0.00114479774768441
"none",0.4,68,"SVP (BIC)",1,1,1,1,0.00114479774768441
"none",0.4,69,"PELT",1,1,1,1,0.000778059681854081
"none",0.4,69,"SVP",1,1,1,1,0.000778059681854081
"none",0.4,69,"SVP (BIC)",1,1,1,1,0.000778059681854081
"none",0.4,70,"PELT",1,1,1,1,8.20689542147909e-06
"none",0.4,70,"SVP",1,1,1,1,8.20689542147909e-06
"none",0.4,70,"SVP (BIC)",1,1,1,1,8.20689542147909e-06
"none",0.4,71,"PELT",1,1,1,1,0.000310904798293109
"none",0.4,71,"SVP",1,1,1,1,0.000310904798293109
"none",0.4,71,"SVP (BIC)",1,1,1,1,0.000310904798293109
"none",0.4,72,"PELT",1,1,1,1,8.88518400317529e-05
"none",0.4,72,"SVP",1,1,1,1,8.88518400317529e-05
"none",0.4,72,"SVP (BIC)",1,1,1,1,8.88518400317529e-05
"none",0.4,73,"PELT",1,1,1,1,0.000417035204950219
"none",0.4,73,"SVP",1,1,1,1,0.000417035204950219
"none",0.4,73,"SVP (BIC)",1,1,1,1,0.000417035204950219
"none",0.4,74,"PELT",1,1,1,1,1.64109257449837e-07
"none",0.4,74,"SVP",1,1,1,1,1.64109257449837e-07
"none",0.4,74,"SVP (BIC)",1,1,1,1,1.64109257449837e-07
"none",0.4,75,"PELT",1,1,1,1,0.0001512930401337
"none",0.4,75,"SVP",1,1,1,1,0.0001512930401337
"none",0.4,75,"SVP (BIC)",1,1,1,1,0.0001512930401337
"none",0.4,76,"PELT",1,1,1,1,0.000323250597058208
"none",0.4,76,"SVP",1,1,1,1,0.000323250597058208
"none",0.4,76,"SVP (BIC)",1,1,1,1,0.000323250597058208
"none",0.4,77,"PELT",1,1,1,1,0.00286536126840906
"none",0.4,77,"SVP",1,1,1,1,0.00286536126840906
"none",0.4,77,"SVP (BIC)",1,1,1,1,0.00286536126840906
"none",0.4,78,"PELT",1,1,1,1,0.000448160702957669
"none",0.4,78,"SVP",1,1,1,1,0.000448160702957669
"none",0.4,78,"SVP (BIC)",1,1,1,1,0.000448160702957669
"none",0.4,79,"PELT",1,1,1,1,0.00347458437825894
"none",0.4,79,"SVP",1,1,1,1,0.00347458437825894
"none",0.4,79,"SVP (BIC)",1,1,1,1,0.00347458437825894
"none",0.4,80,"PELT",1,1,1,1,0.000598571162643139
"none",0.4,80,"SVP",1,1,1,1,0.000598571162643139
"none",0.4,80,"SVP (BIC)",1,1,1,1,0.000598571162643139
"none",0.4,81,"PELT",1,1,1,1,0.000507060165910099
"none",0.4,81,"SVP",1,1,1,1,0.000507060165910099
"none",0.4,81,"SVP (BIC)",1,1,1,1,0.000507060165910099
"none",0.4,82,"PELT",1,1,1,1,0.000652935631495277
"none",0.4,82,"SVP",1,1,1,1,0.000652935631495277
"none",0.4,82,"SVP (BIC)",1,1,1,1,0.000652935631495277
"none",0.4,83,"PELT",1,1,1,1,0.00233083264843226
"none",0.4,83,"SVP",1,1,1,1,0.00233083264843226
"none",0.4,83,"SVP (BIC)",1,1,1,1,0.00233083264843226
"none",0.4,84,"PELT",1,1,1,1,4.05286039337548e-05
"none",0.4,84,"SVP",1,1,1,1,4.05286039337548e-05
"none",0.4,84,"SVP (BIC)",1,1,1,1,4.05286039337548e-05
"none",0.4,85,"PELT",1,1,1,1,2.55151250651771e-08
"none",0.4,85,"SVP",1,1,1,1,2.55151250651771e-08
"none",0.4,85,"SVP (BIC)",1,1,1,1,2.55151250651771e-08
"none",0.4,86,"PELT",1,1,1,1,0.00138717537091229
"none",0.4,86,"SVP",1,1,1,1,0.00138717537091229
"none",0.4,86,"SVP (BIC)",1,1,1,1,0.00138717537091229
"none",0.4,87,"PELT",1,1,1,1,0.000201320977013807
"none",0.4,87,"SVP",1,1,1,1,0.000201320977013807
"none",0.4,87,"SVP (BIC)",1,1,1,1,0.000201320977013807
"none",0.4,88,"PELT",1,1,1,1,6.59992806630754e-06
"none",0.4,88,"SVP",1,1,1,1,6.59992806630754e-06
"none",0.4,88,"SVP (BIC)",1,1,1,1,6.59992806630754e-06
"none",0.4,89,"PELT",1,1,1,1,0.000198246865818536
"none",0.4,89,"SVP",1,1,1,1,0.000198246865818536
"none",0.4,89,"SVP (BIC)",1,1,1,1,0.000198246865818536
"none",0.4,90,"PELT",1,1,1,1,0.00139165328340748
"none",0.4,90,"SVP",1,1,1,1,0.00139165328340748
"none",0.4,90,"SVP (BIC)",1,1,1,1,0.00139165328340748
"none",0.4,91,"PELT",1,1,1,1,7.02530325678095e-05
"none",0.4,91,"SVP",1,1,1,1,7.02530325678095e-05
"none",0.4,91,"SVP (BIC)",1,1,1,1,7.02530325678095e-05
"none",0.4,92,"PELT",1,1,1,1,0.00154210553017584
"none",0.4,92,"SVP",1,1,1,1,0.00154210553017584
"none",0.4,92,"SVP (BIC)",1,1,1,1,0.00154210553017584
"none",0.4,93,"PELT",1,1,1,1,0.00300157133909834
"none",0.4,93,"SVP",1,1,1,1,0.00300157133909834
"none",0.4,93,"SVP (BIC)",1,1,1,1,0.00300157133909834
"none",0.4,94,"PELT",1,1,1,1,0.00480984512719515
"none",0.4,94,"SVP",1,1,1,1,0.00480984512719515
"none",0.4,94,"SVP (BIC)",1,1,1,1,0.00480984512719515
"none",0.4,95,"PELT",1,1,1,1,0.000465866778899631
"none",0.4,95,"SVP",1,1,1,1,0.000465866778899631
"none",0.4,95,"SVP (BIC)",1,1,1,1,0.000465866778899631
"none",0.4,96,"PELT",1,1,1,1,0.00323381959707378
"none",0.4,96,"SVP",1,1,1,1,0.00323381959707378
"none",0.4,96,"SVP (BIC)",1,1,1,1,0.00323381959707378
"none",0.4,97,"PELT",1,1,1,1,0.00142070496625534
"none",0.4,97,"SVP",1,1,1,1,0.00142070496625534
"none",0.4,97,"SVP (BIC)",1,1,1,1,0.00142070496625534
"none",0.4,98,"PELT",1,1,1,1,7.73820603371216e-05
"none",0.4,98,"SVP",1,1,1,1,7.73820603371216e-05
"none",0.4,98,"SVP (BIC)",1,1,1,1,7.73820603371216e-05
"none",0.4,99,"PELT",1,1,1,1,0.0004474328426802
"none",0.4,99,"SVP",0.5,1,0.666666666666667,2,0.000715412103181007
"none",0.4,99,"SVP (BIC)",1,1,1,1,0.0004474328426802
"none",0.4,100,"PELT",1,1,1,1,3.46627340177019e-06
"none",0.4,100,"SVP",1,1,1,1,3.46627340177019e-06
"none",0.4,100,"SVP (BIC)",1,1,1,1,3.46627340177019e-06
"up",0.4,1,"PELT",0.6,0.375,0.461538461538462,5,0.0369203720797019
"up",0.4,1,"SVP",0.6,0.375,0.461538461538462,5,0.0369203720797019
"up",0.4,1,"SVP (BIC)",0.5,0.25,0.333333333333333,4,0.0683969402754766
"up",0.4,2,"PELT",0.2,0.125,0.153846153846154,5,0.0502508927494066
"up",0.4,2,"SVP",0.25,0.125,0.166666666666667,4,0.0827464985115322
"up",0.4,2,"SVP (BIC)",0.25,0.125,0.166666666666667,4,0.0653261877300286
"up",0.4,3,"PELT",0.2,0.125,0.153846153846154,5,0.0468147967501772
"up",0.4,3,"SVP",0.25,0.125,0.166666666666667,4,0.0523130261410519
"up",0.4,3,"SVP (BIC)",0.25,0.125,0.166666666666667,4,0.0523130261410519
"up",0.4,4,"PELT",0.4,0.25,0.307692307692308,5,0.0493314067186859
"up",0.4,4,"SVP",0.5,0.25,0.333333333333333,4,0.0631382534627811
"up",0.4,4,"SVP (BIC)",0.5,0.25,0.333333333333333,4,0.0631382534627811
"up",0.4,5,"PELT",0.4,0.25,0.307692307692308,5,0.0365115679204234
"up",0.4,5,"SVP",0.4,0.25,0.307692307692308,5,0.0365115679204234
"up",0.4,5,"SVP (BIC)",0.333333333333333,0.125,0.181818181818182,3,0.0958716411150812
"up",0.4,6,"PELT",0.25,0.125,0.166666666666667,4,0.0697648314407658
"up",0.4,6,"SVP",0.333333333333333,0.125,0.181818181818182,3,0.100770629167281
"up",0.4,6,"SVP (BIC)",0.333333333333333,0.125,0.181818181818182,3,0.0962145128618828
"up",0.4,7,"PELT",0.2,0.125,0.153846153846154,5,0.0570752147701046
"up",0.4,7,"SVP",0.25,0.125,0.166666666666667,4,0.0704999521376129
"up",0.4,7,"SVP (BIC)",0.25,0.125,0.166666666666667,4,0.0956783486430434
"up",0.4,8,"PELT",0.4,0.25,0.307692307692308,5,0.0416526219693369
"up",0.4,8,"SVP",0.5,0.25,0.333333333333333,4,0.0528444147023958
"up",0.4,8,"SVP (BIC)",0.5,0.25,0.333333333333333,4,0.0528444147023958
"up",0.4,9,"PELT",0.5,0.375,0.428571428571429,6,0.0477737281552746
"up",0.4,9,"SVP",0.2,0.125,0.153846153846154,5,0.0678396063992341
"up",0.4,9,"SVP (BIC)",0.5,0.25,0.333333333333333,4,0.0589143708550531
"up",0.4,10,"PELT",0.285714285714286,0.25,0.266666666666667,7,0.0611930413920705
"up",0.4,10,"SVP",0.5,0.25,0.333333333333333,4,0.0715291465690847
"up",0.4,10,"SVP (BIC)",0.75,0.375,0.5,4,0.0453196563940418
"up",0.4,11,"PELT",0.4,0.25,0.307692307692308,5,0.0473680174717311
"up",0.4,11,"SVP",0.75,0.375,0.5,4,0.0520609412449973
"up",0.4,11,"SVP (BIC)",0.75,0.375,0.5,4,0.0520609412449973
"up",0.4,12,"PELT",0.6,0.375,0.461538461538462,5,0.0378605692587497
"up",0.4,12,"SVP",0.6,0.375,0.461538461538462,5,0.0378605692587497
"up",0.4,12,"SVP (BIC)",0.75,0.375,0.5,4,0.0679981352586731
"up",0.4,13,"PELT",0.4,0.25,0.307692307692308,5,0.044614626726585
"up",0.4,13,"SVP",0.666666666666667,0.25,0.363636363636364,3,0.0961913269139853
"up",0.4,13,"SVP (BIC)",0.666666666666667,0.25,0.363636363636364,3,0.0961913269139853
"up",0.4,14,"PELT",0.666666666666667,0.5,0.571428571428572,6,0.0332117953909907
"up",0.4,14,"SVP",0.6,0.375,0.461538461538462,5,0.0470089758282237
"up",0.4,14,"SVP (BIC)",0.5,0.25,0.333333333333333,4,0.0731020163460206
"up",0.4,15,"PELT",0.333333333333333,0.25,0.285714285714286,6,0.03789303007642
"up",0.4,15,"SVP",0.4,0.25,0.307692307692308,5,0.0491049995273588
"up",0.4,15,"SVP (BIC)",0.25,0.125,0.166666666666667,4,0.0745585140587411
"up",0.4,16,"PELT",0.166666666666667,0.125,0.142857142857143,6,0.0511508032502027
"up",0.4,16,"SVP",0.2,0.125,0.153846153846154,5,0.0362416523369428
"up",0.4,16,"SVP (BIC)",0.25,0.125,0.166666666666667,4,0.0501785148688652
"up",0.4,17,"PELT",0.2,0.125,0.153846153846154,5,0.0620717943658309
"up",0.4,17,"SVP",0.25,0.125,0.166666666666667,4,0.0717612731174935
"up",0.4,17,"SVP (BIC)",0.25,0.125,0.166666666666667,4,0.0742989920384705
"up",0.4,18,"PELT",0.5,0.25,0.333333333333333,4,0.0438061633411759
"up",0.4,18,"SVP",0.5,0.25,0.333333333333333,4,0.0438061633411759
"up",0.4,18,"SVP (BIC)",0.5,0.25,0.333333333333333,4,0.0438061633411759
"up",0.4,19,"PELT",0.4,0.25,0.307692307692308,5,0.0376473141311337
"up",0.4,19,"SVP",0.5,0.25,0.333333333333333,4,0.0699656584680414
"up",0.4,19,"SVP (BIC)",0.5,0.25,0.333333333333333,4,0.0699656584680414
"up",0.4,20,"PELT",0.25,0.125,0.166666666666667,4,0.0651583535699551
"up",0.4,20,"SVP",0.25,0.125,0.166666666666667,4,0.0651583535699551
"up",0.4,20,"SVP (BIC)",0.333333333333333,0.125,0.181818181818182,3,0.105441823705366
"up",0.4,21,"PELT",0.2,0.125,0.153846153846154,5,0.0570534809351927
"up",0.4,21,"SVP",0.25,0.125,0.166666666666667,4,0.0596289180262179
"up",0.4,21,"SVP (BIC)",0.25,0.125,0.166666666666667,4,0.0596289180262179
"up",0.4,22,"PELT",0.4,0.25,0.307692307692308,5,0.051820919548065
"up",0.4,22,"SVP",0.4,0.25,0.307692307692308,5,0.051820919548065
"up",0.4,22,"SVP (BIC)",0.25,0.125,0.166666666666667,4,0.0763025214907765
"up",0.4,23,"PELT",0.2,0.125,0.153846153846154,5,0.0480455048016544
"up",0.4,23,"SVP",0.25,0.125,0.166666666666667,4,0.0780718288460629
"up",0.4,23,"SVP (BIC)",0.25,0.125,0.166666666666667,4,0.0751063647183603
"up",0.4,24,"PELT",0.5,0.375,0.428571428571429,6,0.0330029939602925
"up",0.4,24,"SVP",0.25,0.125,0.166666666666667,4,0.0761557413058843
"up",0.4,24,"SVP (BIC)",0.25,0.125,0.166666666666667,4,0.0672961580084708
"up",0.4,25,"PELT",0.2,0.125,0.153846153846154,5,0.0476639478027797
"up",0.4,25,"SVP",0.25,0.125,0.166666666666667,4,0.0614730591696559
"up",0.4,25,"SVP (BIC)",0.5,0.25,0.333333333333333,4,0.063540000959454
"up",0.4,26,"PELT",0.2,0.125,0.153846153846154,5,0.0452154154061286
"up",0.4,26,"SVP",0.2,0.125,0.153846153846154,5,0.0452154154061286
"up",0.4,26,"SVP (BIC)",0.25,0.125,0.166666666666667,4,0.0767891863428774
"up",0.4,27,"PELT",0.4,0.25,0.307692307692308,5,0.0472399087125496
"up",0.4,27,"SVP",0.5,0.25,0.333333333333333,4,0.0760824812915462
"up",0.4,27,"SVP (BIC)",0.333333333333333,0.125,0.181818181818182,3,0.106266375299048
"up",0.4,28,"PELT",0.2,0.125,0.153846153846154,5,0.064448433057212
"up",0.4,28,"SVP",0.5,0.25,0.333333333333333,4,0.0662382394082716
"up",0.4,28,"SVP (BIC)",0.5,0.25,0.333333333333333,4,0.0662382394082716
"up",0.4,29,"PELT",0.2,0.125,0.153846153846154,5,0.0486241010088427
"up",0.4,29,"SVP",0.5,0.25,0.333333333333333,4,0.0515872254749104
"up",0.4,29,"SVP (BIC)",0.333333333333333,0.125,0.181818181818182,3,0.113574690385034
"up",0.4,30,"PELT",0.166666666666667,0.125,0.142857142857143,6,0.0490584399945633
"up",0.4,30,"SVP",0.2,0.125,0.153846153846154,5,0.0745073125923714
"up",0.4,30,"SVP (BIC)",0.5,0.25,0.333333333333333,4,0.0891157404616164
"up",0.4,31,"PELT",0.25,0.125,0.166666666666667,4,0.0507571532375549
"up",0.4,31,"SVP",0.25,0.125,0.166666666666667,4,0.0507571532375549
"up",0.4,31,"SVP (BIC)",0.25,0.125,0.166666666666667,4,0.0507571532375549
"up",0.4,32,"PELT",0.2,0.125,0.153846153846154,5,0.0438488513664026
"up",0.4,32,"SVP",0.25,0.125,0.166666666666667,4,0.0542409953857629
"up",0.4,32,"SVP (BIC)",0.25,0.125,0.166666666666667,4,0.0542409953857629
"up",0.4,33,"PELT",0.2,0.125,0.153846153846154,5,0.0464390728038283
"up",0.4,33,"SVP",0.25,0.125,0.166666666666667,4,0.0769017219174261
"up",0.4,33,"SVP (BIC)",0.5,0.25,0.333333333333333,4,0.0698298875991205
"up",0.4,34,"PELT",0.5,0.25,0.333333333333333,4,0.0565572703540324
"up",0.4,34,"SVP",0.5,0.25,0.333333333333333,4,0.0565572703540324
"up",0.4,34,"SVP (BIC)",0.333333333333333,0.125,0.181818181818182,3,0.0938851315723731
"up",0.4,35,"PELT",0.2,0.125,0.153846153846154,5,0.0481917993317856
"up",0.4,35,"SVP",0.5,0.25,0.333333333333333,4,0.0522120276458046
"up",0.4,35,"SVP (BIC)",0.5,0.25,0.333333333333333,4,0.0522120276458046
"up",0.4,36,"PELT",0.4,0.25,0.307692307692308,5,0.0457985823171036
"up",0.4,36,"SVP",0.4,0.25,0.307692307692308,5,0.0457985823171036
"up",0.4,36,"SVP (BIC)",0.5,0.25,0.333333333333333,4,0.0728075726370991
"up",0.4,37,"PELT",0.6,0.375,0.461538461538462,5,0.0423272663278827
"up",0.4,37,"SVP",0.5,0.25,0.333333333333333,4,0.0491711083940362
"up",0.4,37,"SVP (BIC)",0.25,0.125,0.166666666666667,4,0.0717194104047333
"up",0.4,38,"PELT",0.2,0.125,0.153846153846154,5,0.0516873883301893
"up",0.4,38,"SVP",0.2,0.125,0.153846153846154,5,0.0516873883301893
"up",0.4,38,"SVP (BIC)",0.5,0.25,0.333333333333333,4,0.0583847515635715
"up",0.4,39,"PELT",0.5,0.25,0.333333333333333,4,0.0703294159453782
"up",0.4,39,"SVP",0.5,0.25,0.333333333333333,4,0.0703294159453782
"up",0.4,39,"SVP (BIC)",0.5,0.25,0.333333333333333,4,0.0703294159453782
"up",0.4,40,"PELT",0.6,0.375,0.461538461538462,5,0.044584512733149
"up",0.4,40,"SVP",0.5,0.25,0.333333333333333,4,0.0575232810701336
"up",0.4,40,"SVP (BIC)",0.5,0.25,0.333333333333333,4,0.0575232810701336
"up",0.4,41,"PELT",0.25,0.125,0.166666666666667,4,0.0459891724321568
"up",0.4,41,"SVP",0.25,0.125,0.166666666666667,4,0.0459891724321568
"up",0.4,41,"SVP (BIC)",0.25,0.125,0.166666666666667,4,0.0459891724321568
"up",0.4,42,"PELT",0.25,0.125,0.166666666666667,4,0.0536431993632868
"up",0.4,42,"SVP",0.25,0.125,0.166666666666667,4,0.0536431993632868
"up",0.4,42,"SVP (BIC)",0.333333333333333,0.125,0.181818181818182,3,0.10805498330281
"up",0.4,43,"PELT",0.2,0.125,0.153846153846154,5,0.0514818321063104
"up",0.4,43,"SVP",0.25,0.125,0.166666666666667,4,0.0686824966935386
"up",0.4,43,"SVP (BIC)",0.25,0.125,0.166666666666667,4,0.0760483487782656
"up",0.4,44,"PELT",0.6,0.375,0.461538461538462,5,0.0426062405428199
"up",0.4,44,"SVP",0.6,0.375,0.461538461538462,5,0.0426062405428199
"up",0.4,44,"SVP (BIC)",0.666666666666667,0.25,0.363636363636364,3,0.0992548278607349
"up",0.4,45,"PELT",0.4,0.25,0.307692307692308,5,0.0440744422304476
"up",0.4,45,"SVP",0.25,0.125,0.166666666666667,4,0.0652149478557471
"up",0.4,45,"SVP (BIC)",0.25,0.125,0.166666666666667,4,0.0724777742889289
"up",0.4,46,"PELT",0.2,0.125,0.153846153846154,5,0.051437824485007
"up",0.4,46,"SVP",0.2,0.125,0.153846153846154,5,0.051437824485007
"up",0.4,46,"SVP (BIC)",0.25,0.125,0.166666666666667,4,0.076664521864493
"up",0.4,47,"PELT",0.2,0.125,0.153846153846154,5,0.0511626665413007
"up",0.4,47,"SVP",0.2,0.125,0.153846153846154,5,0.0511626665413007
"up",0.4,47,"SVP (BIC)",0.25,0.125,0.166666666666667,4,0.0810241381228844
"up",0.4,48,"PELT",0.2,0.125,0.153846153846154,5,0.048002384657396
"up",0.4,48,"SVP",0.2,0.125,0.153846153846154,5,0.048002384657396
"up",0.4,48,"SVP (BIC)",0.5,0.25,0.333333333333333,4,0.0563446486170587
"up",0.4,49,"PELT",0.4,0.25,0.307692307692308,5,0.043234582815389
"up",0.4,49,"SVP",0.5,0.25,0.333333333333333,4,0.0625875362244334
"up",0.4,49,"SVP (BIC)",0.5,0.25,0.333333333333333,4,0.0562601877295237
"up",0.4,50,"PELT",0.4,0.25,0.307692307692308,5,0.0461647718590619
"up",0.4,50,"SVP",0.5,0.25,0.333333333333333,4,0.059177963912435
"up",0.4,50,"SVP (BIC)",0.5,0.25,0.333333333333333,4,0.059177963912435
"up",0.4,51,"PELT",0.6,0.375,0.461538461538462,5,0.0461448698352146
"up",0.4,51,"SVP",0.5,0.25,0.333333333333333,4,0.0796311446619991
"up",0.4,51,"SVP (BIC)",0.5,0.25,0.333333333333333,4,0.0796311446619991
"up",0.4,52,"PELT",0.8,0.5,0.615384615384615,5,0.0357288054151002
"up",0.4,52,"SVP",0.5,0.25,0.333333333333333,4,0.0700469012123219
"up",0.4,52,"SVP (BIC)",1,0.375,0.545454545454545,3,0.0933398087448619
"up",0.4,53,"PELT",0.333333333333333,0.25,0.285714285714286,6,0.032638758928775
"up",0.4,53,"SVP",0.25,0.125,0.166666666666667,4,0.0585754914536001
"up",0.4,53,"SVP (BIC)",0.25,0.125,0.166666666666667,4,0.0585754914536001
"up",0.4,54,"PELT",0.6,0.375,0.461538461538462,5,0.0403982059365919
"up",0.4,54,"SVP",0.5,0.25,0.333333333333333,4,0.0552912762683977
"up",0.4,54,"SVP (BIC)",0.333333333333333,0.125,0.181818181818182,3,0.0973306239538705
"up",0.4,55,"PELT",0.8,0.5,0.615384615384615,5,0.0350791390141302
"up",0.4,55,"SVP",1,0.5,0.666666666666667,4,0.0422179246714824
"up",0.4,55,"SVP (BIC)",1,0.5,0.666666666666667,4,0.0422179246714824
"up",0.4,56,"PELT",0.4,0.25,0.307692307692308,5,0.0558940869577258
"up",0.4,56,"SVP",0.4,0.25,0.307692307692308,5,0.0558940869577258
"up",0.4,56,"SVP (BIC)",0.25,0.125,0.166666666666667,4,0.0657684072404471
"up",0.4,57,"PELT",0.666666666666667,0.5,0.571428571428572,6,0.0248299412103328
"up",0.4,57,"SVP",0.5,0.25,0.333333333333333,4,0.0707303264114913
"up",0.4,57,"SVP (BIC)",0.75,0.375,0.5,4,0.0626228240814055
"up",0.4,58,"PELT",0.4,0.25,0.307692307692308,5,0.0493599115239739
"up",0.4,58,"SVP",0.25,0.125,0.166666666666667,4,0.0785670546609259
"up",0.4,58,"SVP (BIC)",0.25,0.125,0.166666666666667,4,0.0785670546609259
"up",0.4,59,"PELT",0.4,0.25,0.307692307692308,5,0.0466875324514232
"up",0.4,59,"SVP",0.5,0.25,0.333333333333333,4,0.0760607550444773
"up",0.4,59,"SVP (BIC)",0.5,0.25,0.333333333333333,4,0.0760607550444773
"up",0.4,60,"PELT",0.333333333333333,0.25,0.285714285714286,6,0.0745897364450765
"up",0.4,60,"SVP",0.4,0.25,0.307692307692308,5,0.0387692908251111
"up",0.4,60,"SVP (BIC)",0.333333333333333,0.125,0.181818181818182,3,0.100531480320767
"up",0.4,61,"PELT",0.2,0.125,0.153846153846154,5,0.0433362178315574
"up",0.4,61,"SVP",0.333333333333333,0.125,0.181818181818182,3,0.108105413686074
"up",0.4,61,"SVP (BIC)",0.333333333333333,0.125,0.181818181818182,3,0.107883755660918
"up",0.4,62,"PELT",0.25,0.125,0.166666666666667,4,0.0658508078885042
"up",0.4,62,"SVP",0.25,0.125,0.166666666666667,4,0.0658508078885042
"up",0.4,62,"SVP (BIC)",0.333333333333333,0.125,0.181818181818182,3,0.0951364759077241
"up",0.4,63,"PELT",0.2,0.125,0.153846153846154,5,0.0460763351852754
"up",0.4,63,"SVP",0.25,0.125,0.166666666666667,4,0.064736267924491
"up",0.4,63,"SVP (BIC)",0.25,0.125,0.166666666666667,4,0.064736267924491
"up",0.4,64,"PELT",0.2,0.125,0.153846153846154,5,0.0432304613433735
"up",0.4,64,"SVP",0.2,0.125,0.153846153846154,5,0.0432304613433735
"up",0.4,64,"SVP (BIC)",0.25,0.125,0.166666666666667,4,0.0593159871409323
"up",0.4,65,"PELT",0.2,0.125,0.153846153846154,5,0.0559641919332641
"up",0.4,65,"SVP",0.5,0.25,0.333333333333333,4,0.0601408534898818
"up",0.4,65,"SVP (BIC)",0.5,0.25,0.333333333333333,4,0.0601408534898818
"up",0.4,66,"PELT",0.2,0.125,0.153846153846154,5,0.0450876969823313
"up",0.4,66,"SVP",0.25,0.125,0.166666666666667,4,0.053470882107563
"up",0.4,66,"SVP (BIC)",0.25,0.125,0.166666666666667,4,0.0713940374695076
"up",0.4,67,"PELT",0.25,0.125,0.166666666666667,4,0.0633792143854157
"up",0.4,67,"SVP",0.25,0.125,0.166666666666667,4,0.0633792143854157
"up",0.4,67,"SVP (BIC)",0.333333333333333,0.125,0.181818181818182,3,0.108641949871021
"up",0.4,68,"PELT",0.2,0.125,0.153846153846154,5,0.0518702518592007
"up",0.4,68,"SVP",0.2,0.125,0.153846153846154,5,0.0518702518592007
"up",0.4,68,"SVP (BIC)",0.5,0.25,0.333333333333333,4,0.0617053303557422
"up",0.4,69,"PELT",0.75,0.375,0.5,4,0.0510998134747319
"up",0.4,69,"SVP",0.75,0.375,0.5,4,0.0510998134747319
"up",0.4,69,"SVP (BIC)",0.75,0.375,0.5,4,0.0510998134747319
"up",0.4,70,"PELT",0.2,0.125,0.153846153846154,5,0.0501542562848994
"up",0.4,70,"SVP",0.25,0.125,0.166666666666667,4,0.0727276225694033
"up",0.4,70,"SVP (BIC)",0.25,0.125,0.166666666666667,4,0.0727276225694033
"up",0.4,71,"PELT",0.6,0.375,0.461538461538462,5,0.0403504839389699
"up",0.4,71,"SVP",0.6,0.375,0.461538461538462,5,0.0403504839389699
"up",0.4,71,"SVP (BIC)",0.333333333333333,0.125,0.181818181818182,3,0.0977801739732586
"up",0.4,72,"PELT",0.333333333333333,0.25,0.285714285714286,6,0.0341043676936703
"up",0.4,72,"SVP",0.5,0.25,0.333333333333333,4,0.0474577243798488
"up",0.4,72,"SVP (BIC)",0.5,0.25,0.333333333333333,4,0.0474577243798488
"up",0.4,73,"PELT",0.25,0.125,0.166666666666667,4,0.0482514662405979
"up",0.4,73,"SVP",0.25,0.125,0.166666666666667,4,0.0482514662405979
"up",0.4,73,"SVP (BIC)",0.25,0.125,0.166666666666667,4,0.0482514662405979
"up",0.4,74,"PELT",0.4,0.25,0.307692307692308,5,0.0468889230585082
"up",0.4,74,"SVP",0.25,0.125,0.166666666666667,4,0.0556546459967834
"up",0.4,74,"SVP (BIC)",0.5,0.25,0.333333333333333,4,0.0721760016750202
"up",0.4,75,"PELT",0.2,0.125,0.153846153846154,5,0.0601488632180537
"up",0.4,75,"SVP",0.25,0.125,0.166666666666667,4,0.0692620549764589
"up",0.4,75,"SVP (BIC)",0.25,0.125,0.166666666666667,4,0.0692620549764589
"up",0.4,76,"PELT",0.4,0.25,0.307692307692308,5,0.0562506075659206
"up",0.4,76,"SVP",0.25,0.125,0.166666666666667,4,0.0695393015032893
"up",0.4,76,"SVP (BIC)",0.333333333333333,0.125,0.181818181818182,3,0.105820756610011
"up",0.4,77,"PELT",0.4,0.25,0.307692307692308,5,0.0607674234459971
"up",0.4,77,"SVP",0.5,0.25,0.333333333333333,4,0.0700454671177131
"up",0.4,77,"SVP (BIC)",0.5,0.25,0.333333333333333,4,0.0700454671177131
"up",0.4,78,"PELT",0.166666666666667,0.125,0.142857142857143,6,0.0404277352790629
"up",0.4,78,"SVP",0.25,0.125,0.166666666666667,4,0.0681089055518129
"up",0.4,78,"SVP (BIC)",0.25,0.125,0.166666666666667,4,0.0681089055518129
"up",0.4,79,"PELT",0.4,0.25,0.307692307692308,5,0.0375817055407481
"up",0.4,79,"SVP",0.25,0.125,0.166666666666667,4,0.049566393297747
"up",0.4,79,"SVP (BIC)",0.333333333333333,0.125,0.181818181818182,3,0.100307868519406
"up",0.4,80,"PELT",0.4,0.25,0.307692307692308,5,0.049973877442603
"up",0.4,80,"SVP",0.4,0.25,0.307692307692308,5,0.049973877442603
"up",0.4,80,"SVP (BIC)",0.5,0.25,0.333333333333333,4,0.0758942546561486
"up",0.4,81,"PELT",0.25,0.125,0.166666666666667,4,0.0558439824456918
"up",0.4,81,"SVP",0.2,0.125,0.153846153846154,5,0.0463815867026733
"up",0.4,81,"SVP (BIC)",0.25,0.125,0.166666666666667,4,0.0558439824456918
"up",0.4,82,"PELT",0.2,0.125,0.153846153846154,5,0.0491009840748351
"up",0.4,82,"SVP",0.5,0.25,0.333333333333333,4,0.0663569103272058
"up",0.4,82,"SVP (BIC)",0.5,0.25,0.333333333333333,4,0.0663569103272058
"up",0.4,83,"PELT",0.25,0.125,0.166666666666667,4,0.058445592141319
"up",0.4,83,"SVP",0.25,0.125,0.166666666666667,4,0.058445592141319
"up",0.4,83,"SVP (BIC)",0.25,0.125,0.166666666666667,4,0.058445592141319
"up",0.4,84,"PELT",0.2,0.125,0.153846153846154,5,0.0385406549617198
"up",0.4,84,"SVP",0.2,0.125,0.153846153846154,5,0.0385406549617198
"up",0.4,84,"SVP (BIC)",0.5,0.25,0.333333333333333,4,0.0514103476590503
"up",0.4,85,"PELT",0.2,0.125,0.153846153846154,5,0.0542023765233771
"up",0.4,85,"SVP",0.25,0.125,0.166666666666667,4,0.0778703313714565
"up",0.4,85,"SVP (BIC)",0.333333333333333,0.125,0.181818181818182,3,0.10505353204463
"up",0.4,86,"PELT",0.6,0.375,0.461538461538462,5,0.0431967015423974
"up",0.4,86,"SVP",0.5,0.25,0.333333333333333,4,0.051740101652977
"up",0.4,86,"SVP (BIC)",0.5,0.25,0.333333333333333,4,0.051740101652977
"up",0.4,87,"PELT",0.333333333333333,0.25,0.285714285714286,6,0.026521806764358
"up",0.4,87,"SVP",0.4,0.25,0.307692307692308,5,0.034393380407494
"up",0.4,87,"SVP (BIC)",0.75,0.375,0.5,4,0.062267198941983
"up",0.4,88,"PELT",0.6,0.375,0.461538461538462,5,0.0466382647604979
"up",0.4,88,"SVP",0.6,0.375,0.461538461538462,5,0.0466382647604979
"up",0.4,88,"SVP (BIC)",0.75,0.375,0.5,4,0.067762317522105
"up",0.4,89,"PELT",0.6,0.375,0.461538461538462,5,0.0369768819477817
"up",0.4,89,"SVP",0.5,0.25,0.333333333333333,4,0.0693470037104598
"up",0.4,89,"SVP (BIC)",0.5,0.25,0.333333333333333,4,0.0434700053908896
"up",0.4,90,"PELT",0.166666666666667,0.125,0.142857142857143,6,0.0755257677332462
"up",0.4,90,"SVP",0.2,0.125,0.153846153846154,5,0.0567395977361142
"up",0.4,90,"SVP (BIC)",0.5,0.25,0.333333333333333,4,0.0582832172227068
"up",0.4,91,"PELT",0.6,0.375,0.461538461538462,5,0.0417013328971755
"up",0.4,91,"SVP",0.6,0.375,0.461538461538462,5,0.0417013328971755
"up",0.4,91,"SVP (BIC)",0.5,0.25,0.333333333333333,4,0.0793317570471273
"up",0.4,92,"PELT",0.2,0.125,0.153846153846154,5,0.0506182031836314
"up",0.4,92,"SVP",0.25,0.125,0.166666666666667,4,0.0492028860920338
"up",0.4,92,"SVP (BIC)",0.333333333333333,0.125,0.181818181818182,3,0.110355464025234
"up",0.4,93,"PELT",0.25,0.125,0.166666666666667,4,0.0497383469901969
"up",0.4,93,"SVP",0.25,0.125,0.166666666666667,4,0.0497383469901969
"up",0.4,93,"SVP (BIC)",0.25,0.125,0.166666666666667,4,0.0497383469901969
"up",0.4,94,"PELT",0.25,0.125,0.166666666666667,4,0.0649829909517234
"up",0.4,94,"SVP",0.25,0.125,0.166666666666667,4,0.0649829909517234
"up",0.4,94,"SVP (BIC)",0.25,0.125,0.166666666666667,4,0.0649829909517234
"up",0.4,95,"PELT",0.6,0.375,0.461538461538462,5,0.0395739648171786
"up",0.4,95,"SVP",0.25,0.125,0.166666666666667,4,0.0496614548045938
"up",0.4,95,"SVP (BIC)",0.666666666666667,0.25,0.363636363636364,3,0.0965139473107674
"up",0.4,96,"PELT",0.2,0.125,0.153846153846154,5,0.0454676007511212
"up",0.4,96,"SVP",0.75,0.375,0.5,4,0.060667208629924
"up",0.4,96,"SVP (BIC)",0.75,0.375,0.5,4,0.060667208629924
"up",0.4,97,"PELT",0.6,0.375,0.461538461538462,5,0.0346551265940428
"up",0.4,97,"SVP",0.6,0.375,0.461538461538462,5,0.0346551265940428
"up",0.4,97,"SVP (BIC)",0.75,0.375,0.5,4,0.0468995384403153
"up",0.4,98,"PELT",0.5,0.375,0.428571428571429,6,0.0317496823388134
"up",0.4,98,"SVP",0.5,0.25,0.333333333333333,4,0.0764393287157232
"up",0.4,98,"SVP (BIC)",0.333333333333333,0.125,0.181818181818182,3,0.10257983695816
"up",0.4,99,"PELT",0.4,0.25,0.307692307692308,5,0.0438811485273278
"up",0.4,99,"SVP",0.5,0.25,0.333333333333333,4,0.0664662535154647
"up",0.4,99,"SVP (BIC)",0.5,0.25,0.333333333333333,4,0.0664662535154647
"up",0.4,100,"PELT",0.4,0.25,0.307692307692308,5,0.0505545468001351
"up",0.4,100,"SVP",0.5,0.25,0.333333333333333,4,0.0548295749760079
"up",0.4,100,"SVP (BIC)",0.5,0.25,0.333333333333333,4,0.0548295749760079
"updown",0.4,1,"PELT",0.5,0.125,0.2,2,0.0473193423419868
"updown",0.4,1,"SVP",0.5,0.125,0.2,2,0.0473193423419868
"updown",0.4,1,"SVP (BIC)",0.5,0.125,0.2,2,0.0473193423419868
"updown",0.4,2,"PELT",1,0.125,0.222222222222222,1,0.0400229092757504
"updown",0.4,2,"SVP",1,0.125,0.222222222222222,1,0.0400229092757504
"updown",0.4,2,"SVP (BIC)",1,0.125,0.222222222222222,1,0.0400229092757504
"updown",0.4,3,"PELT",0.5,0.125,0.2,2,0.0456821120675471
"updown",0.4,3,"SVP",0.5,0.125,0.2,2,0.0456821120675471
"updown",0.4,3,"SVP (BIC)",1,0.125,0.222222222222222,1,0.042028907261469
"updown",0.4,4,"PELT",1,0.125,0.222222222222222,1,0.0436350476705898
"updown",0.4,4,"SVP",0.5,0.125,0.2,2,0.04654220921211
"updown",0.4,4,"SVP (BIC)",1,0.125,0.222222222222222,1,0.0436350476705898
"updown",0.4,5,"PELT",0.25,0.125,0.166666666666667,4,0.0642123400042483
"updown",0.4,5,"SVP",0.333333333333333,0.125,0.181818181818182,3,0.041577825826031
"updown",0.4,5,"SVP (BIC)",1,0.125,0.222222222222222,1,0.04090685929204
"updown",0.4,6,"PELT",1,0.125,0.222222222222222,1,0.0414057963570248
"updown",0.4,6,"SVP",1,0.125,0.222222222222222,1,0.0414057963570248
"updown",0.4,6,"SVP (BIC)",1,0.125,0.222222222222222,1,0.0414057963570248
"updown",0.4,7,"PELT",0.666666666666667,0.25,0.363636363636364,3,0.0516735816238787
"updown",0.4,7,"SVP",0.75,0.375,0.5,4,0.0456758008596022
"updown",0.4,7,"SVP (BIC)",0.5,0.125,0.2,2,0.0366293573951824
"updown",0.4,8,"PELT",1,0.125,0.222222222222222,1,0.0402799958818088
"updown",0.4,8,"SVP",0.5,0.125,0.2,2,0.0430125894320861
"updown",0.4,8,"SVP (BIC)",1,0.125,0.222222222222222,1,0.0402799958818088
"updown",0.4,9,"PELT",0.5,0.125,0.2,2,0.0378525437764226
"updown",0.4,9,"SVP",0.5,0.125,0.2,2,0.0378525437764226
"updown",0.4,9,"SVP (BIC)",1,0.125,0.222222222222222,1,0.04033507815553
"updown",0.4,10,"PELT",1,0.125,0.222222222222222,1,0.0402434486368021
"updown",0.4,10,"SVP",1,0.125,0.222222222222222,1,0.0402434486368021
"updown",0.4,10,"SVP (BIC)",1,0.125,0.222222222222222,1,0.0402434486368021
"updown",0.4,11,"PELT",0.333333333333333,0.125,0.181818181818182,3,0.0510935978495706
"updown",0.4,11,"SVP",0.5,0.125,0.2,2,0.042805256924452
"updown",0.4,11,"SVP (BIC)",0.5,0.125,0.2,2,0.0447162723274229
"updown",0.4,12,"PELT",0.333333333333333,0.125,0.181818181818182,3,0.0638244128628337
"updown",0.4,12,"SVP",0.5,0.125,0.2,2,0.0405893847587072
"updown",0.4,12,"SVP (BIC)",0.5,0.125,0.2,2,0.0359617700146415
"updown",0.4,13,"PELT",1,0.125,0.222222222222222,1,0.0410809391270948
"updown",0.4,13,"SVP",0.5,0.125,0.2,2,0.0367141657036338
"updown",0.4,13,"SVP (BIC)",1,0.125,0.222222222222222,1,0.0410809391270948
"updown",0.4,14,"PELT",1,0.125,0.222222222222222,1,0.0403439787052424
"updown",0.4,14,"SVP",0.5,0.125,0.2,2,0.0398079789981843
"updown",0.4,14,"SVP (BIC)",1,0.125,0.222222222222222,1,0.0403439787052424
"updown",0.4,15,"PELT",1,0.125,0.222222222222222,1,0.0401515335074963
"updown",0.4,15,"SVP",0.333333333333333,0.125,0.181818181818182,3,0.041469810165872
"updown",0.4,15,"SVP (BIC)",1,0.125,0.222222222222222,1,0.0401515335074963
"updown",0.4,16,"PELT",0.333333333333333,0.125,0.181818181818182,3,0.0499786944521484
"updown",0.4,16,"SVP",0.5,0.125,0.2,2,0.0371825003070698
"updown",0.4,16,"SVP (BIC)",1,0.125,0.222222222222222,1,0.0401164750109274
"updown",0.4,17,"PELT",1,0.125,0.222222222222222,1,0.0401795403106767
"updown",0.4,17,"SVP",1,0.125,0.222222222222222,1,0.0401795403106767
"updown",0.4,17,"SVP (BIC)",1,0.125,0.222222222222222,1,0.0401795403106767
"updown",0.4,18,"PELT",0.5,0.125,0.2,2,0.0425422736927454
"updown",0.4,18,"SVP",0.5,0.125,0.2,2,0.0425422736927454
"updown",0.4,18,"SVP (BIC)",1,0.125,0.222222222222222,1,0.0401862151697436
"updown",0.4,19,"PELT",0.25,0.125,0.166666666666667,4,0.0514817113252413
"updown",0.4,19,"SVP",0.25,0.125,0.166666666666667,4,0.0514817113252413
"updown",0.4,19,"SVP (BIC)",1,0.125,0.222222222222222,1,0.0422270833438652
"updown",0.4,20,"PELT",1,0.125,0.222222222222222,1,0.040011038863329
"updown",0.4,20,"SVP",1,0.125,0.222222222222222,1,0.040011038863329
"updown",0.4,20,"SVP (BIC)",1,0.125,0.222222222222222,1,0.040011038863329
"updown",0.4,21,"PELT",0.333333333333333,0.125,0.181818181818182,3,0.0632252444209544
"updown",0.4,21,"SVP",0.5,0.125,0.2,2,0.0474283079276389
"updown",0.4,21,"SVP (BIC)",0.5,0.125,0.2,2,0.0474283079276389
"updown",0.4,22,"PELT",1,0.125,0.222222222222222,1,0.0401830983923989
"updown",0.4,22,"SVP",0.5,0.125,0.2,2,0.0461528801124143
"updown",0.4,22,"SVP (BIC)",1,0.125,0.222222222222222,1,0.0401830983923989
"updown",0.4,23,"PELT",1,0.125,0.222222222222222,1,0.0409177993985047
"updown",0.4,23,"SVP",1,0.125,0.222222222222222,1,0.0409177993985047
"updown",0.4,23,"SVP (BIC)",1,0.125,0.222222222222222,1,0.0409177993985047
"updown",0.4,24,"PELT",0.5,0.25,0.333333333333333,4,0.046093129375609
"updown",0.4,24,"SVP",0.5,0.125,0.2,2,0.0416115307620516
"updown",0.4,24,"SVP (BIC)",0.5,0.125,0.2,2,0.0406801056141686
"updown",0.4,25,"PELT",1,0.125,0.222222222222222,1,0.0413007483617251
"updown",0.4,25,"SVP",0.5,0.125,0.2,2,0.0450024116339828
"updown",0.4,25,"SVP (BIC)",1,0.125,0.222222222222222,1,0.0413007483617251
"updown",0.4,26,"PELT",1,0.125,0.222222222222222,1,0.0425275951914396
"updown",0.4,26,"SVP",1,0.125,0.222222222222222,1,0.0425275951914396
"updown",0.4,26,"SVP (BIC)",1,0.125,0.222222222222222,1,0.0425275951914396
"updown",0.4,27,"PELT",0.5,0.125,0.2,2,0.0389316077783519
"updown",0.4,27,"SVP",0.5,0.125,0.2,2,0.0389316077783519
"updown",0.4,27,"SVP (BIC)",1,0.125,0.222222222222222,1,0.0410571163338944
"updown",0.4,28,"PELT",1,0.125,0.222222222222222,1,0.043462754836864
"updown",0.4,28,"SVP",0.5,0.125,0.2,2,0.0398013845712642
"updown",0.4,28,"SVP (BIC)",1,0.125,0.222222222222222,1,0.043462754836864
"updown",0.4,29,"PELT",0.5,0.125,0.2,2,0.0435269534053276
"updown",0.4,29,"SVP",0.5,0.125,0.2,2,0.0439182115911225
"updown",0.4,29,"SVP (BIC)",0.5,0.125,0.2,2,0.0435269534053276
"updown",0.4,30,"PELT",1,0.125,0.222222222222222,1,0.0404836187071003
"updown",0.4,30,"SVP",0.5,0.125,0.2,2,0.0470423663072591
"updown",0.4,30,"SVP (BIC)",1,0.125,0.222222222222222,1,0.0404836187071003
"updown",0.4,31,"PELT",1,0.125,0.222222222222222,1,0.0409587752707965
"updown",0.4,31,"SVP",0.5,0.125,0.2,2,0.0404243031686453
"updown",0.4,31,"SVP (BIC)",1,0.125,0.222222222222222,1,0.0409587752707965
"updown",0.4,32,"PELT",1,0.125,0.222222222222222,1,0.0402116547914024
"updown",0.4,32,"SVP",1,0.125,0.222222222222222,1,0.0402116547914024
"updown",0.4,32,"SVP (BIC)",1,0.125,0.222222222222222,1,0.0402116547914024
"updown",0.4,33,"PELT",1,0.125,0.222222222222222,1,0.0400574988024237
"updown",0.4,33,"SVP",1,0.125,0.222222222222222,1,0.0400574988024237
"updown",0.4,33,"SVP (BIC)",1,0.125,0.222222222222222,1,0.0400574988024237
"updown",0.4,34,"PELT",1,0.125,0.222222222222222,1,0.0401818179170509
"updown",0.4,34,"SVP",0.333333333333333,0.125,0.181818181818182,3,0.0363218695697533
"updown",0.4,34,"SVP (BIC)",1,0.125,0.222222222222222,1,0.0401818179170509
"updown",0.4,35,"PELT",1,0.125,0.222222222222222,1,0.0415396742837396
"updown",0.4,35,"SVP",1,0.125,0.222222222222222,1,0.0415396742837396
"updown",0.4,35,"SVP (BIC)",1,0.125,0.222222222222222,1,0.0415396742837396
"updown",0.4,36,"PELT",1,0.125,0.222222222222222,1,0.04024157386938
"updown",0.4,36,"SVP",1,0.125,0.222222222222222,1,0.04024157386938
"updown",0.4,36,"SVP (BIC)",1,0.125,0.222222222222222,1,0.04024157386938
"updown",0.4,37,"PELT",0.5,0.125,0.2,2,0.0524792583963413
"updown",0.4,37,"SVP",0.5,0.125,0.2,2,0.0524792583963413
"updown",0.4,37,"SVP (BIC)",1,0.125,0.222222222222222,1,0.0405927549976116
"updown",0.4,38,"PELT",1,0.125,0.222222222222222,1,0.0409184892464186
"updown",0.4,38,"SVP",0.5,0.125,0.2,2,0.0388142145508448
"updown",0.4,38,"SVP (BIC)",1,0.125,0.222222222222222,1,0.0409184892464186
"updown",0.4,39,"PELT",0.333333333333333,0.125,0.181818181818182,3,0.0439849987099417
"updown",0.4,39,"SVP",0.5,0.125,0.2,2,0.0415949706191936
"updown",0.4,39,"SVP (BIC)",1,0.125,0.222222222222222,1,0.040002111038644
"updown",0.4,40,"PELT",1,0.125,0.222222222222222,1,0.0400432041282949
"updown",0.4,40,"SVP",1,0.125,0.222222222222222,1,0.0400432041282949
"updown",0.4,40,"SVP (BIC)",1,0.125,0.222222222222222,1,0.0400432041282949
"updown",0.4,41,"PELT",1,0.25,0.4,2,0.0371618668725929
"updown",0.4,41,"SVP",0.5,0.125,0.2,2,0.0428866810801798
"updown",0.4,41,"SVP (BIC)",1,0.125,0.222222222222222,1,0.0403253728921506
"updown",0.4,42,"PELT",0.285714285714286,0.25,0.266666666666667,7,0.0454587078233535
"updown",0.4,42,"SVP",0.25,0.125,0.166666666666667,4,0.0440096565320431
"updown",0.4,42,"SVP (BIC)",0.5,0.125,0.2,2,0.0427074679261968
"updown",0.4,43,"PELT",1,0.125,0.222222222222222,1,0.0402644053067681
"updown",0.4,43,"SVP",0.333333333333333,0.125,0.181818181818182,3,0.035080727670308
"updown",0.4,43,"SVP (BIC)",1,0.125,0.222222222222222,1,0.0402644053067681
"updown",0.4,44,"PELT",0.333333333333333,0.125,0.181818181818182,3,0.0428828166329361
"updown",0.4,44,"SVP",0.5,0.125,0.2,2,0.0366952023150622
"updown",0.4,44,"SVP (BIC)",0.5,0.125,0.2,2,0.0365484754958005
"updown",0.4,45,"PELT",1,0.125,0.222222222222222,1,0.0419392240663575
"updown",0.4,45,"SVP",1,0.125,0.222222222222222,1,0.0419392240663575
"updown",0.4,45,"SVP (BIC)",1,0.125,0.222222222222222,1,0.0419392240663575
"updown",0.4,46,"PELT",0.5,0.125,0.2,2,0.0506718375154327
"updown",0.4,46,"SVP",1,0.125,0.222222222222222,1,0.0410364984398415
"updown",0.4,46,"SVP (BIC)",1,0.125,0.222222222222222,1,0.0410364984398415
"updown",0.4,47,"PELT",0.5,0.25,0.333333333333333,4,0.0492294112495133
"updown",0.4,47,"SVP",0.5,0.125,0.2,2,0.0419735082171327
"updown",0.4,47,"SVP (BIC)",1,0.25,0.4,2,0.0417998916502702
"updown",0.4,48,"PELT",0.5,0.125,0.2,2,0.0504953122269435
"updown",0.4,48,"SVP",1,0.25,0.4,2,0.0450412156464532
"updown",0.4,48,"SVP (BIC)",1,0.125,0.222222222222222,1,0.0407418354587847
"updown",0.4,49,"PELT",1,0.125,0.222222222222222,1,0.0402192640177738
"updown",0.4,49,"SVP",1,0.125,0.222222222222222,1,0.0402192640177738
"updown",0.4,49,"SVP (BIC)",1,0.125,0.222222222222222,1,0.0402192640177738
"updown",0.4,50,"PELT",1,0.125,0.222222222222222,1,0.040513597135891
"updown",0.4,50,"SVP",0.5,0.125,0.2,2,0.0369069853148795
"updown",0.4,50,"SVP (BIC)",1,0.125,0.222222222222222,1,0.040513597135891
"updown",0.4,51,"PELT",1,0.25,0.4,2,0.0486898362540554
"updown",0.4,51,"SVP",1,0.25,0.4,2,0.0486898362540554
"updown",0.4,51,"SVP (BIC)",1,0.125,0.222222222222222,1,0.0471532711205564
"updown",0.4,52,"PELT",1,0.125,0.222222222222222,1,0.0405956018154965
"updown",0.4,52,"SVP",1,0.125,0.222222222222222,1,0.0405956018154965
"updown",0.4,52,"SVP (BIC)",1,0.125,0.222222222222222,1,0.0405956018154965
"updown",0.4,53,"PELT",1,0.125,0.222222222222222,1,0.0401340362010511
"updown",0.4,53,"SVP",1,0.25,0.4,2,0.0414299143075876
"updown",0.4,53,"SVP (BIC)",1,0.125,0.222222222222222,1,0.0401340362010511
"updown",0.4,54,"PELT",1,0.25,0.4,2,0.0395082084045284
"updown",0.4,54,"SVP",0.5,0.125,0.2,2,0.0415784197144922
"updown",0.4,54,"SVP (BIC)",1,0.125,0.222222222222222,1,0.0425736914327389
"updown",0.4,55,"PELT",0.5,0.125,0.2,2,0.0413058089444809
"updown",0.4,55,"SVP",1,0.25,0.4,2,0.0374080988051347
"updown",0.4,55,"SVP (BIC)",1,0.125,0.222222222222222,1,0.0403736968526468
"updown",0.4,56,"PELT",0.333333333333333,0.125,0.181818181818182,3,0.0432477127447458
"updown",0.4,56,"SVP",1,0.125,0.222222222222222,1,0.0407457220770326
"updown",0.4,56,"SVP (BIC)",1,0.125,0.222222222222222,1,0.0407457220770326
"updown",0.4,57,"PELT",1,0.125,0.222222222222222,1,0.0411327714740969
"updown",0.4,57,"SVP",1,0.125,0.222222222222222,1,0.0411327714740969
"updown",0.4,57,"SVP (BIC)",1,0.125,0.222222222222222,1,0.0411327714740969
"updown",0.4,58,"PELT",1,0.125,0.222222222222222,1,0.0401037054952106
"updown",0.4,58,"SVP",1,0.125,0.222222222222222,1,0.0401037054952106
"updown",0.4,58,"SVP (BIC)",1,0.125,0.222222222222222,1,0.0401037054952106
"updown",0.4,59,"PELT",0.6,0.375,0.461538461538462,5,0.0419581839471175
"updown",0.4,59,"SVP",0.5,0.125,0.2,2,0.036117268455666
"updown",0.4,59,"SVP (BIC)",0.5,0.125,0.2,2,0.0378083694555656
"updown",0.4,60,"PELT",1,0.125,0.222222222222222,1,0.0400022055958579
"updown",0.4,60,"SVP",1,0.125,0.222222222222222,1,0.0400022055958579
"updown",0.4,60,"SVP (BIC)",1,0.125,0.222222222222222,1,0.0400022055958579
"updown",0.4,61,"PELT",0.5,0.125,0.2,2,0.0515831892070881
"updown",0.4,61,"SVP",1,0.125,0.222222222222222,1,0.042793571787761
"updown",0.4,61,"SVP (BIC)",1,0.125,0.222222222222222,1,0.042793571787761
"updown",0.4,62,"PELT",0.333333333333333,0.125,0.181818181818182,3,0.0492380908567896
"updown",0.4,62,"SVP",0.5,0.125,0.2,2,0.039330897924559
"updown",0.4,62,"SVP (BIC)",1,0.125,0.222222222222222,1,0.0407472071503899
"updown",0.4,63,"PELT",1,0.125,0.222222222222222,1,0.0403266085886246
"updown",0.4,63,"SVP",1,0.125,0.222222222222222,1,0.0403266085886246
"updown",0.4,63,"SVP (BIC)",1,0.125,0.222222222222222,1,0.0403266085886246
"updown",0.4,64,"PELT",1,0.125,0.222222222222222,1,0.041177388366213
"updown",0.4,64,"SVP",1,0.125,0.222222222222222,1,0.041177388366213
"updown",0.4,64,"SVP (BIC)",1,0.125,0.222222222222222,1,0.041177388366213
"updown",0.4,65,"PELT",1,0.125,0.222222222222222,1,0.0405970652996962
"updown",0.4,65,"SVP",1,0.125,0.222222222222222,1,0.0405970652996962
"updown",0.4,65,"SVP (BIC)",1,0.125,0.222222222222222,1,0.0405970652996962
"updown",0.4,66,"PELT",1,0.125,0.222222222222222,1,0.0400054853034685
"updown",0.4,66,"SVP",0.5,0.125,0.2,2,0.0381749601063953
"updown",0.4,66,"SVP (BIC)",1,0.125,0.222222222222222,1,0.0400054853034685
"updown",0.4,67,"PELT",1,0.125,0.222222222222222,1,0.0400929769138527
"updown",0.4,67,"SVP",1,0.125,0.222222222222222,1,0.0400929769138527
"updown",0.4,67,"SVP (BIC)",1,0.125,0.222222222222222,1,0.0400929769138527
"updown",0.4,68,"PELT",0.4,0.25,0.307692307692308,5,0.0526189103873954
"updown",0.4,68,"SVP",0.333333333333333,0.125,0.181818181818182,3,0.0393023621302321
"updown",0.4,68,"SVP (BIC)",1,0.125,0.222222222222222,1,0.040231616724272
"updown",0.4,69,"PELT",1,0.25,0.4,2,0.043746765904376
"updown",0.4,69,"SVP",1,0.25,0.4,2,0.043746765904376
"updown",0.4,69,"SVP (BIC)",1,0.25,0.4,2,0.043746765904376
"updown",0.4,70,"PELT",0.25,0.125,0.166666666666667,4,0.0443701010766482
"updown",0.4,70,"SVP",0.333333333333333,0.125,0.181818181818182,3,0.0410793605281919
"updown",0.4,70,"SVP (BIC)",0.5,0.125,0.2,2,0.036603484330277
"updown",0.4,71,"PELT",1,0.125,0.222222222222222,1,0.040751688328694
"updown",0.4,71,"SVP",1,0.125,0.222222222222222,1,0.040751688328694
"updown",0.4,71,"SVP (BIC)",1,0.125,0.222222222222222,1,0.040751688328694
"updown",0.4,72,"PELT",1,0.125,0.222222222222222,1,0.0432096659279035
"updown",0.4,72,"SVP",1,0.125,0.222222222222222,1,0.0432096659279035
"updown",0.4,72,"SVP (BIC)",1,0.125,0.222222222222222,1,0.0432096659279035
"updown",0.4,73,"PELT",0.5,0.125,0.2,2,0.0450258228262382
"updown",0.4,73,"SVP",0.5,0.125,0.2,2,0.0450258228262382
"updown",0.4,73,"SVP (BIC)",0.5,0.125,0.2,2,0.0450258228262382
"updown",0.4,74,"PELT",1,0.125,0.222222222222222,1,0.0400076040592047
"updown",0.4,74,"SVP",1,0.125,0.222222222222222,1,0.0400076040592047
"updown",0.4,74,"SVP (BIC)",1,0.125,0.222222222222222,1,0.0400076040592047
"updown",0.4,75,"PELT",1,0.125,0.222222222222222,1,0.0400875388029816
"updown",0.4,75,"SVP",1,0.125,0.222222222222222,1,0.0400875388029816
"updown",0.4,75,"SVP (BIC)",1,0.125,0.222222222222222,1,0.0400875388029816
"updown",0.4,76,"PELT",1,0.125,0.222222222222222,1,0.0408548075614088
"updown",0.4,76,"SVP",1,0.125,0.222222222222222,1,0.0408548075614088
"updown",0.4,76,"SVP (BIC)",1,0.125,0.222222222222222,1,0.0408548075614088
"updown",0.4,77,"PELT",1,0.125,0.222222222222222,1,0.040097019474214
"updown",0.4,77,"SVP",1,0.125,0.222222222222222,1,0.040097019474214
"updown",0.4,77,"SVP (BIC)",1,0.125,0.222222222222222,1,0.040097019474214
"updown",0.4,78,"PELT",0.5,0.125,0.2,2,0.0396718564574282
"updown",0.4,78,"SVP",1,0.125,0.222222222222222,1,0.0415287765346723
"updown",0.4,78,"SVP (BIC)",1,0.125,0.222222222222222,1,0.0415287765346723
"updown",0.4,79,"PELT",1,0.125,0.222222222222222,1,0.0401062765980825
"updown",0.4,79,"SVP",1,0.125,0.222222222222222,1,0.0401062765980825
"updown",0.4,79,"SVP (BIC)",1,0.125,0.222222222222222,1,0.0401062765980825
"updown",0.4,80,"PELT",1,0.125,0.222222222222222,1,0.0400139721390409
"updown",0.4,80,"SVP",1,0.125,0.222222222222222,1,0.0400139721390409
"updown",0.4,80,"SVP (BIC)",1,0.125,0.222222222222222,1,0.0400139721390409
"updown",0.4,81,"PELT",1,0.125,0.222222222222222,1,0.0404228743875006
"updown",0.4,81,"SVP",1,0.125,0.222222222222222,1,0.0404228743875006
"updown",0.4,81,"SVP (BIC)",1,0.125,0.222222222222222,1,0.0404228743875006
"updown",0.4,82,"PELT",0.666666666666667,0.25,0.363636363636364,3,0.0477453018299484
"updown",0.4,82,"SVP",1,0.125,0.222222222222222,1,0.0413932270368197
"updown",0.4,82,"SVP (BIC)",1,0.125,0.222222222222222,1,0.0413932270368197
"updown",0.4,83,"PELT",1,0.125,0.222222222222222,1,0.0404401882464239
"updown",0.4,83,"SVP",1,0.125,0.222222222222222,1,0.0404401882464239
"updown",0.4,83,"SVP (BIC)",1,0.125,0.222222222222222,1,0.0404401882464239
"updown",0.4,84,"PELT",1,0.125,0.222222222222222,1,0.0469784463983581
"updown",0.4,84,"SVP",1,0.125,0.222222222222222,1,0.0469784463983581
"updown",0.4,84,"SVP (BIC)",1,0.125,0.222222222222222,1,0.0469784463983581
"updown",0.4,85,"PELT",0.5,0.375,0.428571428571429,6,0.0359042253375097
"updown",0.4,85,"SVP",0.666666666666667,0.25,0.363636363636364,3,0.0406562143554488
"updown",0.4,85,"SVP (BIC)",0.5,0.125,0.2,2,0.042706306955944
"updown",0.4,86,"PELT",1,0.125,0.222222222222222,1,0.0403183047558643
"updown",0.4,86,"SVP",1,0.125,0.222222222222222,1,0.0403183047558643
"updown",0.4,86,"SVP (BIC)",1,0.125,0.222222222222222,1,0.0403183047558643
"updown",0.4,87,"PELT",1,0.125,0.222222222222222,1,0.0410755280827334
"updown",0.4,87,"SVP",1,0.125,0.222222222222222,1,0.0410755280827334
"updown",0.4,87,"SVP (BIC)",1,0.125,0.222222222222222,1,0.0410755280827334
"updown",0.4,88,"PELT",0.333333333333333,0.125,0.181818181818182,3,0.0390720580752075
"updown",0.4,88,"SVP",0.5,0.125,0.2,2,0.0391759019483043
"updown",0.4,88,"SVP (BIC)",0.5,0.125,0.2,2,0.0391759019483043
"updown",0.4,89,"PELT",1,0.125,0.222222222222222,1,0.0400759110418401
"updown",0.4,89,"SVP",1,0.125,0.222222222222222,1,0.0400759110418401
"updown",0.4,89,"SVP (BIC)",1,0.125,0.222222222222222,1,0.0400759110418401
"updown",0.4,90,"PELT",0.5,0.125,0.2,2,0.0387238635633381
"updown",0.4,90,"SVP",0.5,0.125,0.2,2,0.037944363791547
"updown",0.4,90,"SVP (BIC)",1,0.125,0.222222222222222,1,0.0413838230641154
"updown",0.4,91,"PELT",0.666666666666667,0.25,0.363636363636364,3,0.0379514542359749
"updown",0.4,91,"SVP",0.5,0.125,0.2,2,0.0403270567863104
"updown",0.4,91,"SVP (BIC)",1,0.125,0.222222222222222,1,0.0402209922153795
"updown",0.4,92,"PELT",0.333333333333333,0.125,0.181818181818182,3,0.0456231074181041
"updown",0.4,92,"SVP",0.5,0.125,0.2,2,0.0372757409087562
"updown",0.4,92,"SVP (BIC)",0.5,0.125,0.2,2,0.0370158824167198
"updown",0.4,93,"PELT",0.25,0.125,0.166666666666667,4,0.0546211398633553
"updown",0.4,93,"SVP",0.333333333333333,0.125,0.181818181818182,3,0.0438437851065838
"updown",0.4,93,"SVP (BIC)",1,0.25,0.4,2,0.0360356620795131
"updown",0.4,94,"PELT",1,0.125,0.222222222222222,1,0.0400237775371337
"updown",0.4,94,"SVP",1,0.125,0.222222222222222,1,0.0400237775371337
"updown",0.4,94,"SVP (BIC)",1,0.125,0.222222222222222,1,0.0400237775371337
"updown",0.4,95,"PELT",0.5,0.125,0.2,2,0.0405230548115271
"updown",0.4,95,"SVP",0.5,0.125,0.2,2,0.0405230548115271
"updown",0.4,95,"SVP (BIC)",1,0.125,0.222222222222222,1,0.0434603316568936
"updown",0.4,96,"PELT",0.5,0.125,0.2,2,0.0393187594791345
"updown",0.4,96,"SVP",0.5,0.125,0.2,2,0.0393187594791345
"updown",0.4,96,"SVP (BIC)",1,0.125,0.222222222222222,1,0.040235555423326
"updown",0.4,97,"PELT",1,0.125,0.222222222222222,1,0.0403817735516724
"updown",0.4,97,"SVP",0.5,0.125,0.2,2,0.0407929413349979
"updown",0.4,97,"SVP (BIC)",1,0.125,0.222222222222222,1,0.0403817735516724
"updown",0.4,98,"PELT",1,0.125,0.222222222222222,1,0.0403111657688545
"updown",0.4,98,"SVP",1,0.125,0.222222222222222,1,0.0403111657688545
"updown",0.4,98,"SVP (BIC)",1,0.125,0.222222222222222,1,0.0403111657688545
"updown",0.4,99,"PELT",1,0.125,0.222222222222222,1,0.0401026819502171
"updown",0.4,99,"SVP",1,0.125,0.222222222222222,1,0.0401026819502171
"updown",0.4,99,"SVP (BIC)",1,0.125,0.222222222222222,1,0.0401026819502171
"updown",0.4,100,"PELT",1,0.125,0.222222222222222,1,0.0405187293629141
"updown",0.4,100,"SVP",1,0.125,0.222222222222222,1,0.0405187293629141
"updown",0.4,100,"SVP (BIC)",1,0.125,0.222222222222222,1,0.0405187293629141
"rand1",0.4,1,"PELT",1,0.375,0.545454545454545,3,0.01833265455902
"rand1",0.4,1,"SVP",1,0.375,0.545454545454545,3,0.01833265455902
"rand1",0.4,1,"SVP (BIC)",0.5,0.125,0.2,2,0.0463456780265942
"rand1",0.4,2,"PELT",0.666666666666667,0.25,0.363636363636364,3,0.04652451421531
"rand1",0.4,2,"SVP",1,0.25,0.4,2,0.040222635301481
"rand1",0.4,2,"SVP (BIC)",1,0.25,0.4,2,0.040222635301481
"rand1",0.4,3,"PELT",0.333333333333333,0.125,0.181818181818182,3,0.0232339457790726
"rand1",0.4,3,"SVP",0.5,0.125,0.2,2,0.0421906953825143
"rand1",0.4,3,"SVP (BIC)",1,0.25,0.4,2,0.0374573747653453
"rand1",0.4,4,"PELT",0.666666666666667,0.25,0.363636363636364,3,0.0257958831122829
"rand1",0.4,4,"SVP",0.5,0.125,0.2,2,0.0449405235642028
"rand1",0.4,4,"SVP (BIC)",0.5,0.125,0.2,2,0.0419290692529576
"rand1",0.4,5,"PELT",0.4,0.25,0.307692307692308,5,0.0618885594831518
"rand1",0.4,5,"SVP",0.666666666666667,0.25,0.363636363636364,3,0.0391202739456312
"rand1",0.4,5,"SVP (BIC)",1,0.25,0.4,2,0.0418222838634599
"rand1",0.4,6,"PELT",1,0.375,0.545454545454545,3,0.0160411350299581
"rand1",0.4,6,"SVP",1,0.25,0.4,2,0.0382140979569849
"rand1",0.4,6,"SVP (BIC)",1,0.25,0.4,2,0.0382140979569849
"rand1",0.4,7,"PELT",0.333333333333333,0.125,0.181818181818182,3,0.0350244519689642
"rand1",0.4,7,"SVP",0.333333333333333,0.125,0.181818181818182,3,0.0350244519689642
"rand1",0.4,7,"SVP (BIC)",0.5,0.125,0.2,2,0.0433955506671287
"rand1",0.4,8,"PELT",0.333333333333333,0.125,0.181818181818182,3,0.0250514342157348
"rand1",0.4,8,"SVP",0.25,0.125,0.166666666666667,4,0.0269882567744624
"rand1",0.4,8,"SVP (BIC)",0.5,0.125,0.2,2,0.0433094451247755
"rand1",0.4,9,"PELT",0.666666666666667,0.25,0.363636363636364,3,0.0212719165121076
"rand1",0.4,9,"SVP",0.666666666666667,0.25,0.363636363636364,3,0.0212719165121076
"rand1",0.4,9,"SVP (BIC)",0.5,0.125,0.2,2,0.0446743781340456
"rand1",0.4,10,"PELT",0.666666666666667,0.25,0.363636363636364,3,0.0235028268929978
"rand1",0.4,10,"SVP",0.666666666666667,0.25,0.363636363636364,3,0.0235028268929978
"rand1",0.4,10,"SVP (BIC)",0.666666666666667,0.25,0.363636363636364,3,0.0235028268929978
"rand1",0.4,11,"PELT",0.4,0.25,0.307692307692308,5,0.0281093220298096
"rand1",0.4,11,"SVP",1,0.375,0.545454545454545,3,0.0525000215334854
"rand1",0.4,11,"SVP (BIC)",1,0.25,0.4,2,0.0474612650679852
"rand1",0.4,12,"PELT",0.666666666666667,0.25,0.363636363636364,3,0.0273174739843088
"rand1",0.4,12,"SVP",0.5,0.125,0.2,2,0.0393160664637284
"rand1",0.4,12,"SVP (BIC)",0.5,0.125,0.2,2,0.0393160664637284
"rand1",0.4,13,"PELT",0.333333333333333,0.125,0.181818181818182,3,0.029228183381578
"rand1",0.4,13,"SVP",0.25,0.125,0.166666666666667,4,0.0269163837442013
"rand1",0.4,13,"SVP (BIC)",0.5,0.125,0.2,2,0.0446648326096159
"rand1",0.4,14,"PELT",0.333333333333333,0.125,0.181818181818182,3,0.0375996675042585
"rand1",0.4,14,"SVP",0.5,0.125,0.2,2,0.0427652675135171
"rand1",0.4,14,"SVP (BIC)",0.5,0.125,0.2,2,0.0436927600350785
"rand1",0.4,15,"PELT",0.5,0.25,0.333333333333333,4,0.0373458572476267
"rand1",0.4,15,"SVP",0.333333333333333,0.125,0.181818181818182,3,0.0510328141704709
"rand1",0.4,15,"SVP (BIC)",0.5,0.125,0.2,2,0.0413647212609844
"rand1",0.4,16,"PELT",0.5,0.25,0.333333333333333,4,0.0342412160021711
"rand1",0.4,16,"SVP",0.5,0.125,0.2,2,0.0439271714676917
"rand1",0.4,16,"SVP (BIC)",0.5,0.125,0.2,2,0.0439271714676917
"rand1",0.4,17,"PELT",0.333333333333333,0.125,0.181818181818182,3,0.0206638684622829
"rand1",0.4,17,"SVP",0.5,0.125,0.2,2,0.0388832445458938
"rand1",0.4,17,"SVP (BIC)",0.5,0.125,0.2,2,0.0385358973322523
"rand1",0.4,18,"PELT",0.666666666666667,0.25,0.363636363636364,3,0.0184012210960088
"rand1",0.4,18,"SVP",0.5,0.125,0.2,2,0.0399321279686572
"rand1",0.4,18,"SVP (BIC)",0.5,0.125,0.2,2,0.0397785184558564
"rand1",0.4,19,"PELT",0.666666666666667,0.25,0.363636363636364,3,0.0239839191031134
"rand1",0.4,19,"SVP",0.333333333333333,0.125,0.181818181818182,3,0.0440250496675739
"rand1",0.4,19,"SVP (BIC)",1,0.25,0.4,2,0.0401142735796801
"rand1",0.4,20,"PELT",0.666666666666667,0.25,0.363636363636364,3,0.0204638919292431
"rand1",0.4,20,"SVP",1,0.25,0.4,2,0.0378822357894402
"rand1",0.4,20,"SVP (BIC)",1,0.25,0.4,2,0.0378822357894402
"rand1",0.4,21,"PELT",0.4,0.25,0.307692307692308,5,0.0130700130207717
"rand1",0.4,21,"SVP",0.5,0.125,0.2,2,0.0459247340960896
"rand1",0.4,21,"SVP (BIC)",0.5,0.125,0.2,2,0.0459247340960896
"rand1",0.4,22,"PELT",0.333333333333333,0.125,0.181818181818182,3,0.023526532122164
"rand1",0.4,22,"SVP",0.333333333333333,0.125,0.181818181818182,3,0.0429398704338216
"rand1",0.4,22,"SVP (BIC)",0.5,0.125,0.2,2,0.0443464186900048
"rand1",0.4,23,"PELT",0.333333333333333,0.125,0.181818181818182,3,0.0229242658094827
"rand1",0.4,23,"SVP",0.5,0.125,0.2,2,0.0596234084152757
"rand1",0.4,23,"SVP (BIC)",0.5,0.125,0.2,2,0.0596234084152757
"rand1",0.4,24,"PELT",0.666666666666667,0.25,0.363636363636364,3,0.0185772710684475
"rand1",0.4,24,"SVP",1,0.25,0.4,2,0.0388529687588792
"rand1",0.4,24,"SVP (BIC)",1,0.25,0.4,2,0.0388529687588792
"rand1",0.4,25,"PELT",1,0.375,0.545454545454545,3,0.0165278907161836
"rand1",0.4,25,"SVP",0.5,0.125,0.2,2,0.0437046906941504
"rand1",0.4,25,"SVP (BIC)",0.5,0.125,0.2,2,0.0399096672083051
"rand1",0.4,26,"PELT",0.2,0.125,0.153846153846154,5,0.0139220088641689
"rand1",0.4,26,"SVP",0.333333333333333,0.125,0.181818181818182,3,0.0402633271850047
"rand1",0.4,26,"SVP (BIC)",0.5,0.125,0.2,2,0.0451483253406652
"rand1",0.4,27,"PELT",0.666666666666667,0.25,0.363636363636364,3,0.0223424279551877
"rand1",0.4,27,"SVP",0.666666666666667,0.25,0.363636363636364,3,0.0223424279551877
"rand1",0.4,27,"SVP (BIC)",0.5,0.125,0.2,2,0.0435594894972551
"rand1",0.4,28,"PELT",0.666666666666667,0.25,0.363636363636364,3,0.0213007208262457
"rand1",0.4,28,"SVP",0.5,0.125,0.2,2,0.0417902382757302
"rand1",0.4,28,"SVP (BIC)",0.5,0.125,0.2,2,0.041888965421734
"rand1",0.4,29,"PELT",0.5,0.125,0.2,2,0.0438374979738817
"rand1",0.4,29,"SVP",0.5,0.125,0.2,2,0.0438374979738817
"rand1",0.4,29,"SVP (BIC)",0.5,0.125,0.2,2,0.0438374979738817
"rand1",0.4,30,"PELT",0.666666666666667,0.25,0.363636363636364,3,0.0202075236744944
"rand1",0.4,30,"SVP",0.5,0.125,0.2,2,0.0401396820761929
"rand1",0.4,30,"SVP (BIC)",0.5,0.125,0.2,2,0.0401396820761929
"rand1",0.4,31,"PELT",0.333333333333333,0.125,0.181818181818182,3,0.0190999377379444
"rand1",0.4,31,"SVP",0.333333333333333,0.125,0.181818181818182,3,0.0402201788617491
"rand1",0.4,31,"SVP (BIC)",0.5,0.125,0.2,2,0.0394964379549053
"rand1",0.4,32,"PELT",0.2,0.125,0.153846153846154,5,0.0476361947010639
"rand1",0.4,32,"SVP",0.5,0.125,0.2,2,0.0537678180262261
"rand1",0.4,32,"SVP (BIC)",0.5,0.125,0.2,2,0.0537678180262261
"rand1",0.4,33,"PELT",0.333333333333333,0.125,0.181818181818182,3,0.0277121099663345
"rand1",0.4,33,"SVP",0.333333333333333,0.125,0.181818181818182,3,0.0277121099663345
"rand1",0.4,33,"SVP (BIC)",0.333333333333333,0.125,0.181818181818182,3,0.0277121099663345
"rand1",0.4,34,"PELT",0.333333333333333,0.125,0.181818181818182,3,0.0255477463353209
"rand1",0.4,34,"SVP",0.5,0.125,0.2,2,0.0422231778994542
"rand1",0.4,34,"SVP (BIC)",0.5,0.125,0.2,2,0.0432879937381249
"rand1",0.4,35,"PELT",1,0.25,0.4,2,0.0431549452608312
"rand1",0.4,35,"SVP",1,0.25,0.4,2,0.0431549452608312
"rand1",0.4,35,"SVP (BIC)",1,0.25,0.4,2,0.0431549452608312
"rand1",0.4,36,"PELT",0.4,0.25,0.307692307692308,5,0.0313842121864975
"rand1",0.4,36,"SVP",0.5,0.125,0.2,2,0.0467715441284771
"rand1",0.4,36,"SVP (BIC)",0.5,0.125,0.2,2,0.0444302923803005
"rand1",0.4,37,"PELT",0.666666666666667,0.25,0.363636363636364,3,0.0182747858988592
"rand1",0.4,37,"SVP",0.666666666666667,0.25,0.363636363636364,3,0.0182747858988592
"rand1",0.4,37,"SVP (BIC)",0.5,0.125,0.2,2,0.0400276798011265
"rand1",0.4,38,"PELT",1,0.25,0.4,2,0.0382172552140776
"rand1",0.4,38,"SVP",1,0.25,0.4,2,0.0382172552140776
"rand1",0.4,38,"SVP (BIC)",1,0.25,0.4,2,0.0382172552140776
"rand1",0.4,39,"PELT",0.666666666666667,0.25,0.363636363636364,3,0.0231724993380236
"rand1",0.4,39,"SVP",0.5,0.125,0.2,2,0.0445627233364323
"rand1",0.4,39,"SVP (BIC)",0.5,0.125,0.2,2,0.0407850425335792
"rand1",0.4,40,"PELT",0.8,0.5,0.615384615384615,5,0.0186725413837081
"rand1",0.4,40,"SVP",1,0.375,0.545454545454545,3,0.0188648373375693
"rand1",0.4,40,"SVP (BIC)",0.5,0.125,0.2,2,0.0417386093151171
"rand1",0.4,41,"PELT",0.5,0.125,0.2,2,0.0453493601164643
"rand1",0.4,41,"SVP",0.5,0.125,0.2,2,0.0453493601164643
"rand1",0.4,41,"SVP (BIC)",0.5,0.125,0.2,2,0.0453493601164643
"rand1",0.4,42,"PELT",0.25,0.125,0.166666666666667,4,0.0466606037438542
"rand1",0.4,42,"SVP",0.5,0.125,0.2,2,0.04925332221984
"rand1",0.4,42,"SVP (BIC)",0.5,0.125,0.2,2,0.05149754704397
"rand1",0.4,43,"PELT",0.666666666666667,0.25,0.363636363636364,3,0.031365253120488
"rand1",0.4,43,"SVP",0.5,0.125,0.2,2,0.0459761606366927
"rand1",0.4,43,"SVP (BIC)",0.5,0.125,0.2,2,0.044849624188788
"rand1",0.4,44,"PELT",0.333333333333333,0.125,0.181818181818182,3,0.0317009884434079
"rand1",0.4,44,"SVP",0.5,0.125,0.2,2,0.0424684830638487
"rand1",0.4,44,"SVP (BIC)",0.5,0.125,0.2,2,0.0405146752239369
"rand1",0.4,45,"PELT",0.666666666666667,0.5,0.571428571428572,6,0.0278224159260198
"rand1",0.4,45,"SVP",1,0.375,0.545454545454545,3,0.04237060503094
"rand1",0.4,45,"SVP (BIC)",1,0.25,0.4,2,0.0383559829382988
"rand1",0.4,46,"PELT",0.666666666666667,0.25,0.363636363636364,3,0.0214166356604742
"rand1",0.4,46,"SVP",0.666666666666667,0.25,0.363636363636364,3,0.0214166356604742
"rand1",0.4,46,"SVP (BIC)",0.666666666666667,0.25,0.363636363636364,3,0.0214166356604742
"rand1",0.4,47,"PELT",0.333333333333333,0.125,0.181818181818182,3,0.0470926594534844
"rand1",0.4,47,"SVP",0.5,0.125,0.2,2,0.0423897935212475
"rand1",0.4,47,"SVP (BIC)",1,0.25,0.4,2,0.042441368060817
"rand1",0.4,48,"PELT",0.333333333333333,0.125,0.181818181818182,3,0.0250032263180994
"rand1",0.4,48,"SVP",0.333333333333333,0.125,0.181818181818182,3,0.0250032263180994
"rand1",0.4,48,"SVP (BIC)",0.5,0.125,0.2,2,0.0427897775399086
"rand1",0.4,49,"PELT",0.666666666666667,0.25,0.363636363636364,3,0.0179589958651805
"rand1",0.4,49,"SVP",0.333333333333333,0.125,0.181818181818182,3,0.0521019825738217
"rand1",0.4,49,"SVP (BIC)",0.5,0.125,0.2,2,0.0392907666527206
"rand1",0.4,50,"PELT",1,0.25,0.4,2,0.0521722912730652
"rand1",0.4,50,"SVP",1,0.25,0.4,2,0.0521722912730652
"rand1",0.4,50,"SVP (BIC)",1,0.25,0.4,2,0.0521722912730652
"rand1",0.4,51,"PELT",0.6,0.375,0.461538461538462,5,0.0148260342142058
"rand1",0.4,51,"SVP",0.333333333333333,0.125,0.181818181818182,3,0.0450565875267949
"rand1",0.4,51,"SVP (BIC)",0.5,0.125,0.2,2,0.0466776584092645
"rand1",0.4,52,"PELT",0.6,0.375,0.461538461538462,5,0.0122587807038838
"rand1",0.4,52,"SVP",0.666666666666667,0.25,0.363636363636364,3,0.0366115115892948
"rand1",0.4,52,"SVP (BIC)",1,0.25,0.4,2,0.0443830472246075
"rand1",0.4,53,"PELT",0.333333333333333,0.125,0.181818181818182,3,0.0207080266957029
"rand1",0.4,53,"SVP",0.5,0.125,0.2,2,0.0417819839955838
"rand1",0.4,53,"SVP (BIC)",1,0.25,0.4,2,0.0403035709221861
"rand1",0.4,54,"PELT",0.333333333333333,0.125,0.181818181818182,3,0.0241490137886042
"rand1",0.4,54,"SVP",0.5,0.125,0.2,2,0.0502163114047065
"rand1",0.4,54,"SVP (BIC)",0.5,0.125,0.2,2,0.0454237662460844
"rand1",0.4,55,"PELT",0.6,0.375,0.461538461538462,5,0.0112607776225166
"rand1",0.4,55,"SVP",0.333333333333333,0.125,0.181818181818182,3,0.0393453855733686
"rand1",0.4,55,"SVP (BIC)",0.5,0.125,0.2,2,0.0419498569047406
"rand1",0.4,56,"PELT",0.333333333333333,0.125,0.181818181818182,3,0.0177473008010766
"rand1",0.4,56,"SVP",0.5,0.125,0.2,2,0.0444140164394844
"rand1",0.4,56,"SVP (BIC)",0.5,0.125,0.2,2,0.0444140164394844
"rand1",0.4,57,"PELT",0.666666666666667,0.25,0.363636363636364,3,0.022316212070373
"rand1",0.4,57,"SVP",1,0.25,0.4,2,0.0436921377339238
"rand1",0.4,57,"SVP (BIC)",1,0.25,0.4,2,0.0436921377339238
"rand1",0.4,58,"PELT",0.666666666666667,0.25,0.363636363636364,3,0.0228205411535694
"rand1",0.4,58,"SVP",0.666666666666667,0.25,0.363636363636364,3,0.0228205411535694
"rand1",0.4,58,"SVP (BIC)",0.5,0.125,0.2,2,0.0404821973611406
"rand1",0.4,59,"PELT",0.666666666666667,0.25,0.363636363636364,3,0.0226239023561207
"rand1",0.4,59,"SVP",0.5,0.125,0.2,2,0.0383209449233921
"rand1",0.4,59,"SVP (BIC)",0.5,0.125,0.2,2,0.0381691380700038
"rand1",0.4,60,"PELT",1,0.375,0.545454545454545,3,0.0195965212626082
"rand1",0.4,60,"SVP",0.75,0.375,0.5,4,0.0211751720393545
"rand1",0.4,60,"SVP (BIC)",0.5,0.125,0.2,2,0.0460634039315773
"rand1",0.4,61,"PELT",0.333333333333333,0.125,0.181818181818182,3,0.0376335388415863
"rand1",0.4,61,"SVP",0.333333333333333,0.125,0.181818181818182,3,0.0381641157379247
"rand1",0.4,61,"SVP (BIC)",0.5,0.125,0.2,2,0.0416096205459126
"rand1",0.4,62,"PELT",0.333333333333333,0.125,0.181818181818182,3,0.0220921885435588
"rand1",0.4,62,"SVP",0.5,0.125,0.2,2,0.0432323539893402
"rand1",0.4,62,"SVP (BIC)",0.5,0.125,0.2,2,0.0432323539893402
"rand1",0.4,63,"PELT",0.6,0.375,0.461538461538462,5,0.0213063403909705
"rand1",0.4,63,"SVP",0.666666666666667,0.25,0.363636363636364,3,0.044825541780148
"rand1",0.4,63,"SVP (BIC)",0.5,0.125,0.2,2,0.0500518097674674
"rand1",0.4,64,"PELT",0.333333333333333,0.125,0.181818181818182,3,0.0274840099123284
"rand1",0.4,64,"SVP",0.333333333333333,0.125,0.181818181818182,3,0.0484692614975998
"rand1",0.4,64,"SVP (BIC)",1,0.25,0.4,2,0.0401560066512007
"rand1",0.4,65,"PELT",1,0.375,0.545454545454545,3,0.0173160222033337
"rand1",0.4,65,"SVP",1,0.25,0.4,2,0.0431481973286918
"rand1",0.4,65,"SVP (BIC)",0.5,0.125,0.2,2,0.0419438192097009
"rand1",0.4,66,"PELT",1,0.375,0.545454545454545,3,0.0187557372508978
"rand1",0.4,66,"SVP",0.5,0.125,0.2,2,0.0456558988079824
"rand1",0.4,66,"SVP (BIC)",0.5,0.125,0.2,2,0.04384029134221
"rand1",0.4,67,"PELT",0.333333333333333,0.125,0.181818181818182,3,0.0264395483975496
"rand1",0.4,67,"SVP",0.25,0.125,0.166666666666667,4,0.0290837044618627
"rand1",0.4,67,"SVP (BIC)",0.5,0.125,0.2,2,0.0406831802922018
"rand1",0.4,68,"PELT",0.333333333333333,0.125,0.181818181818182,3,0.0285742653981317
"rand1",0.4,68,"SVP",0.333333333333333,0.125,0.181818181818182,3,0.0285742653981317
"rand1",0.4,68,"SVP (BIC)",1,0.25,0.4,2,0.0428720974437529
"rand1",0.4,69,"PELT",0.666666666666667,0.25,0.363636363636364,3,0.022468896641986
"rand1",0.4,69,"SVP",0.666666666666667,0.25,0.363636363636364,3,0.022468896641986
"rand1",0.4,69,"SVP (BIC)",0.5,0.125,0.2,2,0.0434798043546881
"rand1",0.4,70,"PELT",0.666666666666667,0.25,0.363636363636364,3,0.0228772480251502
"rand1",0.4,70,"SVP",0.666666666666667,0.25,0.363636363636364,3,0.0228772480251502
"rand1",0.4,70,"SVP (BIC)",0.5,0.125,0.2,2,0.0384069792967882
"rand1",0.4,71,"PELT",0.333333333333333,0.125,0.181818181818182,3,0.0288768458226569
"rand1",0.4,71,"SVP",0.333333333333333,0.125,0.181818181818182,3,0.0288768458226569
"rand1",0.4,71,"SVP (BIC)",0.333333333333333,0.125,0.181818181818182,3,0.0288768458226569
"rand1",0.4,72,"PELT",0.333333333333333,0.125,0.181818181818182,3,0.0305304765538504
"rand1",0.4,72,"SVP",0.5,0.125,0.2,2,0.0508949614972115
"rand1",0.4,72,"SVP (BIC)",0.5,0.125,0.2,2,0.045283205167403
"rand1",0.4,73,"PELT",0.333333333333333,0.125,0.181818181818182,3,0.0297853317574255
"rand1",0.4,73,"SVP",0.5,0.125,0.2,2,0.0461749335457231
"rand1",0.4,73,"SVP (BIC)",0.5,0.125,0.2,2,0.0425789069579186
"rand1",0.4,74,"PELT",0.333333333333333,0.125,0.181818181818182,3,0.022923535274977
"rand1",0.4,74,"SVP",0.5,0.125,0.2,2,0.0447989481695306
"rand1",0.4,74,"SVP (BIC)",0.5,0.125,0.2,2,0.0403898307885482
"rand1",0.4,75,"PELT",0.666666666666667,0.25,0.363636363636364,3,0.037386433128824
"rand1",0.4,75,"SVP",0.5,0.125,0.2,2,0.0416059928855827
"rand1",0.4,75,"SVP (BIC)",0.5,0.125,0.2,2,0.0416059928855827
"rand1",0.4,76,"PELT",0.666666666666667,0.25,0.363636363636364,3,0.0192890886821645
"rand1",0.4,76,"SVP",0.5,0.125,0.2,2,0.0526960696218085
"rand1",0.4,76,"SVP (BIC)",1,0.25,0.4,2,0.0443754736350407
"rand1",0.4,77,"PELT",0.6,0.375,0.461538461538462,5,0.0165341129443082
"rand1",0.4,77,"SVP",0.6,0.375,0.461538461538462,5,0.0165341129443082
"rand1",0.4,77,"SVP (BIC)",0.333333333333333,0.125,0.181818181818182,3,0.0388076952309646
"rand1",0.4,78,"PELT",0.333333333333333,0.125,0.181818181818182,3,0.0462696780244505
"rand1",0.4,78,"SVP",0.333333333333333,0.125,0.181818181818182,3,0.0462696780244505
"rand1",0.4,78,"SVP (BIC)",0.333333333333333,0.125,0.181818181818182,3,0.0462696780244505
"rand1",0.4,79,"PELT",0.666666666666667,0.25,0.363636363636364,3,0.0252571420141782
"rand1",0.4,79,"SVP",0.5,0.125,0.2,2,0.0437399744828815
"rand1",0.4,79,"SVP (BIC)",0.5,0.125,0.2,2,0.043896505910176
"rand1",0.4,80,"PELT",0.333333333333333,0.125,0.181818181818182,3,0.0180510147174575
"rand1",0.4,80,"SVP",0.333333333333333,0.125,0.181818181818182,3,0.0390236109609386
"rand1",0.4,80,"SVP (BIC)",0.5,0.125,0.2,2,0.0388890687149199
"rand1",0.4,81,"PELT",0.4,0.25,0.307692307692308,5,0.0227664144195352
"rand1",0.4,81,"SVP",1,0.25,0.4,2,0.045391843208702
"rand1",0.4,81,"SVP (BIC)",1,0.25,0.4,2,0.045391843208702
"rand1",0.4,82,"PELT",0.666666666666667,0.25,0.363636363636364,3,0.02096324306673
"rand1",0.4,82,"SVP",0.666666666666667,0.25,0.363636363636364,3,0.02096324306673
"rand1",0.4,82,"SVP (BIC)",0.5,0.125,0.2,2,0.038575620584543
"rand1",0.4,83,"PELT",0.333333333333333,0.125,0.181818181818182,3,0.0378997928433671
"rand1",0.4,83,"SVP",0.333333333333333,0.125,0.181818181818182,3,0.0378997928433671
"rand1",0.4,83,"SVP (BIC)",0.5,0.125,0.2,2,0.0404141527589891
"rand1",0.4,84,"PELT",0.666666666666667,0.25,0.363636363636364,3,0.0184743802685356
"rand1",0.4,84,"SVP",0.666666666666667,0.25,0.363636363636364,3,0.0184743802685356
"rand1",0.4,84,"SVP (BIC)",0.5,0.125,0.2,2,0.0417339989970387
"rand1",0.4,85,"PELT",0.666666666666667,0.25,0.363636363636364,3,0.0199400190257337
"rand1",0.4,85,"SVP",1,0.25,0.4,2,0.0383135334708424
"rand1",0.4,85,"SVP (BIC)",1,0.25,0.4,2,0.0383135334708424
"rand1",0.4,86,"PELT",0.4,0.25,0.307692307692308,5,0.0325372841782748
"rand1",0.4,86,"SVP",0.75,0.375,0.5,4,0.0201271605077955
"rand1",0.4,86,"SVP (BIC)",0.333333333333333,0.125,0.181818181818182,3,0.041337359225206
"rand1",0.4,87,"PELT",0.666666666666667,0.25,0.363636363636364,3,0.0193582561900181
"rand1",0.4,87,"SVP",0.5,0.125,0.2,2,0.0409322798895005
"rand1",0.4,87,"SVP (BIC)",0.5,0.125,0.2,2,0.0409322798895005
"rand1",0.4,88,"PELT",0.666666666666667,0.25,0.363636363636364,3,0.024731017844612
"rand1",0.4,88,"SVP",0.5,0.125,0.2,2,0.0490810540349259
"rand1",0.4,88,"SVP (BIC)",0.5,0.125,0.2,2,0.0505143164215466
"rand1",0.4,89,"PELT",0.5,0.25,0.333333333333333,4,0.0451403997469529
"rand1",0.4,89,"SVP",0.5,0.125,0.2,2,0.049244980852405
"rand1",0.4,89,"SVP (BIC)",0.5,0.125,0.2,2,0.0473498308986835
"rand1",0.4,90,"PELT",1,0.25,0.4,2,0.0386247369327518
"rand1",0.4,90,"SVP",1,0.25,0.4,2,0.0386247369327518
"rand1",0.4,90,"SVP (BIC)",1,0.25,0.4,2,0.0386247369327518
"rand1",0.4,91,"PELT",0.666666666666667,0.25,0.363636363636364,3,0.0232917615081136
"rand1",0.4,91,"SVP",0.666666666666667,0.25,0.363636363636364,3,0.0232917615081136
"rand1",0.4,91,"SVP (BIC)",0.666666666666667,0.25,0.363636363636364,3,0.0232917615081136
"rand1",0.4,92,"PELT",0.333333333333333,0.125,0.181818181818182,3,0.0325177075960745
"rand1",0.4,92,"SVP",0.5,0.125,0.2,2,0.0414289269799515
"rand1",0.4,92,"SVP (BIC)",0.5,0.125,0.2,2,0.0414289269799515
"rand1",0.4,93,"PELT",0.666666666666667,0.25,0.363636363636364,3,0.0189387499493114
"rand1",0.4,93,"SVP",0.5,0.125,0.2,2,0.0423581476659669
"rand1",0.4,93,"SVP (BIC)",0.5,0.125,0.2,2,0.0423581476659669
"rand1",0.4,94,"PELT",0.333333333333333,0.125,0.181818181818182,3,0.0203563616577265
"rand1",0.4,94,"SVP",0.333333333333333,0.125,0.181818181818182,3,0.0203563616577265
"rand1",0.4,94,"SVP (BIC)",0.5,0.125,0.2,2,0.0442713242482932
"rand1",0.4,95,"PELT",0.333333333333333,0.125,0.181818181818182,3,0.0217791598857092
"rand1",0.4,95,"SVP",0.5,0.125,0.2,2,0.0462734711685436
"rand1",0.4,95,"SVP (BIC)",0.5,0.125,0.2,2,0.0458116601877691
"rand1",0.4,96,"PELT",0.333333333333333,0.125,0.181818181818182,3,0.0338273274106061
"rand1",0.4,96,"SVP",0.333333333333333,0.125,0.181818181818182,3,0.0338273274106061
"rand1",0.4,96,"SVP (BIC)",0.5,0.125,0.2,2,0.0470336075974023
"rand1",0.4,97,"PELT",0.5,0.125,0.2,2,0.0517114469239982
"rand1",0.4,97,"SVP",0.5,0.125,0.2,2,0.0517114469239982
"rand1",0.4,97,"SVP (BIC)",0.5,0.125,0.2,2,0.0517114469239982
"rand1",0.4,98,"PELT",0.6,0.375,0.461538461538462,5,0.0339913244592179
"rand1",0.4,98,"SVP",0.333333333333333,0.125,0.181818181818182,3,0.0411694498535517
"rand1",0.4,98,"SVP (BIC)",0.5,0.125,0.2,2,0.0473112560535738
"rand1",0.4,99,"PELT",0.666666666666667,0.25,0.363636363636364,3,0.0218907826677641
"rand1",0.4,99,"SVP",0.666666666666667,0.25,0.363636363636364,3,0.0218907826677641
"rand1",0.4,99,"SVP (BIC)",0.5,0.125,0.2,2,0.0494599748329981
"rand1",0.4,100,"PELT",0.333333333333333,0.125,0.181818181818182,3,0.0271855420889467
"rand1",0.4,100,"SVP",0.333333333333333,0.125,0.181818181818182,3,0.0430466658747576
"rand1",0.4,100,"SVP (BIC)",0.5,0.125,0.2,2,0.0465722588756746
"none",0.5,1,"PELT",1,1,1,1,0.000289741956808424
"none",0.5,1,"SVP",1,1,1,1,0.000289741956808424
"none",0.5,1,"SVP (BIC)",1,1,1,1,0.000289741956808424
"none",0.5,2,"PELT",1,1,1,1,0.000307387661297003
"none",0.5,2,"SVP",1,1,1,1,0.000307387661297003
"none",0.5,2,"SVP (BIC)",1,1,1,1,0.000307387661297003
"none",0.5,3,"PELT",1,1,1,1,0.0016732881094627
"none",0.5,3,"SVP",1,1,1,1,0.0016732881094627
"none",0.5,3,"SVP (BIC)",1,1,1,1,0.0016732881094627
"none",0.5,4,"PELT",1,1,1,1,0.000574971018709802
"none",0.5,4,"SVP",1,1,1,1,0.000574971018709802
"none",0.5,4,"SVP (BIC)",1,1,1,1,0.000574971018709802
"none",0.5,5,"PELT",1,1,1,1,0.000381769545809095
"none",0.5,5,"SVP",1,1,1,1,0.000381769545809095
"none",0.5,5,"SVP (BIC)",1,1,1,1,0.000381769545809095
"none",0.5,6,"PELT",1,1,1,1,0.000758305037388604
"none",0.5,6,"SVP",1,1,1,1,0.000758305037388604
"none",0.5,6,"SVP (BIC)",1,1,1,1,0.000758305037388604
"none",0.5,7,"PELT",1,1,1,1,3.76446252925157e-05
"none",0.5,7,"SVP",1,1,1,1,3.76446252925157e-05
"none",0.5,7,"SVP (BIC)",1,1,1,1,3.76446252925157e-05
"none",0.5,8,"PELT",1,1,1,1,0.00218483128029764
"none",0.5,8,"SVP",1,1,1,1,0.00218483128029764
"none",0.5,8,"SVP (BIC)",1,1,1,1,0.00218483128029764
"none",0.5,9,"PELT",1,1,1,1,0.00131123841817038
"none",0.5,9,"SVP",1,1,1,1,0.00131123841817038
"none",0.5,9,"SVP (BIC)",1,1,1,1,0.00131123841817038
"none",0.5,10,"PELT",1,1,1,1,0.00308455559764147
"none",0.5,10,"SVP",1,1,1,1,0.00308455559764147
"none",0.5,10,"SVP (BIC)",1,1,1,1,0.00308455559764147
"none",0.5,11,"PELT",1,1,1,1,0.000634559317013347
"none",0.5,11,"SVP",1,1,1,1,0.000634559317013347
"none",0.5,11,"SVP (BIC)",1,1,1,1,0.000634559317013347
"none",0.5,12,"PELT",1,1,1,1,0.000663219810519973
"none",0.5,12,"SVP",1,1,1,1,0.000663219810519973
"none",0.5,12,"SVP (BIC)",1,1,1,1,0.000663219810519973
"none",0.5,13,"PELT",1,1,1,1,0.00200168151798793
"none",0.5,13,"SVP",1,1,1,1,0.00200168151798793
"none",0.5,13,"SVP (BIC)",1,1,1,1,0.00200168151798793
"none",0.5,14,"PELT",1,1,1,1,5.22893482628241e-05
"none",0.5,14,"SVP",1,1,1,1,5.22893482628241e-05
"none",0.5,14,"SVP (BIC)",1,1,1,1,5.22893482628241e-05
"none",0.5,15,"PELT",1,1,1,1,0.000334147285727718
"none",0.5,15,"SVP",1,1,1,1,0.000334147285727718
"none",0.5,15,"SVP (BIC)",1,1,1,1,0.000334147285727718
"none",0.5,16,"PELT",1,1,1,1,0.00225359514909141
"none",0.5,16,"SVP",1,1,1,1,0.00225359514909141
"none",0.5,16,"SVP (BIC)",1,1,1,1,0.00225359514909141
"none",0.5,17,"PELT",1,1,1,1,0.0010063748711283
"none",0.5,17,"SVP",1,1,1,1,0.0010063748711283
"none",0.5,17,"SVP (BIC)",1,1,1,1,0.0010063748711283
"none",0.5,18,"PELT",1,1,1,1,0.000613824688552982
"none",0.5,18,"SVP",1,1,1,1,0.000613824688552982
"none",0.5,18,"SVP (BIC)",1,1,1,1,0.000613824688552982
"none",0.5,19,"PELT",1,1,1,1,0.00153685587867629
"none",0.5,19,"SVP",1,1,1,1,0.00153685587867629
"none",0.5,19,"SVP (BIC)",1,1,1,1,0.00153685587867629
"none",0.5,20,"PELT",1,1,1,1,3.11822206856725e-06
"none",0.5,20,"SVP",1,1,1,1,3.11822206856725e-06
"none",0.5,20,"SVP (BIC)",1,1,1,1,3.11822206856725e-06
"none",0.5,21,"PELT",1,1,1,1,0.000648017307524662
"none",0.5,21,"SVP",1,1,1,1,0.000648017307524662
"none",0.5,21,"SVP (BIC)",1,1,1,1,0.000648017307524662
"none",0.5,22,"PELT",1,1,1,1,0.000496967965470216
"none",0.5,22,"SVP",1,1,1,1,0.000496967965470216
"none",0.5,22,"SVP (BIC)",1,1,1,1,0.000496967965470216
"none",0.5,23,"PELT",1,1,1,1,0.0027052109201628
"none",0.5,23,"SVP",1,1,1,1,0.0027052109201628
"none",0.5,23,"SVP (BIC)",1,1,1,1,0.0027052109201628
"none",0.5,24,"PELT",1,1,1,1,0.000228661982969939
"none",0.5,24,"SVP",0.5,1,0.666666666666667,2,0.00855959460860045
"none",0.5,24,"SVP (BIC)",1,1,1,1,0.000228661982969939
"none",0.5,25,"PELT",1,1,1,1,0.00291651879340334
"none",0.5,25,"SVP",1,1,1,1,0.00291651879340334
"none",0.5,25,"SVP (BIC)",1,1,1,1,0.00291651879340334
"none",0.5,26,"PELT",1,1,1,1,0.00156231715111356
"none",0.5,26,"SVP",1,1,1,1,0.00156231715111356
"none",0.5,26,"SVP (BIC)",1,1,1,1,0.00156231715111356
"none",0.5,27,"PELT",1,1,1,1,0.00407027413934064
"none",0.5,27,"SVP",1,1,1,1,0.00407027413934064
"none",0.5,27,"SVP (BIC)",1,1,1,1,0.00407027413934064
"none",0.5,28,"PELT",1,1,1,1,0.00293929076105309
"none",0.5,28,"SVP",1,1,1,1,0.00293929076105309
"none",0.5,28,"SVP (BIC)",1,1,1,1,0.00293929076105309
"none",0.5,29,"PELT",1,1,1,1,0.000487096788224194
"none",0.5,29,"SVP",1,1,1,1,0.000487096788224194
"none",0.5,29,"SVP (BIC)",1,1,1,1,0.000487096788224194
"none",0.5,30,"PELT",1,1,1,1,0.000167297584846994
"none",0.5,30,"SVP",1,1,1,1,0.000167297584846994
"none",0.5,30,"SVP (BIC)",1,1,1,1,0.000167297584846994
"none",0.5,31,"PELT",1,1,1,1,0.000545425811788323
"none",0.5,31,"SVP",1,1,1,1,0.000545425811788323
"none",0.5,31,"SVP (BIC)",1,1,1,1,0.000545425811788323
"none",0.5,32,"PELT",1,1,1,1,0.00058838203113885
"none",0.5,32,"SVP",1,1,1,1,0.00058838203113885
"none",0.5,32,"SVP (BIC)",1,1,1,1,0.00058838203113885
"none",0.5,33,"PELT",1,1,1,1,0.000933425825043647
"none",0.5,33,"SVP",1,1,1,1,0.000933425825043647
"none",0.5,33,"SVP (BIC)",1,1,1,1,0.000933425825043647
"none",0.5,34,"PELT",1,1,1,1,1.93826506457423e-05
"none",0.5,34,"SVP",1,1,1,1,1.93826506457423e-05
"none",0.5,34,"SVP (BIC)",1,1,1,1,1.93826506457423e-05
"none",0.5,35,"PELT",1,1,1,1,0.00146620098545433
"none",0.5,35,"SVP",1,1,1,1,0.00146620098545433
"none",0.5,35,"SVP (BIC)",1,1,1,1,0.00146620098545433
"none",0.5,36,"PELT",1,1,1,1,0.000218429651536657
"none",0.5,36,"SVP",1,1,1,1,0.000218429651536657
"none",0.5,36,"SVP (BIC)",1,1,1,1,0.000218429651536657
"none",0.5,37,"PELT",1,1,1,1,0.00711329505579259
"none",0.5,37,"SVP",1,1,1,1,0.00711329505579259
"none",0.5,37,"SVP (BIC)",1,1,1,1,0.00711329505579259
"none",0.5,38,"PELT",1,1,1,1,0.00032068457683619
"none",0.5,38,"SVP",1,1,1,1,0.00032068457683619
"none",0.5,38,"SVP (BIC)",1,1,1,1,0.00032068457683619
"none",0.5,39,"PELT",1,1,1,1,2.93285418476135e-05
"none",0.5,39,"SVP",1,1,1,1,2.93285418476135e-05
"none",0.5,39,"SVP (BIC)",1,1,1,1,2.93285418476135e-05
"none",0.5,40,"PELT",1,1,1,1,0.00223980797576234
"none",0.5,40,"SVP",1,1,1,1,0.00223980797576234
"none",0.5,40,"SVP (BIC)",1,1,1,1,0.00223980797576234
"none",0.5,41,"PELT",1,1,1,1,0.000774770336780679
"none",0.5,41,"SVP",1,1,1,1,0.000774770336780679
"none",0.5,41,"SVP (BIC)",1,1,1,1,0.000774770336780679
"none",0.5,42,"PELT",1,1,1,1,4.9719438531077e-05
"none",0.5,42,"SVP",1,1,1,1,4.9719438531077e-05
"none",0.5,42,"SVP (BIC)",1,1,1,1,4.9719438531077e-05
"none",0.5,43,"PELT",1,1,1,1,6.40430236678548e-05
"none",0.5,43,"SVP",1,1,1,1,6.40430236678548e-05
"none",0.5,43,"SVP (BIC)",1,1,1,1,6.40430236678548e-05
"none",0.5,44,"PELT",1,1,1,1,0.00361042891803792
"none",0.5,44,"SVP",1,1,1,1,0.00361042891803792
"none",0.5,44,"SVP (BIC)",1,1,1,1,0.00361042891803792
"none",0.5,45,"PELT",1,1,1,1,0.00282227636725409
"none",0.5,45,"SVP",1,1,1,1,0.00282227636725409
"none",0.5,45,"SVP (BIC)",1,1,1,1,0.00282227636725409
"none",0.5,46,"PELT",1,1,1,1,0.0013850388654353
"none",0.5,46,"SVP",1,1,1,1,0.0013850388654353
"none",0.5,46,"SVP (BIC)",1,1,1,1,0.0013850388654353
"none",0.5,47,"PELT",1,1,1,1,0.00168487769080013
"none",0.5,47,"SVP",1,1,1,1,0.00168487769080013
"none",0.5,47,"SVP (BIC)",1,1,1,1,0.00168487769080013
"none",0.5,48,"PELT",1,1,1,1,0.000960417793203617
"none",0.5,48,"SVP",1,1,1,1,0.000960417793203617
"none",0.5,48,"SVP (BIC)",1,1,1,1,0.000960417793203617
"none",0.5,49,"PELT",1,1,1,1,0.00178548707057113
"none",0.5,49,"SVP",1,1,1,1,0.00178548707057113
"none",0.5,49,"SVP (BIC)",1,1,1,1,0.00178548707057113
"none",0.5,50,"PELT",1,1,1,1,0.00113993799123449
"none",0.5,50,"SVP",1,1,1,1,0.00113993799123449
"none",0.5,50,"SVP (BIC)",1,1,1,1,0.00113993799123449
"none",0.5,51,"PELT",1,1,1,1,0.000109561482505378
"none",0.5,51,"SVP",1,1,1,1,0.000109561482505378
"none",0.5,51,"SVP (BIC)",1,1,1,1,0.000109561482505378
"none",0.5,52,"PELT",1,1,1,1,0.000142643103726669
"none",0.5,52,"SVP",1,1,1,1,0.000142643103726669
"none",0.5,52,"SVP (BIC)",1,1,1,1,0.000142643103726669
"none",0.5,53,"PELT",1,1,1,1,0.000131037458059044
"none",0.5,53,"SVP",1,1,1,1,0.000131037458059044
"none",0.5,53,"SVP (BIC)",1,1,1,1,0.000131037458059044
"none",0.5,54,"PELT",1,1,1,1,0.000408406167312839
"none",0.5,54,"SVP",1,1,1,1,0.000408406167312839
"none",0.5,54,"SVP (BIC)",1,1,1,1,0.000408406167312839
"none",0.5,55,"PELT",1,1,1,1,9.33564956033455e-05
"none",0.5,55,"SVP",1,1,1,1,9.33564956033455e-05
"none",0.5,55,"SVP (BIC)",1,1,1,1,9.33564956033455e-05
"none",0.5,56,"PELT",1,1,1,1,0.000454492352461018
"none",0.5,56,"SVP",1,1,1,1,0.000454492352461018
"none",0.5,56,"SVP (BIC)",1,1,1,1,0.000454492352461018
"none",0.5,57,"PELT",1,1,1,1,0.00186647021459673
"none",0.5,57,"SVP",1,1,1,1,0.00186647021459673
"none",0.5,57,"SVP (BIC)",1,1,1,1,0.00186647021459673
"none",0.5,58,"PELT",1,1,1,1,0.0048693645382794
"none",0.5,58,"SVP",1,1,1,1,0.0048693645382794
"none",0.5,58,"SVP (BIC)",1,1,1,1,0.0048693645382794
"none",0.5,59,"PELT",1,1,1,1,0.00012344061607435
"none",0.5,59,"SVP",1,1,1,1,0.00012344061607435
"none",0.5,59,"SVP (BIC)",1,1,1,1,0.00012344061607435
"none",0.5,60,"PELT",1,1,1,1,0.00175748077680765
"none",0.5,60,"SVP",1,1,1,1,0.00175748077680765
"none",0.5,60,"SVP (BIC)",1,1,1,1,0.00175748077680765
"none",0.5,61,"PELT",1,1,1,1,0.00037235457168458
"none",0.5,61,"SVP",1,1,1,1,0.00037235457168458
"none",0.5,61,"SVP (BIC)",1,1,1,1,0.00037235457168458
"none",0.5,62,"PELT",1,1,1,1,0.000296570632197882
"none",0.5,62,"SVP",1,1,1,1,0.000296570632197882
"none",0.5,62,"SVP (BIC)",1,1,1,1,0.000296570632197882
"none",0.5,63,"PELT",1,1,1,1,0.000108857923948576
"none",0.5,63,"SVP",1,1,1,1,0.000108857923948576
"none",0.5,63,"SVP (BIC)",1,1,1,1,0.000108857923948576
"none",0.5,64,"PELT",1,1,1,1,0.00247956262011106
"none",0.5,64,"SVP",1,1,1,1,0.00247956262011106
"none",0.5,64,"SVP (BIC)",1,1,1,1,0.00247956262011106
"none",0.5,65,"PELT",1,1,1,1,0.000910583044539334
"none",0.5,65,"SVP",1,1,1,1,0.000910583044539334
"none",0.5,65,"SVP (BIC)",1,1,1,1,0.000910583044539334
"none",0.5,66,"PELT",1,1,1,1,0.000797820405771065
"none",0.5,66,"SVP",1,1,1,1,0.000797820405771065
"none",0.5,66,"SVP (BIC)",1,1,1,1,0.000797820405771065
"none",0.5,67,"PELT",1,1,1,1,0.000175129783343273
"none",0.5,67,"SVP",1,1,1,1,0.000175129783343273
"none",0.5,67,"SVP (BIC)",1,1,1,1,0.000175129783343273
"none",0.5,68,"PELT",1,1,1,1,0.0012325627639156
"none",0.5,68,"SVP",1,1,1,1,0.0012325627639156
"none",0.5,68,"SVP (BIC)",1,1,1,1,0.0012325627639156
"none",0.5,69,"PELT",1,1,1,1,4.47078276193542e-05
"none",0.5,69,"SVP",1,1,1,1,4.47078276193542e-05
"none",0.5,69,"SVP (BIC)",1,1,1,1,4.47078276193542e-05
"none",0.5,70,"PELT",1,1,1,1,0.000929962514989888
"none",0.5,70,"SVP",1,1,1,1,0.000929962514989888
"none",0.5,70,"SVP (BIC)",1,1,1,1,0.000929962514989888
"none",0.5,71,"PELT",1,1,1,1,0.00132510499472988
"none",0.5,71,"SVP",1,1,1,1,0.00132510499472988
"none",0.5,71,"SVP (BIC)",1,1,1,1,0.00132510499472988
"none",0.5,72,"PELT",1,1,1,1,0.0008560321450314
"none",0.5,72,"SVP",1,1,1,1,0.0008560321450314
"none",0.5,72,"SVP (BIC)",1,1,1,1,0.0008560321450314
"none",0.5,73,"PELT",1,1,1,1,0.00112353809760153
"none",0.5,73,"SVP",1,1,1,1,0.00112353809760153
"none",0.5,73,"SVP (BIC)",1,1,1,1,0.00112353809760153
"none",0.5,74,"PELT",1,1,1,1,0.000806297552077446
"none",0.5,74,"SVP",1,1,1,1,0.000806297552077446
"none",0.5,74,"SVP (BIC)",1,1,1,1,0.000806297552077446
"none",0.5,75,"PELT",1,1,1,1,2.23511872757316e-07
"none",0.5,75,"SVP",1,1,1,1,2.23511872757316e-07
"none",0.5,75,"SVP (BIC)",1,1,1,1,2.23511872757316e-07
"none",0.5,76,"PELT",1,1,1,1,0.00350518693656827
"none",0.5,76,"SVP",1,1,1,1,0.00350518693656827
"none",0.5,76,"SVP (BIC)",1,1,1,1,0.00350518693656827
"none",0.5,77,"PELT",1,1,1,1,0.000291837058481562
"none",0.5,77,"SVP",1,1,1,1,0.000291837058481562
"none",0.5,77,"SVP (BIC)",1,1,1,1,0.000291837058481562
"none",0.5,78,"PELT",1,1,1,1,0.00238485945451623
"none",0.5,78,"SVP",1,1,1,1,0.00238485945451623
"none",0.5,78,"SVP (BIC)",1,1,1,1,0.00238485945451623
"none",0.5,79,"PELT",1,1,1,1,0.00106572731196789
"none",0.5,79,"SVP",1,1,1,1,0.00106572731196789
"none",0.5,79,"SVP (BIC)",1,1,1,1,0.00106572731196789
"none",0.5,80,"PELT",1,1,1,1,0.00115633395383754
"none",0.5,80,"SVP",1,1,1,1,0.00115633395383754
"none",0.5,80,"SVP (BIC)",1,1,1,1,0.00115633395383754
"none",0.5,81,"PELT",1,1,1,1,0.000218722439546683
"none",0.5,81,"SVP",1,1,1,1,0.000218722439546683
"none",0.5,81,"SVP (BIC)",1,1,1,1,0.000218722439546683
"none",0.5,82,"PELT",1,1,1,1,0.000626200894602095
"none",0.5,82,"SVP",1,1,1,1,0.000626200894602095
"none",0.5,82,"SVP (BIC)",1,1,1,1,0.000626200894602095
"none",0.5,83,"PELT",1,1,1,1,4.10098989341096e-05
"none",0.5,83,"SVP",1,1,1,1,4.10098989341096e-05
"none",0.5,83,"SVP (BIC)",1,1,1,1,4.10098989341096e-05
"none",0.5,84,"PELT",1,1,1,1,0.000345636850387369
"none",0.5,84,"SVP",1,1,1,1,0.000345636850387369
"none",0.5,84,"SVP (BIC)",1,1,1,1,0.000345636850387369
"none",0.5,85,"PELT",1,1,1,1,0.00165100981451282
"none",0.5,85,"SVP",1,1,1,1,0.00165100981451282
"none",0.5,85,"SVP (BIC)",1,1,1,1,0.00165100981451282
"none",0.5,86,"PELT",1,1,1,1,0.000306199326338221
"none",0.5,86,"SVP",1,1,1,1,0.000306199326338221
"none",0.5,86,"SVP (BIC)",1,1,1,1,0.000306199326338221
"none",0.5,87,"PELT",1,1,1,1,3.59470907798743e-05
"none",0.5,87,"SVP",1,1,1,1,3.59470907798743e-05
"none",0.5,87,"SVP (BIC)",1,1,1,1,3.59470907798743e-05
"none",0.5,88,"PELT",1,1,1,1,0.000946128724066524
"none",0.5,88,"SVP",1,1,1,1,0.000946128724066524
"none",0.5,88,"SVP (BIC)",1,1,1,1,0.000946128724066524
"none",0.5,89,"PELT",1,1,1,1,0.00286113346214355
"none",0.5,89,"SVP",1,1,1,1,0.00286113346214355
"none",0.5,89,"SVP (BIC)",1,1,1,1,0.00286113346214355
"none",0.5,90,"PELT",1,1,1,1,0.000100109778318761
"none",0.5,90,"SVP",1,1,1,1,0.000100109778318761
"none",0.5,90,"SVP (BIC)",1,1,1,1,0.000100109778318761
"none",0.5,91,"PELT",1,1,1,1,0.00190295274577915
"none",0.5,91,"SVP",1,1,1,1,0.00190295274577915
"none",0.5,91,"SVP (BIC)",1,1,1,1,0.00190295274577915
"none",0.5,92,"PELT",1,1,1,1,0.000137749700175186
"none",0.5,92,"SVP",1,1,1,1,0.000137749700175186
"none",0.5,92,"SVP (BIC)",1,1,1,1,0.000137749700175186
"none",0.5,93,"PELT",1,1,1,1,0.00119953790090335
"none",0.5,93,"SVP",1,1,1,1,0.00119953790090335
"none",0.5,93,"SVP (BIC)",1,1,1,1,0.00119953790090335
"none",0.5,94,"PELT",1,1,1,1,0.00430895169589812
"none",0.5,94,"SVP",1,1,1,1,0.00430895169589812
"none",0.5,94,"SVP (BIC)",1,1,1,1,0.00430895169589812
"none",0.5,95,"PELT",1,1,1,1,0.000838314229862506
"none",0.5,95,"SVP",0.5,1,0.666666666666667,2,0.0139672227851867
"none",0.5,95,"SVP (BIC)",1,1,1,1,0.000838314229862506
"none",0.5,96,"PELT",1,1,1,1,0.000826125205498783
"none",0.5,96,"SVP",1,1,1,1,0.000826125205498783
"none",0.5,96,"SVP (BIC)",1,1,1,1,0.000826125205498783
"none",0.5,97,"PELT",1,1,1,1,0.000373524392818621
"none",0.5,97,"SVP",1,1,1,1,0.000373524392818621
"none",0.5,97,"SVP (BIC)",1,1,1,1,0.000373524392818621
"none",0.5,98,"PELT",1,1,1,1,0.000453831057483532
"none",0.5,98,"SVP",1,1,1,1,0.000453831057483532
"none",0.5,98,"SVP (BIC)",1,1,1,1,0.000453831057483532
"none",0.5,99,"PELT",1,1,1,1,0.000662716883423936
"none",0.5,99,"SVP",1,1,1,1,0.000662716883423936
"none",0.5,99,"SVP (BIC)",1,1,1,1,0.000662716883423936
"none",0.5,100,"PELT",1,1,1,1,8.26857929777147e-05
"none",0.5,100,"SVP",1,1,1,1,8.26857929777147e-05
"none",0.5,100,"SVP (BIC)",1,1,1,1,8.26857929777147e-05
"up",0.5,1,"PELT",0.571428571428571,0.5,0.533333333333333,7,0.0283404420292886
"up",0.5,1,"SVP",0.6,0.375,0.461538461538462,5,0.0684398928198274
"up",0.5,1,"SVP (BIC)",0.6,0.375,0.461538461538462,5,0.0684398928198274
"up",0.5,2,"PELT",0.75,0.375,0.5,4,0.0742219914444138
"up",0.5,2,"SVP",0.75,0.375,0.5,4,0.0742219914444138
"up",0.5,2,"SVP (BIC)",0.75,0.375,0.5,4,0.0742219914444138
"up",0.5,3,"PELT",0.6,0.375,0.461538461538462,5,0.0582314639235923
"up",0.5,3,"SVP",0.6,0.375,0.461538461538462,5,0.0582314639235923
"up",0.5,3,"SVP (BIC)",0.5,0.25,0.333333333333333,4,0.0706113130422032
"up",0.5,4,"PELT",0.333333333333333,0.25,0.285714285714286,6,0.0622543869618049
"up",0.5,4,"SVP",0.333333333333333,0.25,0.285714285714286,6,0.0622543869618049
"up",0.5,4,"SVP (BIC)",0.2,0.125,0.153846153846154,5,0.0926035362017823
"up",0.5,5,"PELT",0.4,0.25,0.307692307692308,5,0.0603262759689778
"up",0.5,5,"SVP",0.4,0.25,0.307692307692308,5,0.0603262759689778
"up",0.5,5,"SVP (BIC)",0.5,0.25,0.333333333333333,4,0.096559000195507
"up",0.5,6,"PELT",0.166666666666667,0.125,0.142857142857143,6,0.047566905659752
"up",0.5,6,"SVP",0.6,0.375,0.461538461538462,5,0.0532272475813707
"up",0.5,6,"SVP (BIC)",0.5,0.25,0.333333333333333,4,0.0747460496565352
"up",0.5,7,"PELT",0.166666666666667,0.125,0.142857142857143,6,0.0586494886584717
"up",0.5,7,"SVP",0.2,0.125,0.153846153846154,5,0.0737598888160278
"up",0.5,7,"SVP (BIC)",0.5,0.25,0.333333333333333,4,0.0862764688814876
"up",0.5,8,"PELT",0.428571428571429,0.375,0.4,7,0.037911375737251
"up",0.5,8,"SVP",0.4,0.25,0.307692307692308,5,0.0595122808970821
"up",0.5,8,"SVP (BIC)",0.5,0.25,0.333333333333333,4,0.0787457493735965
"up",0.5,9,"PELT",0.5,0.375,0.428571428571429,6,0.0417443934659002
"up",0.5,9,"SVP",0.4,0.25,0.307692307692308,5,0.0566750600225825
"up",0.5,9,"SVP (BIC)",0.5,0.25,0.333333333333333,4,0.0720727860678812
"up",0.5,10,"PELT",0.166666666666667,0.125,0.142857142857143,6,0.0511118161084801
"up",0.5,10,"SVP",0.2,0.125,0.153846153846154,5,0.071317062615961
"up",0.5,10,"SVP (BIC)",0.5,0.25,0.333333333333333,4,0.0894129464537727
"up",0.5,11,"PELT",0.4,0.25,0.307692307692308,5,0.0667136072042517
"up",0.5,11,"SVP",0.4,0.25,0.307692307692308,5,0.0667136072042517
"up",0.5,11,"SVP (BIC)",0.25,0.125,0.166666666666667,4,0.10427127536893
"up",0.5,12,"PELT",0.5,0.375,0.428571428571429,6,0.0526389014846884
"up",0.5,12,"SVP",0.4,0.25,0.307692307692308,5,0.0741708703087884
"up",0.5,12,"SVP (BIC)",0.6,0.375,0.461538461538462,5,0.0639728652064095
"up",0.5,13,"PELT",0.4,0.25,0.307692307692308,5,0.0546142488496679
"up",0.5,13,"SVP",0.4,0.25,0.307692307692308,5,0.0546142488496679
"up",0.5,13,"SVP (BIC)",0.75,0.375,0.5,4,0.0677101152875307
"up",0.5,14,"PELT",0.5,0.375,0.428571428571429,6,0.0483706962188969
"up",0.5,14,"SVP",0.5,0.375,0.428571428571429,6,0.0483706962188969
"up",0.5,14,"SVP (BIC)",0.6,0.375,0.461538461538462,5,0.0604892611198015
"up",0.5,15,"PELT",0.5,0.375,0.428571428571429,6,0.0459329423405459
"up",0.5,15,"SVP",0.6,0.375,0.461538461538462,5,0.058491065833172
"up",0.5,15,"SVP (BIC)",0.5,0.25,0.333333333333333,4,0.0887451435387123
"up",0.5,16,"PELT",0.166666666666667,0.125,0.142857142857143,6,0.0504251138305963
"up",0.5,16,"SVP",0.25,0.125,0.166666666666667,4,0.0969095844806236
"up",0.5,16,"SVP (BIC)",0.25,0.125,0.166666666666667,4,0.0969095844806236
"up",0.5,17,"PELT",0.4,0.25,0.307692307692308,5,0.0553988720711315
"up",0.5,17,"SVP",0.5,0.25,0.333333333333333,4,0.0749268727067157
"up",0.5,17,"SVP (BIC)",0.5,0.25,0.333333333333333,4,0.0749268727067157
"up",0.5,18,"PELT",0.333333333333333,0.25,0.285714285714286,6,0.0528724486092559
"up",0.5,18,"SVP",0.2,0.125,0.153846153846154,5,0.0633959159874704
"up",0.5,18,"SVP (BIC)",0.25,0.125,0.166666666666667,4,0.0958957210441425
"up",0.5,19,"PELT",0.333333333333333,0.25,0.285714285714286,6,0.0435027476497004
"up",0.5,19,"SVP",0.6,0.375,0.461538461538462,5,0.0559965314143115
"up",0.5,19,"SVP (BIC)",0.75,0.375,0.5,4,0.0709329932955064
"up",0.5,20,"PELT",0.333333333333333,0.25,0.285714285714286,6,0.0649889624678917
"up",0.5,20,"SVP",0.333333333333333,0.25,0.285714285714286,6,0.0649889624678917
"up",0.5,20,"SVP (BIC)",0.25,0.125,0.166666666666667,4,0.121937277692754
"up",0.5,21,"PELT",0.5,0.375,0.428571428571429,6,0.0497510402961285
"up",0.5,21,"SVP",0.6,0.375,0.461538461538462,5,0.0725423931816413
"up",0.5,21,"SVP (BIC)",0.25,0.125,0.166666666666667,4,0.12188753888988
"up",0.5,22,"PELT",0.5,0.375,0.428571428571429,6,0.0410727926568417
"up",0.5,22,"SVP",0.6,0.375,0.461538461538462,5,0.0693967638470123
"up",0.5,22,"SVP (BIC)",0.25,0.125,0.166666666666667,4,0.122396126650654
"up",0.5,23,"PELT",0.5,0.375,0.428571428571429,6,0.0566838316888725
"up",0.5,23,"SVP",0.6,0.375,0.461538461538462,5,0.0700561120658459
"up",0.5,23,"SVP (BIC)",0.6,0.375,0.461538461538462,5,0.0700561120658459
"up",0.5,24,"PELT",0.75,0.375,0.5,4,0.0683992715753108
"up",0.5,24,"SVP",0.75,0.375,0.5,4,0.0683992715753108
"up",0.5,24,"SVP (BIC)",0.75,0.375,0.5,4,0.0683992715753108
"up",0.5,25,"PELT",0.2,0.125,0.153846153846154,5,0.0689021127713406
"up",0.5,25,"SVP",0.2,0.125,0.153846153846154,5,0.0689021127713406
"up",0.5,25,"SVP (BIC)",0.25,0.125,0.166666666666667,4,0.0864932714243807
"up",0.5,26,"PELT",0.4,0.25,0.307692307692308,5,0.0658499746610307
"up",0.5,26,"SVP",0.4,0.25,0.307692307692308,5,0.0658499746610307
"up",0.5,26,"SVP (BIC)",0.5,0.25,0.333333333333333,4,0.0973401984136924
"up",0.5,27,"PELT",0.6,0.375,0.461538461538462,5,0.0622724552844454
"up",0.5,27,"SVP",0.5,0.25,0.333333333333333,4,0.079369626092073
"up",0.5,27,"SVP (BIC)",0.5,0.25,0.333333333333333,4,0.079369626092073
"up",0.5,28,"PELT",0.4,0.25,0.307692307692308,5,0.0806991314638913
"up",0.5,28,"SVP",0.4,0.25,0.307692307692308,5,0.0806991314638913
"up",0.5,28,"SVP (BIC)",0.4,0.25,0.307692307692308,5,0.0806991314638913
"up",0.5,29,"PELT",0.333333333333333,0.25,0.285714285714286,6,0.0622010674133989
"up",0.5,29,"SVP",0.2,0.125,0.153846153846154,5,0.0782761668865092
"up",0.5,29,"SVP (BIC)",0.2,0.125,0.153846153846154,5,0.0782761668865092
"up",0.5,30,"PELT",0.285714285714286,0.25,0.266666666666667,7,0.0312955274263624
"up",0.5,30,"SVP",0.4,0.25,0.307692307692308,5,0.069361553175365
"up",0.5,30,"SVP (BIC)",0.4,0.25,0.307692307692308,5,0.069361553175365
"up",0.5,31,"PELT",0.2,0.125,0.153846153846154,5,0.0809310630040284
"up",0.5,31,"SVP",0.2,0.125,0.153846153846154,5,0.0809310630040284
"up",0.5,31,"SVP (BIC)",0.5,0.25,0.333333333333333,4,0.0884469136488383
"up",0.5,32,"PELT",0.4,0.25,0.307692307692308,5,0.0677780376672097
"up",0.5,32,"SVP",0.5,0.25,0.333333333333333,4,0.0906930466284209
"up",0.5,32,"SVP (BIC)",0.5,0.25,0.333333333333333,4,0.0906930466284209
"up",0.5,33,"PELT",0.333333333333333,0.25,0.285714285714286,6,0.050224441415369
"up",0.5,33,"SVP",0.4,0.25,0.307692307692308,5,0.0695433202401177
"up",0.5,33,"SVP (BIC)",0.5,0.25,0.333333333333333,4,0.0695097864556713
"up",0.5,34,"PELT",0.666666666666667,0.5,0.571428571428572,6,0.0462935013915972
"up",0.5,34,"SVP",0.8,0.5,0.615384615384615,5,0.0605878388291465
"up",0.5,34,"SVP (BIC)",0.25,0.125,0.166666666666667,4,0.113642045629318
"up",0.5,35,"PELT",0.333333333333333,0.25,0.285714285714286,6,0.0527574346309004
"up",0.5,35,"SVP",0.5,0.25,0.333333333333333,4,0.0782724326316199
"up",0.5,35,"SVP (BIC)",0.5,0.25,0.333333333333333,4,0.0816975081471634
"up",0.5,36,"PELT",0.142857142857143,0.125,0.133333333333333,7,0.0457355041594513
"up",0.5,36,"SVP",0.2,0.125,0.153846153846154,5,0.0649031156293274
"up",0.5,36,"SVP (BIC)",0.25,0.125,0.166666666666667,4,0.102254238635137
"up",0.5,37,"PELT",0.5,0.375,0.428571428571429,6,0.0533092854603246
"up",0.5,37,"SVP",0.4,0.25,0.307692307692308,5,0.0684109143213026
"up",0.5,37,"SVP (BIC)",0.6,0.375,0.461538461538462,5,0.0668467295533933
"up",0.5,38,"PELT",0.333333333333333,0.25,0.285714285714286,6,0.0531510035711138
"up",0.5,38,"SVP",0.6,0.375,0.461538461538462,5,0.0714183742728293
"up",0.5,38,"SVP (BIC)",0.4,0.25,0.307692307692308,5,0.0837026934235182
"up",0.5,39,"PELT",0.333333333333333,0.25,0.285714285714286,6,0.0428117645799345
"up",0.5,39,"SVP",0.4,0.25,0.307692307692308,5,0.0589553360517283
"up",0.5,39,"SVP (BIC)",0.25,0.125,0.166666666666667,4,0.0731134169689051
"up",0.5,40,"PELT",0.833333333333333,0.625,0.714285714285714,6,0.0489230328148989
"up",0.5,40,"SVP",0.8,0.5,0.615384615384615,5,0.0601124064497514
"up",0.5,40,"SVP (BIC)",0.8,0.5,0.615384615384615,5,0.0628220253450728
"up",0.5,41,"PELT",0.333333333333333,0.25,0.285714285714286,6,0.0506146263111661
"up",0.5,41,"SVP",0.6,0.375,0.461538461538462,5,0.064365456508454
"up",0.5,41,"SVP (BIC)",0.5,0.25,0.333333333333333,4,0.0799225365276038
"up",0.5,42,"PELT",0.4,0.25,0.307692307692308,5,0.0656320975457538
"up",0.5,42,"SVP",0.4,0.25,0.307692307692308,5,0.0656320975457538
"up",0.5,42,"SVP (BIC)",0.5,0.25,0.333333333333333,4,0.0758478960403705
"up",0.5,43,"PELT",0.6,0.375,0.461538461538462,5,0.061798149609403
"up",0.5,43,"SVP",0.5,0.25,0.333333333333333,4,0.077807970161217
"up",0.5,43,"SVP (BIC)",0.5,0.25,0.333333333333333,4,0.0741126774784001
"up",0.5,44,"PELT",0.2,0.125,0.153846153846154,5,0.0625608679976035
"up",0.5,44,"SVP",0.25,0.125,0.166666666666667,4,0.0791771205665286
"up",0.5,44,"SVP (BIC)",0.25,0.125,0.166666666666667,4,0.0950552549480693
"up",0.5,45,"PELT",0.5,0.375,0.428571428571429,6,0.0525856581125483
"up",0.5,45,"SVP",0.5,0.25,0.333333333333333,4,0.106471288944676
"up",0.5,45,"SVP (BIC)",0.5,0.25,0.333333333333333,4,0.088366534758269
"up",0.5,46,"PELT",0.5,0.375,0.428571428571429,6,0.0453384496163045
"up",0.5,46,"SVP",0.4,0.25,0.307692307692308,5,0.0618643656701684
"up",0.5,46,"SVP (BIC)",0.25,0.125,0.166666666666667,4,0.0895551868414222
"up",0.5,47,"PELT",0.428571428571429,0.375,0.4,7,0.0439921321803157
"up",0.5,47,"SVP",0.6,0.375,0.461538461538462,5,0.07222043744808
"up",0.5,47,"SVP (BIC)",0.25,0.125,0.166666666666667,4,0.095560951071483
"up",0.5,48,"PELT",0.4,0.25,0.307692307692308,5,0.0601309674356573
"up",0.5,48,"SVP",0.4,0.25,0.307692307692308,5,0.0601309674356573
"up",0.5,48,"SVP (BIC)",0.25,0.125,0.166666666666667,4,0.111407596812241
"up",0.5,49,"PELT",0.666666666666667,0.5,0.571428571428572,6,0.0367270165042236
"up",0.5,49,"SVP",0.666666666666667,0.5,0.571428571428572,6,0.0367270165042236
"up",0.5,49,"SVP (BIC)",1,0.5,0.666666666666667,4,0.0635551334707709
"up",0.5,50,"PELT",0.2,0.125,0.153846153846154,5,0.0741307778255537
"up",0.5,50,"SVP",0.2,0.125,0.153846153846154,5,0.0741307778255537
"up",0.5,50,"SVP (BIC)",0.25,0.125,0.166666666666667,4,0.110480671006923
"up",0.5,51,"PELT",0.6,0.375,0.461538461538462,5,0.0826077915281964
"up",0.5,51,"SVP",0.6,0.375,0.461538461538462,5,0.0826077915281964
"up",0.5,51,"SVP (BIC)",1,0.5,0.666666666666667,4,0.101960521614138
"up",0.5,52,"PELT",1,0.5,0.666666666666667,4,0.0713711506780343
"up",0.5,52,"SVP",1,0.5,0.666666666666667,4,0.0713711506780343
"up",0.5,52,"SVP (BIC)",1,0.5,0.666666666666667,4,0.0713711506780343
"up",0.5,53,"PELT",0.6,0.375,0.461538461538462,5,0.0644148103817264
"up",0.5,53,"SVP",0.6,0.375,0.461538461538462,5,0.0644148103817264
"up",0.5,53,"SVP (BIC)",0.25,0.125,0.166666666666667,4,0.125643543038039
"up",0.5,54,"PELT",0.166666666666667,0.125,0.142857142857143,6,0.0523092985663685
"up",0.5,54,"SVP",0.25,0.125,0.166666666666667,4,0.102083606380958
"up",0.5,54,"SVP (BIC)",0.5,0.25,0.333333333333333,4,0.0794796630314837
"up",0.5,55,"PELT",0.5,0.375,0.428571428571429,6,0.0469647262170705
"up",0.5,55,"SVP",0.4,0.25,0.307692307692308,5,0.069239120712483
"up",0.5,55,"SVP (BIC)",0.25,0.125,0.166666666666667,4,0.0928977060267455
"up",0.5,56,"PELT",0.8,0.5,0.615384615384615,5,0.0515582768423931
"up",0.5,56,"SVP",0.5,0.25,0.333333333333333,4,0.0811147943856736
"up",0.5,56,"SVP (BIC)",0.5,0.25,0.333333333333333,4,0.0811147943856736
"up",0.5,57,"PELT",0.2,0.125,0.153846153846154,5,0.0722066058376053
"up",0.5,57,"SVP",0.2,0.125,0.153846153846154,5,0.0722066058376053
"up",0.5,57,"SVP (BIC)",0.5,0.25,0.333333333333333,4,0.0996931047741512
"up",0.5,58,"PELT",0.2,0.125,0.153846153846154,5,0.0695821988266609
"up",0.5,58,"SVP",0.25,0.125,0.166666666666667,4,0.104602839722391
"up",0.5,58,"SVP (BIC)",0.25,0.125,0.166666666666667,4,0.105302905885149
"up",0.5,59,"PELT",0.333333333333333,0.25,0.285714285714286,6,0.0576399973286499
"up",0.5,59,"SVP",0.2,0.125,0.153846153846154,5,0.0736070310489981
"up",0.5,59,"SVP (BIC)",0.25,0.125,0.166666666666667,4,0.098111251684437
"up",0.5,60,"PELT",0.4,0.25,0.307692307692308,5,0.0629586628380933
"up",0.5,60,"SVP",0.4,0.25,0.307692307692308,5,0.0629586628380933
"up",0.5,60,"SVP (BIC)",0.25,0.125,0.166666666666667,4,0.115896521885795
"up",0.5,61,"PELT",0.5,0.375,0.428571428571429,6,0.0404896032331551
"up",0.5,61,"SVP",0.6,0.375,0.461538461538462,5,0.0526571846191446
"up",0.5,61,"SVP (BIC)",0.5,0.25,0.333333333333333,4,0.104016929741841
"up",0.5,62,"PELT",0.5,0.375,0.428571428571429,6,0.0468052133097862
"up",0.5,62,"SVP",0.6,0.375,0.461538461538462,5,0.0565431285417261
"up",0.5,62,"SVP (BIC)",0.25,0.125,0.166666666666667,4,0.105286714108851
"up",0.5,63,"PELT",0.4,0.25,0.307692307692308,5,0.0650512752991965
"up",0.5,63,"SVP",0.4,0.25,0.307692307692308,5,0.0650512752991965
"up",0.5,63,"SVP (BIC)",0.5,0.25,0.333333333333333,4,0.102692783116383
"up",0.5,64,"PELT",0.5,0.25,0.333333333333333,4,0.0766288372810889
"up",0.5,64,"SVP",0.5,0.25,0.333333333333333,4,0.0766288372810889
"up",0.5,64,"SVP (BIC)",0.5,0.25,0.333333333333333,4,0.0766288372810889
"up",0.5,65,"PELT",0.166666666666667,0.125,0.142857142857143,6,0.0560674834323066
"up",0.5,65,"SVP",0.2,0.125,0.153846153846154,5,0.0675829127186796
"up",0.5,65,"SVP (BIC)",0.25,0.125,0.166666666666667,4,0.0865172888393778
"up",0.5,66,"PELT",0.4,0.25,0.307692307692308,5,0.0586868519056635
"up",0.5,66,"SVP",0.4,0.25,0.307692307692308,5,0.0586868519056635
"up",0.5,66,"SVP (BIC)",0.4,0.25,0.307692307692308,5,0.0586868519056635
"up",0.5,67,"PELT",0.4,0.25,0.307692307692308,5,0.0681357701320976
"up",0.5,67,"SVP",0.4,0.25,0.307692307692308,5,0.0681357701320976
"up",0.5,67,"SVP (BIC)",0.5,0.25,0.333333333333333,4,0.0890372342591332
"up",0.5,68,"PELT",0.333333333333333,0.25,0.285714285714286,6,0.05618666457071
"up",0.5,68,"SVP",0.5,0.25,0.333333333333333,4,0.0985133994356334
"up",0.5,68,"SVP (BIC)",0.5,0.25,0.333333333333333,4,0.0985133994356334
"up",0.5,69,"PELT",0.6,0.375,0.461538461538462,5,0.0662611839271072
"up",0.5,69,"SVP",0.5,0.25,0.333333333333333,4,0.102361198857554
"up",0.5,69,"SVP (BIC)",0.5,0.25,0.333333333333333,4,0.102361198857554
"up",0.5,70,"PELT",0.4,0.25,0.307692307692308,5,0.0561466843174888
"up",0.5,70,"SVP",0.5,0.25,0.333333333333333,4,0.0718015820900267
"up",0.5,70,"SVP (BIC)",0.5,0.25,0.333333333333333,4,0.0718015820900267
"up",0.5,71,"PELT",0.6,0.375,0.461538461538462,5,0.0613074514569296
"up",0.5,71,"SVP",0.25,0.125,0.166666666666667,4,0.0934195539891667
"up",0.5,71,"SVP (BIC)",0.25,0.125,0.166666666666667,4,0.0934195539891667
"up",0.5,72,"PELT",0.333333333333333,0.25,0.285714285714286,6,0.0497046214818267
"up",0.5,72,"SVP",0.2,0.125,0.153846153846154,5,0.0696838739804752
"up",0.5,72,"SVP (BIC)",0.2,0.125,0.153846153846154,5,0.0696838739804752
"up",0.5,73,"PELT",0.5,0.375,0.428571428571429,6,0.0569497067354498
"up",0.5,73,"SVP",0.6,0.375,0.461538461538462,5,0.0700561245120977
"up",0.5,73,"SVP (BIC)",0.75,0.375,0.5,4,0.0828503328532311
"up",0.5,74,"PELT",0.4,0.25,0.307692307692308,5,0.0556926521858382
"up",0.5,74,"SVP",0.25,0.125,0.166666666666667,4,0.0811705052132262
"up",0.5,74,"SVP (BIC)",0.25,0.125,0.166666666666667,4,0.0811705052132262
"up",0.5,75,"PELT",0.4,0.25,0.307692307692308,5,0.072437390882321
"up",0.5,75,"SVP",0.5,0.25,0.333333333333333,4,0.0959655579275604
"up",0.5,75,"SVP (BIC)",0.5,0.25,0.333333333333333,4,0.0959655579275604
"up",0.5,76,"PELT",0.666666666666667,0.5,0.571428571428572,6,0.0435547202615062
"up",0.5,76,"SVP",0.6,0.375,0.461538461538462,5,0.0598298369971739
"up",0.5,76,"SVP (BIC)",0.6,0.375,0.461538461538462,5,0.0598298369971739
"up",0.5,77,"PELT",0.2,0.125,0.153846153846154,5,0.0605222128008212
"up",0.5,77,"SVP",0.2,0.125,0.153846153846154,5,0.0650284637981258
"up",0.5,77,"SVP (BIC)",0.25,0.125,0.166666666666667,4,0.0897263660489335
"up",0.5,78,"PELT",0.5,0.375,0.428571428571429,6,0.0541501629535579
"up",0.5,78,"SVP",0.4,0.25,0.307692307692308,5,0.0766725787309404
"up",0.5,78,"SVP (BIC)",0.5,0.25,0.333333333333333,4,0.107180296399166
"up",0.5,79,"PELT",0.166666666666667,0.125,0.142857142857143,6,0.0548203657695678
"up",0.5,79,"SVP",0.2,0.125,0.153846153846154,5,0.0683922807446532
"up",0.5,79,"SVP (BIC)",0.25,0.125,0.166666666666667,4,0.11756846438334
"up",0.5,80,"PELT",0.333333333333333,0.25,0.285714285714286,6,0.0671907461409899
"up",0.5,80,"SVP",0.4,0.25,0.307692307692308,5,0.0720313474029358
"up",0.5,80,"SVP (BIC)",0.25,0.125,0.166666666666667,4,0.0944742127541922
"up",0.5,81,"PELT",0.4,0.25,0.307692307692308,5,0.0631743533811904
"up",0.5,81,"SVP",0.4,0.25,0.307692307692308,5,0.0631743533811904
"up",0.5,81,"SVP (BIC)",0.25,0.125,0.166666666666667,4,0.101437929856365
"up",0.5,82,"PELT",0.166666666666667,0.125,0.142857142857143,6,0.0482441576362696
"up",0.5,82,"SVP",0.4,0.25,0.307692307692308,5,0.0586153359399436
"up",0.5,82,"SVP (BIC)",0.5,0.25,0.333333333333333,4,0.0806085621849824
"up",0.5,83,"PELT",0.4,0.25,0.307692307692308,5,0.0596400260782598
"up",0.5,83,"SVP",0.5,0.25,0.333333333333333,4,0.0828717646690321
"up",0.5,83,"SVP (BIC)",0.5,0.25,0.333333333333333,4,0.0700876067993527
"up",0.5,84,"PELT",0.6,0.375,0.461538461538462,5,0.0636265077233539
"up",0.5,84,"SVP",0.5,0.25,0.333333333333333,4,0.0816643404328158
"up",0.5,84,"SVP (BIC)",0.5,0.25,0.333333333333333,4,0.0816643404328158
"up",0.5,85,"PELT",0.2,0.125,0.153846153846154,5,0.05966492334827
"up",0.5,85,"SVP",0.2,0.125,0.153846153846154,5,0.05966492334827
"up",0.5,85,"SVP (BIC)",0.2,0.125,0.153846153846154,5,0.05966492334827
"up",0.5,86,"PELT",0.333333333333333,0.25,0.285714285714286,6,0.0512347699380574
"up",0.5,86,"SVP",0.25,0.125,0.166666666666667,4,0.0888618554401028
"up",0.5,86,"SVP (BIC)",0.25,0.125,0.166666666666667,4,0.0932775527307747
"up",0.5,87,"PELT",0.5,0.375,0.428571428571429,6,0.0499968922758533
"up",0.5,87,"SVP",0.4,0.25,0.307692307692308,5,0.0687714595563697
"up",0.5,87,"SVP (BIC)",0.5,0.25,0.333333333333333,4,0.110052309980342
"up",0.5,88,"PELT",0.5,0.375,0.428571428571429,6,0.0399827245071791
"up",0.5,88,"SVP",0.6,0.375,0.461538461538462,5,0.0561708251380403
"up",0.5,88,"SVP (BIC)",0.25,0.125,0.166666666666667,4,0.0754498116951712
"up",0.5,89,"PELT",0.333333333333333,0.25,0.285714285714286,6,0.0453561803705325
"up",0.5,89,"SVP",0.2,0.125,0.153846153846154,5,0.0670459253159926
"up",0.5,89,"SVP (BIC)",0.5,0.25,0.333333333333333,4,0.0740325034806671
"up",0.5,90,"PELT",0.166666666666667,0.125,0.142857142857143,6,0.0497817946582294
"up",0.5,90,"SVP",0.4,0.25,0.307692307692308,5,0.0734174187609195
"up",0.5,90,"SVP (BIC)",0.25,0.125,0.166666666666667,4,0.0772511905178783
"up",0.5,91,"PELT",0.4,0.25,0.307692307692308,5,0.0649212830144559
"up",0.5,91,"SVP",0.4,0.25,0.307692307692308,5,0.0649212830144559
"up",0.5,91,"SVP (BIC)",0.5,0.25,0.333333333333333,4,0.0893033686916023
"up",0.5,92,"PELT",0.333333333333333,0.25,0.285714285714286,6,0.0540831614733155
"up",0.5,92,"SVP",0.75,0.375,0.5,4,0.0844675636826222
"up",0.5,92,"SVP (BIC)",0.75,0.375,0.5,4,0.0844675636826222
"up",0.5,93,"PELT",0.6,0.375,0.461538461538462,5,0.055284594512126
"up",0.5,93,"SVP",0.6,0.375,0.461538461538462,5,0.055284594512126
"up",0.5,93,"SVP (BIC)",0.5,0.25,0.333333333333333,4,0.0750153476000883
"up",0.5,94,"PELT",0.375,0.375,0.375,8,0.0530719922980577
"up",0.5,94,"SVP",0.333333333333333,0.25,0.285714285714286,6,0.0542150645601374
"up",0.5,94,"SVP (BIC)",0.25,0.125,0.166666666666667,4,0.119208026869681
"up",0.5,95,"PELT",0.2,0.125,0.153846153846154,5,0.069127850998786
"up",0.5,95,"SVP",0.25,0.125,0.166666666666667,4,0.0940548524506838
"up",0.5,95,"SVP (BIC)",0.25,0.125,0.166666666666667,4,0.0940548524506838
"up",0.5,96,"PELT",0.166666666666667,0.125,0.142857142857143,6,0.0469221060156429
"up",0.5,96,"SVP",0.6,0.375,0.461538461538462,5,0.0561287956790444
"up",0.5,96,"SVP (BIC)",0.6,0.375,0.461538461538462,5,0.0561287956790444
"up",0.5,97,"PELT",0.142857142857143,0.125,0.133333333333333,7,0.0761285818373268
"up",0.5,97,"SVP",0.166666666666667,0.125,0.142857142857143,6,0.0754667044518572
"up",0.5,97,"SVP (BIC)",0.25,0.125,0.166666666666667,4,0.0961215165938733
"up",0.5,98,"PELT",0.6,0.375,0.461538461538462,5,0.0584612537990341
"up",0.5,98,"SVP",0.6,0.375,0.461538461538462,5,0.0584612537990341
"up",0.5,98,"SVP (BIC)",0.5,0.25,0.333333333333333,4,0.0887033036912466
"up",0.5,99,"PELT",0.333333333333333,0.25,0.285714285714286,6,0.0435987147614892
"up",0.5,99,"SVP",0.4,0.25,0.307692307692308,5,0.057782559758289
"up",0.5,99,"SVP (BIC)",0.5,0.25,0.333333333333333,4,0.0760602001807425
"up",0.5,100,"PELT",1,0.625,0.769230769230769,5,0.0579686075493287
"up",0.5,100,"SVP",1,0.625,0.769230769230769,5,0.0579686075493287
"up",0.5,100,"SVP (BIC)",1,0.625,0.769230769230769,5,0.0579686075493287
"updown",0.5,1,"PELT",0.5,0.125,0.2,2,0.061196370394836
"updown",0.5,1,"SVP",0.5,0.125,0.2,2,0.061196370394836
"updown",0.5,1,"SVP (BIC)",1,0.125,0.222222222222222,1,0.066657730660648
"updown",0.5,2,"PELT",1,0.25,0.4,2,0.0554354333058864
"updown",0.5,2,"SVP",1,0.25,0.4,2,0.0554354333058864
"updown",0.5,2,"SVP (BIC)",1,0.25,0.4,2,0.0554354333058864
"updown",0.5,3,"PELT",0.5,0.125,0.2,2,0.0568423588772614
"updown",0.5,3,"SVP",0.5,0.125,0.2,2,0.0568423588772614
"updown",0.5,3,"SVP (BIC)",1,0.125,0.222222222222222,1,0.0625853528561091
"updown",0.5,4,"PELT",1,0.125,0.222222222222222,1,0.0651939716571286
"updown",0.5,4,"SVP",0.5,0.125,0.2,2,0.0665499682538783
"updown",0.5,4,"SVP (BIC)",1,0.125,0.222222222222222,1,0.0651939716571286
"updown",0.5,5,"PELT",0.25,0.125,0.166666666666667,4,0.065004985068759
"updown",0.5,5,"SVP",0.5,0.125,0.2,2,0.0624327814793636
"updown",0.5,5,"SVP (BIC)",1,0.125,0.222222222222222,1,0.0629687931705795
"updown",0.5,6,"PELT",0.666666666666667,0.25,0.363636363636364,3,0.0732124552794831
"updown",0.5,6,"SVP",0.666666666666667,0.25,0.363636363636364,3,0.0732124552794831
"updown",0.5,6,"SVP (BIC)",0.5,0.125,0.2,2,0.0597984392956237
"updown",0.5,7,"PELT",0.333333333333333,0.25,0.285714285714286,6,0.049817163494023
"updown",0.5,7,"SVP",0.25,0.125,0.166666666666667,4,0.0656682319988024
"updown",0.5,7,"SVP (BIC)",0.5,0.125,0.2,2,0.0605036833950369
"updown",0.5,8,"PELT",1,0.125,0.222222222222222,1,0.0637113865040778
"updown",0.5,8,"SVP",1,0.125,0.222222222222222,1,0.0637113865040778
"updown",0.5,8,"SVP (BIC)",1,0.125,0.222222222222222,1,0.0637113865040778
"updown",0.5,9,"PELT",0.5,0.125,0.2,2,0.0622778773318379
"updown",0.5,9,"SVP",0.5,0.125,0.2,2,0.0622778773318379
"updown",0.5,9,"SVP (BIC)",0.5,0.125,0.2,2,0.0622778773318379
"updown",0.5,10,"PELT",0.375,0.375,0.375,8,0.0286172845682361
"updown",0.5,10,"SVP",0.5,0.125,0.2,2,0.0607515477191477
"updown",0.5,10,"SVP (BIC)",1,0.125,0.222222222222222,1,0.0625200493532444
"updown",0.5,11,"PELT",1,0.125,0.222222222222222,1,0.0625993257344305
"updown",0.5,11,"SVP",0.5,0.125,0.2,2,0.0650788578432393
"updown",0.5,11,"SVP (BIC)",1,0.125,0.222222222222222,1,0.0625993257344305
"updown",0.5,12,"PELT",0.5,0.125,0.2,2,0.0597939493665303
"updown",0.5,12,"SVP",0.5,0.125,0.2,2,0.0597939493665303
"updown",0.5,12,"SVP (BIC)",1,0.125,0.222222222222222,1,0.0646005435919493
"updown",0.5,13,"PELT",0.25,0.125,0.166666666666667,4,0.0728611236613873
"updown",0.5,13,"SVP",0.5,0.125,0.2,2,0.0595025089007417
"updown",0.5,13,"SVP (BIC)",0.5,0.125,0.2,2,0.0595025089007417
"updown",0.5,14,"PELT",1,0.125,0.222222222222222,1,0.062934829892167
"updown",0.5,14,"SVP",0.333333333333333,0.125,0.181818181818182,3,0.0804954460052968
"updown",0.5,14,"SVP (BIC)",1,0.125,0.222222222222222,1,0.062934829892167
"updown",0.5,15,"PELT",0.333333333333333,0.25,0.285714285714286,6,0.0549713392388954
"updown",0.5,15,"SVP",0.333333333333333,0.125,0.181818181818182,3,0.0661610127386788
"updown",0.5,15,"SVP (BIC)",0.5,0.125,0.2,2,0.068406344108586
"updown",0.5,16,"PELT",1,0.125,0.222222222222222,1,0.0626378422771163
"updown",0.5,16,"SVP",0.5,0.125,0.2,2,0.0594110898623629
"updown",0.5,16,"SVP (BIC)",1,0.125,0.222222222222222,1,0.0626378422771163
"updown",0.5,17,"PELT",1,0.25,0.4,2,0.0545005770228855
"updown",0.5,17,"SVP",0.666666666666667,0.25,0.363636363636364,3,0.0525857321357372
"updown",0.5,17,"SVP (BIC)",1,0.125,0.222222222222222,1,0.0626456390214084
"updown",0.5,18,"PELT",0.5,0.5,0.5,8,0.0373240068649166
"updown",0.5,18,"SVP",0.333333333333333,0.125,0.181818181818182,3,0.0642016194292867
"updown",0.5,18,"SVP (BIC)",1,0.125,0.222222222222222,1,0.0691957108532997
"updown",0.5,19,"PELT",0.5,0.25,0.333333333333333,4,0.0540802437622199
"updown",0.5,19,"SVP",0.5,0.125,0.2,2,0.0591478856693517
"updown",0.5,19,"SVP (BIC)",1,0.125,0.222222222222222,1,0.0633639665554077
"updown",0.5,20,"PELT",0.333333333333333,0.25,0.285714285714286,6,0.0509182877365177
"updown",0.5,20,"SVP",0.25,0.125,0.166666666666667,4,0.0554242737209967
"updown",0.5,20,"SVP (BIC)",0.5,0.125,0.2,2,0.0564572127374311
"updown",0.5,21,"PELT",1,0.125,0.222222222222222,1,0.0626307519693591
"updown",0.5,21,"SVP",0.5,0.125,0.2,2,0.0597131863626547
"updown",0.5,21,"SVP (BIC)",1,0.125,0.222222222222222,1,0.0626307519693591
"updown",0.5,22,"PELT",0.2,0.125,0.153846153846154,5,0.0650986041656798
"updown",0.5,22,"SVP",0.666666666666667,0.25,0.363636363636364,3,0.0608787223028962
"updown",0.5,22,"SVP (BIC)",0.5,0.125,0.2,2,0.0655480075901367
"updown",0.5,23,"PELT",1,0.25,0.4,2,0.0583396234645448
"updown",0.5,23,"SVP",0.5,0.125,0.2,2,0.0594355692926605
"updown",0.5,23,"SVP (BIC)",1,0.25,0.4,2,0.0583396234645448
"updown",0.5,24,"PELT",0.333333333333333,0.125,0.181818181818182,3,0.0846040346810304
"updown",0.5,24,"SVP",0.5,0.125,0.2,2,0.0585432399478471
"updown",0.5,24,"SVP (BIC)",1,0.125,0.222222222222222,1,0.0628035994056135
"updown",0.5,25,"PELT",0.25,0.125,0.166666666666667,4,0.050321385973552
"updown",0.5,25,"SVP",1,0.25,0.4,2,0.0537104882011691
"updown",0.5,25,"SVP (BIC)",1,0.125,0.222222222222222,1,0.0625188907028527
"updown",0.5,26,"PELT",0.5,0.125,0.2,2,0.0579203581223367
"updown",0.5,26,"SVP",0.333333333333333,0.125,0.181818181818182,3,0.0602618598898731
"updown",0.5,26,"SVP (BIC)",1,0.125,0.222222222222222,1,0.0631267527127742
"updown",0.5,27,"PELT",1,0.125,0.222222222222222,1,0.0626194146137644
"updown",0.5,27,"SVP",0.5,0.125,0.2,2,0.0637611676214332
"updown",0.5,27,"SVP (BIC)",1,0.125,0.222222222222222,1,0.0626194146137644
"updown",0.5,28,"PELT",1,0.125,0.222222222222222,1,0.0654129944487258
"updown",0.5,28,"SVP",1,0.125,0.222222222222222,1,0.0654129944487258
"updown",0.5,28,"SVP (BIC)",1,0.125,0.222222222222222,1,0.0654129944487258
"updown",0.5,29,"PELT",0.5,0.25,0.333333333333333,4,0.0495590319222728
"updown",0.5,29,"SVP",0.5,0.125,0.2,2,0.0656305709515687
"updown",0.5,29,"SVP (BIC)",1,0.125,0.222222222222222,1,0.066698841817162
"updown",0.5,30,"PELT",0.8,0.5,0.615384615384615,5,0.04202763430482
"updown",0.5,30,"SVP",0.333333333333333,0.125,0.181818181818182,3,0.0618276795020484
"updown",0.5,30,"SVP (BIC)",1,0.125,0.222222222222222,1,0.0625071985964663
"updown",0.5,31,"PELT",0.5,0.125,0.2,2,0.0582154605744465
"updown",0.5,31,"SVP",1,0.125,0.222222222222222,1,0.062501299167667
"updown",0.5,31,"SVP (BIC)",1,0.125,0.222222222222222,1,0.062501299167667
"updown",0.5,32,"PELT",0.5,0.375,0.428571428571429,6,0.0390711187780761
"updown",0.5,32,"SVP",0.5,0.25,0.333333333333333,4,0.0499985586308584
"updown",0.5,32,"SVP (BIC)",0.5,0.125,0.2,2,0.0618812978497363
"updown",0.5,33,"PELT",0.4,0.25,0.307692307692308,5,0.0483780419327456
"updown",0.5,33,"SVP",0.666666666666667,0.25,0.363636363636364,3,0.0545053116921638
"updown",0.5,33,"SVP (BIC)",1,0.125,0.222222222222222,1,0.0625063407897503
"updown",0.5,34,"PELT",1,0.125,0.222222222222222,1,0.0629194027988703
"updown",0.5,34,"SVP",1,0.125,0.222222222222222,1,0.0629194027988703
"updown",0.5,34,"SVP (BIC)",1,0.125,0.222222222222222,1,0.0629194027988703
"updown",0.5,35,"PELT",0.5,0.25,0.333333333333333,4,0.0538852949692826
"updown",0.5,35,"SVP",0.5,0.125,0.2,2,0.0682958838256368
"updown",0.5,35,"SVP (BIC)",0.5,0.125,0.2,2,0.0697269874892056
"updown",0.5,36,"PELT",1,0.25,0.4,2,0.0592485253213568
"updown",0.5,36,"SVP",1,0.25,0.4,2,0.0592485253213568
"updown",0.5,36,"SVP (BIC)",1,0.25,0.4,2,0.0592485253213568
"updown",0.5,37,"PELT",0.625,0.625,0.625,8,0.0328130470628632
"updown",0.5,37,"SVP",0.25,0.125,0.166666666666667,4,0.0524602830841243
"updown",0.5,37,"SVP (BIC)",0.5,0.125,0.2,2,0.0573668178796373
"updown",0.5,38,"PELT",0.5,0.125,0.2,2,0.059418681828185
"updown",0.5,38,"SVP",1,0.125,0.222222222222222,1,0.0629122423067249
"updown",0.5,38,"SVP (BIC)",1,0.125,0.222222222222222,1,0.0629122423067249
"updown",0.5,39,"PELT",0.375,0.375,0.375,8,0.0507123314912925
"updown",0.5,39,"SVP",0.5,0.25,0.333333333333333,4,0.0728375201081974
"updown",0.5,39,"SVP (BIC)",1,0.25,0.4,2,0.0609212542355648
"updown",0.5,40,"PELT",0.5,0.375,0.428571428571429,6,0.0367739715458983
"updown",0.5,40,"SVP",0.333333333333333,0.125,0.181818181818182,3,0.0601998493415538
"updown",0.5,40,"SVP (BIC)",0.5,0.125,0.2,2,0.0570778096511787
"updown",0.5,41,"PELT",1,0.25,0.4,2,0.0551259177446022
"updown",0.5,41,"SVP",1,0.125,0.222222222222222,1,0.0629306005511631
"updown",0.5,41,"SVP (BIC)",1,0.125,0.222222222222222,1,0.0629306005511631
"updown",0.5,42,"PELT",0.5,0.125,0.2,2,0.0620199223190972
"updown",0.5,42,"SVP",0.5,0.125,0.2,2,0.0620199223190972
"updown",0.5,42,"SVP (BIC)",1,0.125,0.222222222222222,1,0.0655447173833115
"updown",0.5,43,"PELT",1,0.125,0.222222222222222,1,0.0629070571997917
"updown",0.5,43,"SVP",0.5,0.125,0.2,2,0.0570441361918151
"updown",0.5,43,"SVP (BIC)",1,0.125,0.222222222222222,1,0.0629070571997917
"updown",0.5,44,"PELT",1,0.125,0.222222222222222,1,0.0627183520910039
"updown",0.5,44,"SVP",0.5,0.125,0.2,2,0.0630788908490425
"updown",0.5,44,"SVP (BIC)",1,0.125,0.222222222222222,1,0.0627183520910039
"updown",0.5,45,"PELT",0.666666666666667,0.5,0.571428571428572,6,0.0372072240274969
"updown",0.5,45,"SVP",0.5,0.125,0.2,2,0.0623761609445037
"updown",0.5,45,"SVP (BIC)",1,0.125,0.222222222222222,1,0.0631316418643463
"updown",0.5,46,"PELT",1,0.125,0.222222222222222,1,0.0626045337058473
"updown",0.5,46,"SVP",1,0.125,0.222222222222222,1,0.0626045337058473
"updown",0.5,46,"SVP (BIC)",1,0.125,0.222222222222222,1,0.0626045337058473
"updown",0.5,47,"PELT",0.25,0.25,0.25,8,0.024078129228087
"updown",0.5,47,"SVP",0.5,0.125,0.2,2,0.060996502971621
"updown",0.5,47,"SVP (BIC)",0.5,0.125,0.2,2,0.0586445562731455
"updown",0.5,48,"PELT",0.333333333333333,0.25,0.285714285714286,6,0.0640159055202233
"updown",0.5,48,"SVP",1,0.375,0.545454545454545,3,0.0543657220114954
"updown",0.5,48,"SVP (BIC)",1,0.25,0.4,2,0.0625775282095121
"updown",0.5,49,"PELT",0.666666666666667,0.25,0.363636363636364,3,0.0606462148715098
"updown",0.5,49,"SVP",0.5,0.125,0.2,2,0.0636116706286727
"updown",0.5,49,"SVP (BIC)",0.5,0.125,0.2,2,0.0615250489518133
"updown",0.5,50,"PELT",1,0.125,0.222222222222222,1,0.0636145977941267
"updown",0.5,50,"SVP",0.5,0.125,0.2,2,0.0552529405601365
"updown",0.5,50,"SVP (BIC)",1,0.125,0.222222222222222,1,0.0636145977941267
"updown",0.5,51,"PELT",0.5,0.5,0.5,8,0.0262103484284139
"updown",0.5,51,"SVP",0.25,0.125,0.166666666666667,4,0.0744202695008235
"updown",0.5,51,"SVP (BIC)",1,0.125,0.222222222222222,1,0.0627884634188568
"updown",0.5,52,"PELT",0.5,0.25,0.333333333333333,4,0.0591979069096407
"updown",0.5,52,"SVP",0.5,0.125,0.2,2,0.0569534037251555
"updown",0.5,52,"SVP (BIC)",1,0.125,0.222222222222222,1,0.063525036071326
"updown",0.5,53,"PELT",1,0.125,0.222222222222222,1,0.062500031134102
"updown",0.5,53,"SVP",1,0.125,0.222222222222222,1,0.062500031134102
"updown",0.5,53,"SVP (BIC)",1,0.125,0.222222222222222,1,0.062500031134102
"updown",0.5,54,"PELT",1,0.125,0.222222222222222,1,0.063119301053668
"updown",0.5,54,"SVP",0.5,0.125,0.2,2,0.0570200643679577
"updown",0.5,54,"SVP (BIC)",1,0.125,0.222222222222222,1,0.063119301053668
"updown",0.5,55,"PELT",0.428571428571429,0.375,0.4,7,0.0691505013107395
"updown",0.5,55,"SVP",1,0.125,0.222222222222222,1,0.0626301047664008
"updown",0.5,55,"SVP (BIC)",1,0.125,0.222222222222222,1,0.0626301047664008
"updown",0.5,56,"PELT",0.25,0.25,0.25,8,0.0461620341470278
"updown",0.5,56,"SVP",0.25,0.125,0.166666666666667,4,0.0691768058096479
"updown",0.5,56,"SVP (BIC)",0.5,0.125,0.2,2,0.0552004249202545
"updown",0.5,57,"PELT",0.25,0.125,0.166666666666667,4,0.0667582507903979
"updown",0.5,57,"SVP",1,0.25,0.4,2,0.0663756719117626
"updown",0.5,57,"SVP (BIC)",1,0.125,0.222222222222222,1,0.065369553630136
"updown",0.5,58,"PELT",0.285714285714286,0.25,0.266666666666667,7,0.052687951541512
"updown",0.5,58,"SVP",0.333333333333333,0.125,0.181818181818182,3,0.0654400425466987
"updown",0.5,58,"SVP (BIC)",0.5,0.125,0.2,2,0.0611623380188676
"updown",0.5,59,"PELT",0.5,0.125,0.2,2,0.0566917015566201
"updown",0.5,59,"SVP",1,0.125,0.222222222222222,1,0.0625025778647773
"updown",0.5,59,"SVP (BIC)",1,0.125,0.222222222222222,1,0.0625025778647773
"updown",0.5,60,"PELT",0.166666666666667,0.125,0.142857142857143,6,0.0581749720019178
"updown",0.5,60,"SVP",0.333333333333333,0.125,0.181818181818182,3,0.0587183774143311
"updown",0.5,60,"SVP (BIC)",1,0.125,0.222222222222222,1,0.0627016035231577
"updown",0.5,61,"PELT",0.428571428571429,0.375,0.4,7,0.0398135049418463
"updown",0.5,61,"SVP",0.5,0.125,0.2,2,0.0633394075214113
"updown",0.5,61,"SVP (BIC)",1,0.125,0.222222222222222,1,0.0635644532798699
"updown",0.5,62,"PELT",0.5,0.25,0.333333333333333,4,0.064043757426288
"updown",0.5,62,"SVP",0.333333333333333,0.125,0.181818181818182,3,0.0648025876603277
"updown",0.5,62,"SVP (BIC)",1,0.125,0.222222222222222,1,0.0660975680966579
"updown",0.5,63,"PELT",0.4,0.25,0.307692307692308,5,0.0496599461811036
"updown",0.5,63,"SVP",0.333333333333333,0.125,0.181818181818182,3,0.0551889700129156
"updown",0.5,63,"SVP (BIC)",1,0.125,0.222222222222222,1,0.0627648622132785
"updown",0.5,64,"PELT",0.333333333333333,0.125,0.181818181818182,3,0.0631092173302216
"updown",0.5,64,"SVP",0.5,0.125,0.2,2,0.0623780862792407
"updown",0.5,64,"SVP (BIC)",1,0.125,0.222222222222222,1,0.0645850552663905
"updown",0.5,65,"PELT",0.25,0.125,0.166666666666667,4,0.0628821446498532
"updown",0.5,65,"SVP",0.25,0.125,0.166666666666667,4,0.0632864346262319
"updown",0.5,65,"SVP (BIC)",0.5,0.125,0.2,2,0.0569301999072034
"updown",0.5,66,"PELT",0.75,0.375,0.5,4,0.0537533810356354
"updown",0.5,66,"SVP",0.666666666666667,0.25,0.363636363636364,3,0.0612773507989264
"updown",0.5,66,"SVP (BIC)",0.5,0.125,0.2,2,0.0590368911822938
"updown",0.5,67,"PELT",1,0.125,0.222222222222222,1,0.0625048423926327
"updown",0.5,67,"SVP",1,0.125,0.222222222222222,1,0.0625048423926327
"updown",0.5,67,"SVP (BIC)",1,0.125,0.222222222222222,1,0.0625048423926327
"updown",0.5,68,"PELT",0.375,0.375,0.375,8,0.0330732770264287
"updown",0.5,68,"SVP",0.333333333333333,0.125,0.181818181818182,3,0.0609651135897897
"updown",0.5,68,"SVP (BIC)",1,0.125,0.222222222222222,1,0.0627494431998222
"updown",0.5,69,"PELT",0.5,0.25,0.333333333333333,4,0.0659658724339445
"updown",0.5,69,"SVP",0.666666666666667,0.25,0.363636363636364,3,0.0718601511831559
"updown",0.5,69,"SVP (BIC)",0.5,0.125,0.2,2,0.0590242939716719
"updown",0.5,70,"PELT",1,0.125,0.222222222222222,1,0.0631982275244221
"updown",0.5,70,"SVP",0.5,0.125,0.2,2,0.0567904395909259
"updown",0.5,70,"SVP (BIC)",1,0.125,0.222222222222222,1,0.0631982275244221
"updown",0.5,71,"PELT",0.333333333333333,0.125,0.181818181818182,3,0.0554626473130072
"updown",0.5,71,"SVP",0.5,0.125,0.2,2,0.0630332242744581
"updown",0.5,71,"SVP (BIC)",1,0.125,0.222222222222222,1,0.0625118370685259
"updown",0.5,72,"PELT",1,0.125,0.222222222222222,1,0.062801784327973
"updown",0.5,72,"SVP",1,0.125,0.222222222222222,1,0.062801784327973
"updown",0.5,72,"SVP (BIC)",1,0.125,0.222222222222222,1,0.062801784327973
"updown",0.5,73,"PELT",0.5,0.375,0.428571428571429,6,0.041850210869122
"updown",0.5,73,"SVP",0.5,0.25,0.333333333333333,4,0.0519928799047943
"updown",0.5,73,"SVP (BIC)",0.5,0.125,0.2,2,0.0557812717689713
"updown",0.5,74,"PELT",0.666666666666667,0.5,0.571428571428572,6,0.0316168425830571
"updown",0.5,74,"SVP",0.666666666666667,0.25,0.363636363636364,3,0.059215501877162
"updown",0.5,74,"SVP (BIC)",1,0.125,0.222222222222222,1,0.0628758140186805
"updown",0.5,75,"PELT",0.5,0.125,0.2,2,0.0664167411241963
"updown",0.5,75,"SVP",0.5,0.125,0.2,2,0.0664167411241963
"updown",0.5,75,"SVP (BIC)",0.5,0.125,0.2,2,0.0664167411241963
"updown",0.5,76,"PELT",0.4,0.25,0.307692307692308,5,0.067235522874268
"updown",0.5,76,"SVP",0.5,0.125,0.2,2,0.0658110096050597
"updown",0.5,76,"SVP (BIC)",0.5,0.125,0.2,2,0.0648657213310093
"updown",0.5,77,"PELT",0.166666666666667,0.125,0.142857142857143,6,0.0574953227620207
"updown",0.5,77,"SVP",0.5,0.125,0.2,2,0.0648283822557122
"updown",0.5,77,"SVP (BIC)",1,0.125,0.222222222222222,1,0.0654304471416015
"updown",0.5,78,"PELT",0.666666666666667,0.25,0.363636363636364,3,0.0739500360840355
"updown",0.5,78,"SVP",0.666666666666667,0.25,0.363636363636364,3,0.0739500360840355
"updown",0.5,78,"SVP (BIC)",0.5,0.125,0.2,2,0.0603970894743898
"updown",0.5,79,"PELT",0.5,0.125,0.2,2,0.0557757120640412
"updown",0.5,79,"SVP",1,0.125,0.222222222222222,1,0.0632594448200272
"updown",0.5,79,"SVP (BIC)",1,0.125,0.222222222222222,1,0.0632594448200272
"updown",0.5,80,"PELT",0.571428571428571,0.5,0.533333333333333,7,0.0476941904751736
"updown",0.5,80,"SVP",0.4,0.25,0.307692307692308,5,0.069191220315106
"updown",0.5,80,"SVP (BIC)",0.5,0.125,0.2,2,0.065270287256155
"updown",0.5,81,"PELT",1,0.125,0.222222222222222,1,0.0633923003472334
"updown",0.5,81,"SVP",1,0.125,0.222222222222222,1,0.0633923003472334
"updown",0.5,81,"SVP (BIC)",1,0.125,0.222222222222222,1,0.0633923003472334
"updown",0.5,82,"PELT",0.333333333333333,0.125,0.181818181818182,3,0.0537627968284358
"updown",0.5,82,"SVP",0.5,0.125,0.2,2,0.0632816607725296
"updown",0.5,82,"SVP (BIC)",0.5,0.125,0.2,2,0.0598493704383355
"updown",0.5,83,"PELT",1,0.125,0.222222222222222,1,0.0625251945318707
"updown",0.5,83,"SVP",1,0.125,0.222222222222222,1,0.0625251945318707
"updown",0.5,83,"SVP (BIC)",1,0.125,0.222222222222222,1,0.0625251945318707
"updown",0.5,84,"PELT",1,0.125,0.222222222222222,1,0.0625057668550689
"updown",0.5,84,"SVP",1,0.125,0.222222222222222,1,0.0625057668550689
"updown",0.5,84,"SVP (BIC)",1,0.125,0.222222222222222,1,0.0625057668550689
"updown",0.5,85,"PELT",0.333333333333333,0.25,0.285714285714286,6,0.0578283407276672
"updown",0.5,85,"SVP",0.25,0.125,0.166666666666667,4,0.0628551165404426
"updown",0.5,85,"SVP (BIC)",0.5,0.125,0.2,2,0.0586128221837703
"updown",0.5,86,"PELT",0.25,0.25,0.25,8,0.0270283873577752
"updown",0.5,86,"SVP",0.5,0.125,0.2,2,0.0616649434826985
"updown",0.5,86,"SVP (BIC)",1,0.125,0.222222222222222,1,0.0625352485707161
"updown",0.5,87,"PELT",0.5,0.5,0.5,8,0.0182430954197232
"updown",0.5,87,"SVP",1,0.125,0.222222222222222,1,0.0633503741607516
"updown",0.5,87,"SVP (BIC)",1,0.125,0.222222222222222,1,0.0633503741607516
"updown",0.5,88,"PELT",0.5,0.125,0.2,2,0.0593822588300413
"updown",0.5,88,"SVP",0.5,0.125,0.2,2,0.0593822588300413
"updown",0.5,88,"SVP (BIC)",1,0.125,0.222222222222222,1,0.0631846337102209
"updown",0.5,89,"PELT",1,0.125,0.222222222222222,1,0.0653556816350682
"updown",0.5,89,"SVP",1,0.125,0.222222222222222,1,0.0653556816350682
"updown",0.5,89,"SVP (BIC)",1,0.125,0.222222222222222,1,0.0653556816350682
"updown",0.5,90,"PELT",0.333333333333333,0.125,0.181818181818182,3,0.0694570121137207
"updown",0.5,90,"SVP",0.333333333333333,0.125,0.181818181818182,3,0.0694570121137207
"updown",0.5,90,"SVP (BIC)",0.5,0.125,0.2,2,0.0596434242660444
"updown",0.5,91,"PELT",1,0.125,0.222222222222222,1,0.0644628854810647
"updown",0.5,91,"SVP",1,0.125,0.222222222222222,1,0.0644628854810647
"updown",0.5,91,"SVP (BIC)",1,0.125,0.222222222222222,1,0.0644628854810647
"updown",0.5,92,"PELT",1,0.125,0.222222222222222,1,0.0629215109086477
"updown",0.5,92,"SVP",0.5,0.125,0.2,2,0.0593797937056864
"updown",0.5,92,"SVP (BIC)",1,0.125,0.222222222222222,1,0.0629215109086477
"updown",0.5,93,"PELT",1,0.125,0.222222222222222,1,0.0626127545250735
"updown",0.5,93,"SVP",1,0.25,0.4,2,0.0657963332610266
"updown",0.5,93,"SVP (BIC)",1,0.125,0.222222222222222,1,0.0626127545250735
"updown",0.5,94,"PELT",1,0.125,0.222222222222222,1,0.0625806468229066
"updown",0.5,94,"SVP",1,0.125,0.222222222222222,1,0.0625806468229066
"updown",0.5,94,"SVP (BIC)",1,0.125,0.222222222222222,1,0.0625806468229066
"updown",0.5,95,"PELT",1,0.25,0.4,2,0.0574336967241354
"updown",0.5,95,"SVP",0.666666666666667,0.25,0.363636363636364,3,0.058935981733196
"updown",0.5,95,"SVP (BIC)",1,0.125,0.222222222222222,1,0.0625360275126385
"updown",0.5,96,"PELT",1,0.125,0.222222222222222,1,0.0627913799276404
"updown",0.5,96,"SVP",1,0.125,0.222222222222222,1,0.0627913799276404
"updown",0.5,96,"SVP (BIC)",1,0.125,0.222222222222222,1,0.0627913799276404
"updown",0.5,97,"PELT",1,0.125,0.222222222222222,1,0.0631626990734408
"updown",0.5,97,"SVP",0.5,0.125,0.2,2,0.0624389379375643
"updown",0.5,97,"SVP (BIC)",1,0.125,0.222222222222222,1,0.0631626990734408
"updown",0.5,98,"PELT",1,0.125,0.222222222222222,1,0.0630328354847168
"updown",0.5,98,"SVP",1,0.125,0.222222222222222,1,0.0630328354847168
"updown",0.5,98,"SVP (BIC)",1,0.125,0.222222222222222,1,0.0630328354847168
"updown",0.5,99,"PELT",0.5,0.25,0.333333333333333,4,0.0579182355923615
"updown",0.5,99,"SVP",0.5,0.125,0.2,2,0.056502182788857
"updown",0.5,99,"SVP (BIC)",1,0.125,0.222222222222222,1,0.0629963690892398
"updown",0.5,100,"PELT",0.666666666666667,0.25,0.363636363636364,3,0.0568861957917241
"updown",0.5,100,"SVP",0.5,0.125,0.2,2,0.060327562604464
"updown",0.5,100,"SVP (BIC)",0.5,0.125,0.2,2,0.0597979469985708
"rand1",0.5,1,"PELT",1,0.625,0.769230769230769,5,0.00651995643182994
"rand1",0.5,1,"SVP",0.75,0.375,0.5,4,0.0213733010832536
"rand1",0.5,1,"SVP (BIC)",0.5,0.125,0.2,2,0.0612076162451579
"rand1",0.5,2,"PELT",0.666666666666667,0.25,0.363636363636364,3,0.030658847383604
"rand1",0.5,2,"SVP",0.5,0.125,0.2,2,0.0696250206276526
"rand1",0.5,2,"SVP (BIC)",1,0.25,0.4,2,0.0662788922738873
"rand1",0.5,3,"PELT",0.75,0.375,0.5,4,0.046053973799754
"rand1",0.5,3,"SVP",0.75,0.375,0.5,4,0.046053973799754
"rand1",0.5,3,"SVP (BIC)",1,0.375,0.545454545454545,3,0.0300948739067739
"rand1",0.5,4,"PELT",0.666666666666667,0.25,0.363636363636364,3,0.0335879226078363
"rand1",0.5,4,"SVP",0.666666666666667,0.25,0.363636363636364,3,0.0335879226078363
"rand1",0.5,4,"SVP (BIC)",0.666666666666667,0.25,0.363636363636364,3,0.0335879226078363
"rand1",0.5,5,"PELT",0.6,0.375,0.461538461538462,5,0.0167289665711045
"rand1",0.5,5,"SVP",0.25,0.125,0.166666666666667,4,0.0276384343199411
"rand1",0.5,5,"SVP (BIC)",0.333333333333333,0.125,0.181818181818182,3,0.0687878218253308
"rand1",0.5,6,"PELT",0.4,0.25,0.307692307692308,5,0.0291096393578945
"rand1",0.5,6,"SVP",0.333333333333333,0.125,0.181818181818182,3,0.0727803880873318
"rand1",0.5,6,"SVP (BIC)",0.666666666666667,0.25,0.363636363636364,3,0.0609189849611077
"rand1",0.5,7,"PELT",0.666666666666667,0.25,0.363636363636364,3,0.0383605983200647
"rand1",0.5,7,"SVP",0.333333333333333,0.125,0.181818181818182,3,0.0616555630006754
"rand1",0.5,7,"SVP (BIC)",0.5,0.125,0.2,2,0.0662889117799119
"rand1",0.5,8,"PELT",1,0.375,0.545454545454545,3,0.0272548888326993
"rand1",0.5,8,"SVP",0.75,0.375,0.5,4,0.0272864178542907
"rand1",0.5,8,"SVP (BIC)",1,0.375,0.545454545454545,3,0.0272548888326993
"rand1",0.5,9,"PELT",0.8,0.5,0.615384615384615,5,0.0189781152982749
"rand1",0.5,9,"SVP",0.75,0.375,0.5,4,0.0269768918951426
"rand1",0.5,9,"SVP (BIC)",0.75,0.375,0.5,4,0.0260577765250708
"rand1",0.5,10,"PELT",0.2,0.125,0.153846153846154,5,0.0309966810183122
"rand1",0.5,10,"SVP",0.25,0.125,0.166666666666667,4,0.0356917568577426
"rand1",0.5,10,"SVP (BIC)",0.333333333333333,0.125,0.181818181818182,3,0.074995000854128
"rand1",0.5,11,"PELT",0.666666666666667,0.25,0.363636363636364,3,0.0298412102476883
"rand1",0.5,11,"SVP",0.5,0.25,0.333333333333333,4,0.0329448117798012
"rand1",0.5,11,"SVP (BIC)",0.666666666666667,0.25,0.363636363636364,3,0.0298412102476883
"rand1",0.5,12,"PELT",0.333333333333333,0.125,0.181818181818182,3,0.0294624919649927
"rand1",0.5,12,"SVP",0.333333333333333,0.125,0.181818181818182,3,0.0294624919649927
"rand1",0.5,12,"SVP (BIC)",0.333333333333333,0.125,0.181818181818182,3,0.0294624919649927
"rand1",0.5,13,"PELT",0.8,0.5,0.615384615384615,5,0.0122792231568692
"rand1",0.5,13,"SVP",0.333333333333333,0.125,0.181818181818182,3,0.0604527491476985
"rand1",0.5,13,"SVP (BIC)",0.5,0.125,0.2,2,0.0671557342591721
"rand1",0.5,14,"PELT",1,0.375,0.545454545454545,3,0.0276487170428276
"rand1",0.5,14,"SVP",0.75,0.375,0.5,4,0.0323917627183613
"rand1",0.5,14,"SVP (BIC)",0.5,0.125,0.2,2,0.0638467697622676
"rand1",0.5,15,"PELT",0.8,0.5,0.615384615384615,5,0.015779521279297
"rand1",0.5,15,"SVP",0.333333333333333,0.125,0.181818181818182,3,0.0828942346271528
"rand1",0.5,15,"SVP (BIC)",0.5,0.125,0.2,2,0.0668837479899325
"rand1",0.5,16,"PELT",0.6,0.375,0.461538461538462,5,0.0238976975958515
"rand1",0.5,16,"SVP",0.25,0.125,0.166666666666667,4,0.0386289906470161
"rand1",0.5,16,"SVP (BIC)",0.666666666666667,0.25,0.363636363636364,3,0.0579663948082268
"rand1",0.5,17,"PELT",0.6,0.375,0.461538461538462,5,0.0286767242508755
"rand1",0.5,17,"SVP",0.75,0.375,0.5,4,0.0317011853624787
"rand1",0.5,17,"SVP (BIC)",1,0.25,0.4,2,0.0648430171131108
"rand1",0.5,18,"PELT",1,0.375,0.545454545454545,3,0.0258522380848586
"rand1",0.5,18,"SVP",0.5,0.25,0.333333333333333,4,0.0305484280121862
"rand1",0.5,18,"SVP (BIC)",1,0.375,0.545454545454545,3,0.0258522380848586
"rand1",0.5,19,"PELT",1,0.375,0.545454545454545,3,0.0266645549957807
"rand1",0.5,19,"SVP",0.5,0.125,0.2,2,0.0612564283860223
"rand1",0.5,19,"SVP (BIC)",1,0.25,0.4,2,0.0598960840058688
"rand1",0.5,20,"PELT",0.4,0.25,0.307692307692308,5,0.0186753166746849
"rand1",0.5,20,"SVP",0.4,0.25,0.307692307692308,5,0.0290224159589921
"rand1",0.5,20,"SVP (BIC)",0.5,0.125,0.2,2,0.0629716948328899
"rand1",0.5,21,"PELT",0.8,0.5,0.615384615384615,5,0.0141010421828209
"rand1",0.5,21,"SVP",0.75,0.375,0.5,4,0.0222237974308383
"rand1",0.5,21,"SVP (BIC)",0.666666666666667,0.25,0.363636363636364,3,0.0650276217485867
"rand1",0.5,22,"PELT",1,0.375,0.545454545454545,3,0.0307667216276262
"rand1",0.5,22,"SVP",0.5,0.25,0.333333333333333,4,0.0343914480722597
"rand1",0.5,22,"SVP (BIC)",1,0.375,0.545454545454545,3,0.0307667216276262
"rand1",0.5,23,"PELT",1,0.625,0.769230769230769,5,0.0150340382627011
"rand1",0.5,23,"SVP",0.333333333333333,0.125,0.181818181818182,3,0.0709293411269104
"rand1",0.5,23,"SVP (BIC)",0.5,0.125,0.2,2,0.0690932796467963
"rand1",0.5,24,"PELT",0.5,0.25,0.333333333333333,4,0.0253661699060425
"rand1",0.5,24,"SVP",0.5,0.25,0.333333333333333,4,0.0253661699060425
"rand1",0.5,24,"SVP (BIC)",0.5,0.125,0.2,2,0.0756488489985366
"rand1",0.5,25,"PELT",0.666666666666667,0.25,0.363636363636364,3,0.0326627706564422
"rand1",0.5,25,"SVP",0.75,0.375,0.5,4,0.0281038447892268
"rand1",0.5,25,"SVP (BIC)",0.666666666666667,0.25,0.363636363636364,3,0.0326627706564422
"rand1",0.5,26,"PELT",0.2,0.125,0.153846153846154,5,0.0301563097171498
"rand1",0.5,26,"SVP",0.25,0.125,0.166666666666667,4,0.0274194026548688
"rand1",0.5,26,"SVP (BIC)",0.25,0.125,0.166666666666667,4,0.0272958311546731
"rand1",0.5,27,"PELT",0.666666666666667,0.25,0.363636363636364,3,0.0304515313791198
"rand1",0.5,27,"SVP",0.666666666666667,0.25,0.363636363636364,3,0.0589085666967328
"rand1",0.5,27,"SVP (BIC)",1,0.25,0.4,2,0.0614492942506675
"rand1",0.5,28,"PELT",1,0.375,0.545454545454545,3,0.0447773098609186
"rand1",0.5,28,"SVP",0.75,0.375,0.5,4,0.0402944716116007
"rand1",0.5,28,"SVP (BIC)",1,0.375,0.545454545454545,3,0.0447773098609186
"rand1",0.5,29,"PELT",0.6,0.375,0.461538461538462,5,0.0136904997995676
"rand1",0.5,29,"SVP",0.6,0.375,0.461538461538462,5,0.0326138263559897
"rand1",0.5,29,"SVP (BIC)",0.75,0.375,0.5,4,0.0252730345779239
"rand1",0.5,30,"PELT",0.666666666666667,0.25,0.363636363636364,3,0.0410577222005514
"rand1",0.5,30,"SVP",0.666666666666667,0.25,0.363636363636364,3,0.0410577222005514
"rand1",0.5,30,"SVP (BIC)",0.5,0.125,0.2,2,0.0694889121546967
"rand1",0.5,31,"PELT",0.6,0.375,0.461538461538462,5,0.0206152287225937
"rand1",0.5,31,"SVP",0.6,0.375,0.461538461538462,5,0.0206152287225937
"rand1",0.5,31,"SVP (BIC)",0.5,0.25,0.333333333333333,4,0.0325210833364748
"rand1",0.5,32,"PELT",0.4,0.25,0.307692307692308,5,0.0223197196950595
"rand1",0.5,32,"SVP",0.5,0.25,0.333333333333333,4,0.02802614787163
"rand1",0.5,32,"SVP (BIC)",0.5,0.25,0.333333333333333,4,0.02802614787163
"rand1",0.5,33,"PELT",0.6,0.375,0.461538461538462,5,0.0110126422127826
"rand1",0.5,33,"SVP",0.666666666666667,0.25,0.363636363636364,3,0.0612660624387056
"rand1",0.5,33,"SVP (BIC)",0.5,0.125,0.2,2,0.0630637958346178
"rand1",0.5,34,"PELT",0.666666666666667,0.25,0.363636363636364,3,0.0276933726014684
"rand1",0.5,34,"SVP",0.5,0.25,0.333333333333333,4,0.0252755969004939
"rand1",0.5,34,"SVP (BIC)",0.5,0.125,0.2,2,0.06385735866285
"rand1",0.5,35,"PELT",0.4,0.25,0.307692307692308,5,0.0177067054044828
"rand1",0.5,35,"SVP",0.666666666666667,0.25,0.363636363636364,3,0.0670407142894517
"rand1",0.5,35,"SVP (BIC)",1,0.25,0.4,2,0.0673141120696294
"rand1",0.5,36,"PELT",0.6,0.375,0.461538461538462,5,0.0119946695216284
"rand1",0.5,36,"SVP",0.5,0.25,0.333333333333333,4,0.0247462951623415
"rand1",0.5,36,"SVP (BIC)",0.5,0.25,0.333333333333333,4,0.0250099391587242
"rand1",0.5,37,"PELT",0.6,0.375,0.461538461538462,5,0.0241084271199817
"rand1",0.5,37,"SVP",0.6,0.375,0.461538461538462,5,0.0241084271199817
"rand1",0.5,37,"SVP (BIC)",0.333333333333333,0.125,0.181818181818182,3,0.0644397186123268
"rand1",0.5,38,"PELT",0.666666666666667,0.25,0.363636363636364,3,0.0293792652437676
"rand1",0.5,38,"SVP",0.5,0.25,0.333333333333333,4,0.0342370065325569
"rand1",0.5,38,"SVP (BIC)",0.666666666666667,0.25,0.363636363636364,3,0.0293792652437676
"rand1",0.5,39,"PELT",0.666666666666667,0.25,0.363636363636364,3,0.0350202528895097
"rand1",0.5,39,"SVP",0.666666666666667,0.25,0.363636363636364,3,0.0350202528895097
"rand1",0.5,39,"SVP (BIC)",0.5,0.125,0.2,2,0.0742933599439505
"rand1",0.5,40,"PELT",0.333333333333333,0.125,0.181818181818182,3,0.0342849666959453
"rand1",0.5,40,"SVP",0.333333333333333,0.125,0.181818181818182,3,0.0342849666959453
"rand1",0.5,40,"SVP (BIC)",0.333333333333333,0.125,0.181818181818182,3,0.0342849666959453
"rand1",0.5,41,"PELT",0.8,0.5,0.615384615384615,5,0.0217872448341504
"rand1",0.5,41,"SVP",0.5,0.25,0.333333333333333,4,0.0435721906491112
"rand1",0.5,41,"SVP (BIC)",0.333333333333333,0.125,0.181818181818182,3,0.0575994183927304
"rand1",0.5,42,"PELT",0.333333333333333,0.125,0.181818181818182,3,0.0357932628290707
"rand1",0.5,42,"SVP",0.5,0.25,0.333333333333333,4,0.0268286318365407
"rand1",0.5,42,"SVP (BIC)",0.333333333333333,0.125,0.181818181818182,3,0.0357932628290707
"rand1",0.5,43,"PELT",0.666666666666667,0.25,0.363636363636364,3,0.0304584702123467
"rand1",0.5,43,"SVP",0.5,0.25,0.333333333333333,4,0.0268058821241842
"rand1",0.5,43,"SVP (BIC)",0.666666666666667,0.25,0.363636363636364,3,0.0304584702123467
"rand1",0.5,44,"PELT",0.333333333333333,0.125,0.181818181818182,3,0.0317044869257716
"rand1",0.5,44,"SVP",0.333333333333333,0.125,0.181818181818182,3,0.0317044869257716
"rand1",0.5,44,"SVP (BIC)",0.333333333333333,0.125,0.181818181818182,3,0.0317044869257716
"rand1",0.5,45,"PELT",0.6,0.375,0.461538461538462,5,0.0150802353232687
"rand1",0.5,45,"SVP",0.6,0.375,0.461538461538462,5,0.0150802353232687
"rand1",0.5,45,"SVP (BIC)",0.333333333333333,0.125,0.181818181818182,3,0.0615062575585061
"rand1",0.5,46,"PELT",0.333333333333333,0.125,0.181818181818182,3,0.0474892405659883
"rand1",0.5,46,"SVP",0.333333333333333,0.125,0.181818181818182,3,0.0474892405659883
"rand1",0.5,46,"SVP (BIC)",0.333333333333333,0.125,0.181818181818182,3,0.0474892405659883
"rand1",0.5,47,"PELT",0.666666666666667,0.25,0.363636363636364,3,0.0291135090443678
"rand1",0.5,47,"SVP",0.666666666666667,0.25,0.363636363636364,3,0.0291135090443678
"rand1",0.5,47,"SVP (BIC)",0.5,0.125,0.2,2,0.0746631043094568
"rand1",0.5,48,"PELT",0.666666666666667,0.25,0.363636363636364,3,0.0442046019813515
"rand1",0.5,48,"SVP",0.666666666666667,0.25,0.363636363636364,3,0.0442046019813515
"rand1",0.5,48,"SVP (BIC)",0.666666666666667,0.25,0.363636363636364,3,0.0442046019813515
"rand1",0.5,49,"PELT",0.666666666666667,0.25,0.363636363636364,3,0.0330239831811424
"rand1",0.5,49,"SVP",0.5,0.25,0.333333333333333,4,0.0299643582262984
"rand1",0.5,49,"SVP (BIC)",0.666666666666667,0.25,0.363636363636364,3,0.0330239831811424
"rand1",0.5,50,"PELT",0.333333333333333,0.125,0.181818181818182,3,0.0364220058126256
"rand1",0.5,50,"SVP",0.25,0.125,0.166666666666667,4,0.0349447762545619
"rand1",0.5,50,"SVP (BIC)",0.333333333333333,0.125,0.181818181818182,3,0.0364220058126256
"rand1",0.5,51,"PELT",1,0.375,0.545454545454545,3,0.0282231427104079
"rand1",0.5,51,"SVP",1,0.375,0.545454545454545,3,0.0282231427104079
"rand1",0.5,51,"SVP (BIC)",1,0.375,0.545454545454545,3,0.0282231427104079
"rand1",0.5,52,"PELT",0.6,0.375,0.461538461538462,5,0.0126046008849001
"rand1",0.5,52,"SVP",0.75,0.375,0.5,4,0.0280375203755963
"rand1",0.5,52,"SVP (BIC)",0.5,0.125,0.2,2,0.0631101875583122
"rand1",0.5,53,"PELT",0.666666666666667,0.25,0.363636363636364,3,0.0275226705487984
"rand1",0.5,53,"SVP",0.333333333333333,0.125,0.181818181818182,3,0.0565795720184965
"rand1",0.5,53,"SVP (BIC)",1,0.25,0.4,2,0.0595606205513731
"rand1",0.5,54,"PELT",0.8,0.5,0.615384615384615,5,0.0108871033330037
"rand1",0.5,54,"SVP",0.333333333333333,0.125,0.181818181818182,3,0.0588799207836206
"rand1",0.5,54,"SVP (BIC)",0.666666666666667,0.25,0.363636363636364,3,0.0603370116205492
"rand1",0.5,55,"PELT",0.666666666666667,0.25,0.363636363636364,3,0.0316896183645388
"rand1",0.5,55,"SVP",0.666666666666667,0.25,0.363636363636364,3,0.0316896183645388
"rand1",0.5,55,"SVP (BIC)",0.666666666666667,0.25,0.363636363636364,3,0.0316896183645388
"rand1",0.5,56,"PELT",0.5,0.25,0.333333333333333,4,0.02732261368105
"rand1",0.5,56,"SVP",0.5,0.125,0.2,2,0.0685650054443076
"rand1",0.5,56,"SVP (BIC)",0.5,0.125,0.2,2,0.0685650054443076
"rand1",0.5,57,"PELT",0.5,0.25,0.333333333333333,4,0.0426026743348278
"rand1",0.5,57,"SVP",0.5,0.125,0.2,2,0.0661837023339375
"rand1",0.5,57,"SVP (BIC)",0.5,0.125,0.2,2,0.0598000959846471
"rand1",0.5,58,"PELT",0.333333333333333,0.125,0.181818181818182,3,0.0339707620792976
"rand1",0.5,58,"SVP",0.333333333333333,0.125,0.181818181818182,3,0.0339707620792976
"rand1",0.5,58,"SVP (BIC)",0.333333333333333,0.125,0.181818181818182,3,0.0339707620792976
"rand1",0.5,59,"PELT",0.5,0.25,0.333333333333333,4,0.0516398794618016
"rand1",0.5,59,"SVP",0.8,0.5,0.615384615384615,5,0.0214260642836812
"rand1",0.5,59,"SVP (BIC)",0.666666666666667,0.25,0.363636363636364,3,0.0312458743833579
"rand1",0.5,60,"PELT",0.666666666666667,0.25,0.363636363636364,3,0.0316182393464601
"rand1",0.5,60,"SVP",0.5,0.25,0.333333333333333,4,0.030541089313867
"rand1",0.5,60,"SVP (BIC)",0.5,0.125,0.2,2,0.065645923319236
"rand1",0.5,61,"PELT",0.5,0.25,0.333333333333333,4,0.0423677928197814
"rand1",0.5,61,"SVP",0.666666666666667,0.25,0.363636363636364,3,0.0278795553286249
"rand1",0.5,61,"SVP (BIC)",0.666666666666667,0.25,0.363636363636364,3,0.0278795553286249
"rand1",0.5,62,"PELT",0.75,0.375,0.5,4,0.0323427284410606
"rand1",0.5,62,"SVP",0.666666666666667,0.25,0.363636363636364,3,0.0738701806765196
"rand1",0.5,62,"SVP (BIC)",1,0.25,0.4,2,0.0765985672876171
"rand1",0.5,63,"PELT",0.333333333333333,0.125,0.181818181818182,3,0.0453903350936835
"rand1",0.5,63,"SVP",0.333333333333333,0.125,0.181818181818182,3,0.0453903350936835
"rand1",0.5,63,"SVP (BIC)",0.333333333333333,0.125,0.181818181818182,3,0.0453903350936835
"rand1",0.5,64,"PELT",0.666666666666667,0.25,0.363636363636364,3,0.0372158281228705
"rand1",0.5,64,"SVP",0.666666666666667,0.25,0.363636363636364,3,0.0372158281228705
"rand1",0.5,64,"SVP (BIC)",0.666666666666667,0.25,0.363636363636364,3,0.0372158281228705
"rand1",0.5,65,"PELT",0.4,0.25,0.307692307692308,5,0.0219436687632328
"rand1",0.5,65,"SVP",0.5,0.25,0.333333333333333,4,0.0306012830260755
"rand1",0.5,65,"SVP (BIC)",0.666666666666667,0.25,0.363636363636364,3,0.0620584525211172
"rand1",0.5,66,"PELT",1,0.625,0.769230769230769,5,0.0101585667116295
"rand1",0.5,66,"SVP",0.75,0.375,0.5,4,0.0246016107012061
"rand1",0.5,66,"SVP (BIC)",0.333333333333333,0.125,0.181818181818182,3,0.0643289775664298
"rand1",0.5,67,"PELT",0.8,0.5,0.615384615384615,5,0.0139266565277847
"rand1",0.5,67,"SVP",0.5,0.25,0.333333333333333,4,0.0271752126800555
"rand1",0.5,67,"SVP (BIC)",0.75,0.375,0.5,4,0.0264008715573195
"rand1",0.5,68,"PELT",0.6,0.375,0.461538461538462,5,0.0145045813524476
"rand1",0.5,68,"SVP",0.5,0.25,0.333333333333333,4,0.0261242932127844
"rand1",0.5,68,"SVP (BIC)",0.5,0.25,0.333333333333333,4,0.0261244710423346
"rand1",0.5,69,"PELT",0.4,0.25,0.307692307692308,5,0.0177486188061299
"rand1",0.5,69,"SVP",0.25,0.125,0.166666666666667,4,0.0321839300302836
"rand1",0.5,69,"SVP (BIC)",0.333333333333333,0.125,0.181818181818182,3,0.0595710430599751
"rand1",0.5,70,"PELT",0.25,0.125,0.166666666666667,4,0.0723035525411557
"rand1",0.5,70,"SVP",0.666666666666667,0.25,0.363636363636364,3,0.046287417497263
"rand1",0.5,70,"SVP (BIC)",1,0.25,0.4,2,0.0594535525524263
"rand1",0.5,71,"PELT",1,0.375,0.545454545454545,3,0.0259225478677574
"rand1",0.5,71,"SVP",1,0.375,0.545454545454545,3,0.0259225478677574
"rand1",0.5,71,"SVP (BIC)",1,0.375,0.545454545454545,3,0.0259225478677574
"rand1",0.5,72,"PELT",0.8,0.5,0.615384615384615,5,0.0218170811205905
"rand1",0.5,72,"SVP",0.8,0.5,0.615384615384615,5,0.0317424989311332
"rand1",0.5,72,"SVP (BIC)",0.5,0.125,0.2,2,0.0690557321806079
"rand1",0.5,73,"PELT",0.4,0.25,0.307692307692308,5,0.025380061695693
"rand1",0.5,73,"SVP",0.75,0.375,0.5,4,0.0260938240599112
"rand1",0.5,73,"SVP (BIC)",0.666666666666667,0.25,0.363636363636364,3,0.0569568493194036
"rand1",0.5,74,"PELT",0.666666666666667,0.25,0.363636363636364,3,0.0276584152686619
"rand1",0.5,74,"SVP",0.5,0.25,0.333333333333333,4,0.0258831968405302
"rand1",0.5,74,"SVP (BIC)",0.5,0.125,0.2,2,0.0720551472002366
"rand1",0.5,75,"PELT",0.666666666666667,0.25,0.363636363636364,3,0.0281218367004675
"rand1",0.5,75,"SVP",0.75,0.375,0.5,4,0.0233460927128374
"rand1",0.5,75,"SVP (BIC)",0.666666666666667,0.25,0.363636363636364,3,0.0281218367004675
"rand1",0.5,76,"PELT",1,0.375,0.545454545454545,3,0.0262834383735535
"rand1",0.5,76,"SVP",1,0.375,0.545454545454545,3,0.0262834383735535
"rand1",0.5,76,"SVP (BIC)",0.5,0.125,0.2,2,0.0712314415438916
"rand1",0.5,77,"PELT",0.8,0.5,0.615384615384615,5,0.00783261737496934
"rand1",0.5,77,"SVP",0.5,0.25,0.333333333333333,4,0.0235165684165502
"rand1",0.5,77,"SVP (BIC)",0.5,0.125,0.2,2,0.0656941745181924
"rand1",0.5,78,"PELT",0.666666666666667,0.25,0.363636363636364,3,0.0357841023869827
"rand1",0.5,78,"SVP",0.5,0.25,0.333333333333333,4,0.0310586486235392
"rand1",0.5,78,"SVP (BIC)",0.666666666666667,0.25,0.363636363636364,3,0.0357841023869827
"rand1",0.5,79,"PELT",1,0.625,0.769230769230769,5,0.00611844914378774
"rand1",0.5,79,"SVP",0.75,0.375,0.5,4,0.0214313765434754
"rand1",0.5,79,"SVP (BIC)",1,0.25,0.4,2,0.0659159951062884
"rand1",0.5,80,"PELT",0.333333333333333,0.125,0.181818181818182,3,0.0346630732040488
"rand1",0.5,80,"SVP",0.25,0.125,0.166666666666667,4,0.0298709869055623
"rand1",0.5,80,"SVP (BIC)",0.5,0.125,0.2,2,0.0648151427818464
"rand1",0.5,81,"PELT",0.666666666666667,0.5,0.571428571428572,6,0.0249895768682845
"rand1",0.5,81,"SVP",0.333333333333333,0.125,0.181818181818182,3,0.0577145728382551
"rand1",0.5,81,"SVP (BIC)",1,0.25,0.4,2,0.0589840651077962
"rand1",0.5,82,"PELT",0.5,0.375,0.428571428571429,6,0.0307982122305976
"rand1",0.5,82,"SVP",0.25,0.125,0.166666666666667,4,0.0283706882018144
"rand1",0.5,82,"SVP (BIC)",0.333333333333333,0.125,0.181818181818182,3,0.0330406059918113
"rand1",0.5,83,"PELT",0.333333333333333,0.125,0.181818181818182,3,0.0354908593546494
"rand1",0.5,83,"SVP",0.5,0.125,0.2,2,0.0678843636806259
"rand1",0.5,83,"SVP (BIC)",0.5,0.125,0.2,2,0.0634552643849303
"rand1",0.5,84,"PELT",0.333333333333333,0.125,0.181818181818182,3,0.0358475497090286
"rand1",0.5,84,"SVP",0.333333333333333,0.125,0.181818181818182,3,0.0358475497090286
"rand1",0.5,84,"SVP (BIC)",0.5,0.125,0.2,2,0.0668730472089744
"rand1",0.5,85,"PELT",0.8,0.5,0.615384615384615,5,0.00778543111235986
"rand1",0.5,85,"SVP",0.75,0.375,0.5,4,0.0206607306306659
"rand1",0.5,85,"SVP (BIC)",0.5,0.125,0.2,2,0.0653329657527735
"rand1",0.5,86,"PELT",0.6,0.375,0.461538461538462,5,0.0129645522318074
"rand1",0.5,86,"SVP",0.5,0.25,0.333333333333333,4,0.0245572876830489
"rand1",0.5,86,"SVP (BIC)",0.666666666666667,0.25,0.363636363636364,3,0.0614596213683167
"rand1",0.5,87,"PELT",0.8,0.5,0.615384615384615,5,0.0155730551450789
"rand1",0.5,87,"SVP",0.75,0.375,0.5,4,0.023339447728417
"rand1",0.5,87,"SVP (BIC)",1,0.375,0.545454545454545,3,0.0277965978778829
"rand1",0.5,88,"PELT",0.333333333333333,0.125,0.181818181818182,3,0.0284880767749783
"rand1",0.5,88,"SVP",0.333333333333333,0.125,0.181818181818182,3,0.0284880767749783
"rand1",0.5,88,"SVP (BIC)",0.5,0.125,0.2,2,0.0681490894417898
"rand1",0.5,89,"PELT",0.666666666666667,0.25,0.363636363636364,3,0.0298410540415824
"rand1",0.5,89,"SVP",0.5,0.125,0.2,2,0.0699509416347801
"rand1",0.5,89,"SVP (BIC)",1,0.25,0.4,2,0.0624145328155635
"rand1",0.5,90,"PELT",0.6,0.375,0.461538461538462,5,0.0146659814814753
"rand1",0.5,90,"SVP",0.6,0.375,0.461538461538462,5,0.0146659814814753
"rand1",0.5,90,"SVP (BIC)",0.333333333333333,0.125,0.181818181818182,3,0.0605912395354088
"rand1",0.5,91,"PELT",0.333333333333333,0.125,0.181818181818182,3,0.0334378236751377
"rand1",0.5,91,"SVP",0.75,0.375,0.5,4,0.0261517917658727
"rand1",0.5,91,"SVP (BIC)",0.333333333333333,0.125,0.181818181818182,3,0.0334378236751377
"rand1",0.5,92,"PELT",1,0.375,0.545454545454545,3,0.0243786620356905
"rand1",0.5,92,"SVP",0.75,0.375,0.5,4,0.0259683322381161
"rand1",0.5,92,"SVP (BIC)",0.5,0.125,0.2,2,0.0634692158544224
"rand1",0.5,93,"PELT",0.4,0.25,0.307692307692308,5,0.0184563701746982
"rand1",0.5,93,"SVP",0.5,0.25,0.333333333333333,4,0.0281722568512673
"rand1",0.5,93,"SVP (BIC)",0.333333333333333,0.125,0.181818181818182,3,0.060340457960251
"rand1",0.5,94,"PELT",0.6,0.375,0.461538461538462,5,0.0164054207945613
"rand1",0.5,94,"SVP",0.333333333333333,0.125,0.181818181818182,3,0.058482805954659
"rand1",0.5,94,"SVP (BIC)",0.5,0.125,0.2,2,0.0683228917314731
"rand1",0.5,95,"PELT",0.6,0.375,0.461538461538462,5,0.018967226213665
"rand1",0.5,95,"SVP",0.6,0.375,0.461538461538462,5,0.0261969021957408
"rand1",0.5,95,"SVP (BIC)",0.75,0.375,0.5,4,0.0202730349303156
"rand1",0.5,96,"PELT",0.666666666666667,0.25,0.363636363636364,3,0.0289343396626879
"rand1",0.5,96,"SVP",0.666666666666667,0.25,0.363636363636364,3,0.0289343396626879
"rand1",0.5,96,"SVP (BIC)",0.5,0.125,0.2,2,0.0658918379500028
"rand1",0.5,97,"PELT",0.2,0.125,0.153846153846154,5,0.0246078806259461
"rand1",0.5,97,"SVP",0.25,0.125,0.166666666666667,4,0.031754553763812
"rand1",0.5,97,"SVP (BIC)",0.25,0.125,0.166666666666667,4,0.0308829261068656
"rand1",0.5,98,"PELT",0.4,0.25,0.307692307692308,5,0.0242008853810837
"rand1",0.5,98,"SVP",0.5,0.25,0.333333333333333,4,0.0330577688949211
"rand1",0.5,98,"SVP (BIC)",0.333333333333333,0.125,0.181818181818182,3,0.0637809148675807
"rand1",0.5,99,"PELT",0.666666666666667,0.25,0.363636363636364,3,0.0316692760101402
"rand1",0.5,99,"SVP",0.5,0.25,0.333333333333333,4,0.0292680493359731
"rand1",0.5,99,"SVP (BIC)",0.666666666666667,0.25,0.363636363636364,3,0.0316692760101402
"rand1",0.5,100,"PELT",0.333333333333333,0.125,0.181818181818182,3,0.0344764793121538
"rand1",0.5,100,"SVP",0.333333333333333,0.125,0.181818181818182,3,0.0344764793121538
"rand1",0.5,100,"SVP (BIC)",0.333333333333333,0.125,0.181818181818182,3,0.0344764793121538
"none",0.6,1,"PELT",1,1,1,1,0.000673597925268414
"none",0.6,1,"SVP",1,1,1,1,0.000673597925268414
"none",0.6,1,"SVP (BIC)",1,1,1,1,0.000673597925268414
"none",0.6,2,"PELT",1,1,1,1,0.000254040839134613
"none",0.6,2,"SVP",1,1,1,1,0.000254040839134613
"none",0.6,2,"SVP (BIC)",1,1,1,1,0.000254040839134613
"none",0.6,3,"PELT",1,1,1,1,1.06749774031189e-07
"none",0.6,3,"SVP",1,1,1,1,1.06749774031189e-07
"none",0.6,3,"SVP (BIC)",1,1,1,1,1.06749774031189e-07
"none",0.6,4,"PELT",1,1,1,1,0.000157545642815948
"none",0.6,4,"SVP",1,1,1,1,0.000157545642815948
"none",0.6,4,"SVP (BIC)",1,1,1,1,0.000157545642815948
"none",0.6,5,"PELT",1,1,1,1,0.00060462048161867
"none",0.6,5,"SVP",1,1,1,1,0.00060462048161867
"none",0.6,5,"SVP (BIC)",1,1,1,1,0.00060462048161867
"none",0.6,6,"PELT",1,1,1,1,0.0027732757783634
"none",0.6,6,"SVP",0.5,1,0.666666666666667,2,0.00304179446086759
"none",0.6,6,"SVP (BIC)",1,1,1,1,0.0027732757783634
"none",0.6,7,"PELT",1,1,1,1,0.000371832208157403
"none",0.6,7,"SVP",1,1,1,1,0.000371832208157403
"none",0.6,7,"SVP (BIC)",1,1,1,1,0.000371832208157403
"none",0.6,8,"PELT",1,1,1,1,0.0014874410124232
"none",0.6,8,"SVP",1,1,1,1,0.0014874410124232
"none",0.6,8,"SVP (BIC)",1,1,1,1,0.0014874410124232
"none",0.6,9,"PELT",1,1,1,1,0.00018153137554813
"none",0.6,9,"SVP",1,1,1,1,0.00018153137554813
"none",0.6,9,"SVP (BIC)",1,1,1,1,0.00018153137554813
"none",0.6,10,"PELT",1,1,1,1,0.00101745391075063
"none",0.6,10,"SVP",1,1,1,1,0.00101745391075063
"none",0.6,10,"SVP (BIC)",1,1,1,1,0.00101745391075063
"none",0.6,11,"PELT",1,1,1,1,0.00127703366612502
"none",0.6,11,"SVP",1,1,1,1,0.00127703366612502
"none",0.6,11,"SVP (BIC)",1,1,1,1,0.00127703366612502
"none",0.6,12,"PELT",1,1,1,1,1.94692245285855e-06
"none",0.6,12,"SVP",1,1,1,1,1.94692245285855e-06
"none",0.6,12,"SVP (BIC)",1,1,1,1,1.94692245285855e-06
"none",0.6,13,"PELT",1,1,1,1,0.000137923589160432
"none",0.6,13,"SVP",1,1,1,1,0.000137923589160432
"none",0.6,13,"SVP (BIC)",1,1,1,1,0.000137923589160432
"none",0.6,14,"PELT",1,1,1,1,0.00274053756121203
"none",0.6,14,"SVP",1,1,1,1,0.00274053756121203
"none",0.6,14,"SVP (BIC)",1,1,1,1,0.00274053756121203
"none",0.6,15,"PELT",1,1,1,1,3.39160065650371e-05
"none",0.6,15,"SVP",1,1,1,1,3.39160065650371e-05
"none",0.6,15,"SVP (BIC)",1,1,1,1,3.39160065650371e-05
"none",0.6,16,"PELT",1,1,1,1,0.00146522249885965
"none",0.6,16,"SVP",1,1,1,1,0.00146522249885965
"none",0.6,16,"SVP (BIC)",1,1,1,1,0.00146522249885965
"none",0.6,17,"PELT",1,1,1,1,0.0112210201545216
"none",0.6,17,"SVP",1,1,1,1,0.0112210201545216
"none",0.6,17,"SVP (BIC)",1,1,1,1,0.0112210201545216
"none",0.6,18,"PELT",1,1,1,1,0.000113754406974975
"none",0.6,18,"SVP",1,1,1,1,0.000113754406974975
"none",0.6,18,"SVP (BIC)",1,1,1,1,0.000113754406974975
"none",0.6,19,"PELT",1,1,1,1,0.000137410464337636
"none",0.6,19,"SVP",1,1,1,1,0.000137410464337636
"none",0.6,19,"SVP (BIC)",1,1,1,1,0.000137410464337636
"none",0.6,20,"PELT",1,1,1,1,9.78474229449889e-05
"none",0.6,20,"SVP",1,1,1,1,9.78474229449889e-05
"none",0.6,20,"SVP (BIC)",1,1,1,1,9.78474229449889e-05
"none",0.6,21,"PELT",1,1,1,1,0.00115207030654411
"none",0.6,21,"SVP",1,1,1,1,0.00115207030654411
"none",0.6,21,"SVP (BIC)",1,1,1,1,0.00115207030654411
"none",0.6,22,"PELT",1,1,1,1,1.09909509542768e-05
"none",0.6,22,"SVP",1,1,1,1,1.09909509542768e-05
"none",0.6,22,"SVP (BIC)",1,1,1,1,1.09909509542768e-05
"none",0.6,23,"PELT",1,1,1,1,0.00014672070774688
"none",0.6,23,"SVP",1,1,1,1,0.00014672070774688
"none",0.6,23,"SVP (BIC)",1,1,1,1,0.00014672070774688
"none",0.6,24,"PELT",1,1,1,1,0.000869496780492491
"none",0.6,24,"SVP",1,1,1,1,0.000869496780492491
"none",0.6,24,"SVP (BIC)",1,1,1,1,0.000869496780492491
"none",0.6,25,"PELT",1,1,1,1,0.000130070036324375
"none",0.6,25,"SVP",1,1,1,1,0.000130070036324375
"none",0.6,25,"SVP (BIC)",1,1,1,1,0.000130070036324375
"none",0.6,26,"PELT",1,1,1,1,0.000125221909180877
"none",0.6,26,"SVP",1,1,1,1,0.000125221909180877
"none",0.6,26,"SVP (BIC)",1,1,1,1,0.000125221909180877
"none",0.6,27,"PELT",1,1,1,1,0.000718575166954516
"none",0.6,27,"SVP",1,1,1,1,0.000718575166954516
"none",0.6,27,"SVP (BIC)",1,1,1,1,0.000718575166954516
"none",0.6,28,"PELT",1,1,1,1,2.31841503775804e-05
"none",0.6,28,"SVP",1,1,1,1,2.31841503775804e-05
"none",0.6,28,"SVP (BIC)",1,1,1,1,2.31841503775804e-05
"none",0.6,29,"PELT",1,1,1,1,0.0029305298721814
"none",0.6,29,"SVP",1,1,1,1,0.0029305298721814
"none",0.6,29,"SVP (BIC)",1,1,1,1,0.0029305298721814
"none",0.6,30,"PELT",1,1,1,1,3.94605955008204e-05
"none",0.6,30,"SVP",1,1,1,1,3.94605955008204e-05
"none",0.6,30,"SVP (BIC)",1,1,1,1,3.94605955008204e-05
"none",0.6,31,"PELT",1,1,1,1,0.000215953047596817
"none",0.6,31,"SVP",1,1,1,1,0.000215953047596817
"none",0.6,31,"SVP (BIC)",1,1,1,1,0.000215953047596817
"none",0.6,32,"PELT",1,1,1,1,0.000722814748694582
"none",0.6,32,"SVP",1,1,1,1,0.000722814748694582
"none",0.6,32,"SVP (BIC)",1,1,1,1,0.000722814748694582
"none",0.6,33,"PELT",1,1,1,1,0.000197311209510552
"none",0.6,33,"SVP",1,1,1,1,0.000197311209510552
"none",0.6,33,"SVP (BIC)",1,1,1,1,0.000197311209510552
"none",0.6,34,"PELT",1,1,1,1,0.000869158824401254
"none",0.6,34,"SVP",1,1,1,1,0.000869158824401254
"none",0.6,34,"SVP (BIC)",1,1,1,1,0.000869158824401254
"none",0.6,35,"PELT",1,1,1,1,0.00228123014929197
"none",0.6,35,"SVP",1,1,1,1,0.00228123014929197
"none",0.6,35,"SVP (BIC)",1,1,1,1,0.00228123014929197
"none",0.6,36,"PELT",0.5,1,0.666666666666667,2,0.0182328924496387
"none",0.6,36,"SVP",1,1,1,1,0.000748409060095036
"none",0.6,36,"SVP (BIC)",1,1,1,1,0.000748409060095036
"none",0.6,37,"PELT",1,1,1,1,7.64322930905555e-05
"none",0.6,37,"SVP",1,1,1,1,7.64322930905555e-05
"none",0.6,37,"SVP (BIC)",1,1,1,1,7.64322930905555e-05
"none",0.6,38,"PELT",1,1,1,1,0.00151328811687856
"none",0.6,38,"SVP",1,1,1,1,0.00151328811687856
"none",0.6,38,"SVP (BIC)",1,1,1,1,0.00151328811687856
"none",0.6,39,"PELT",1,1,1,1,5.99704356962717e-05
"none",0.6,39,"SVP",1,1,1,1,5.99704356962717e-05
"none",0.6,39,"SVP (BIC)",1,1,1,1,5.99704356962717e-05
"none",0.6,40,"PELT",1,1,1,1,0.00142573968866797
"none",0.6,40,"SVP",1,1,1,1,0.00142573968866797
"none",0.6,40,"SVP (BIC)",1,1,1,1,0.00142573968866797
"none",0.6,41,"PELT",1,1,1,1,0.00183253453087825
"none",0.6,41,"SVP",1,1,1,1,0.00183253453087825
"none",0.6,41,"SVP (BIC)",1,1,1,1,0.00183253453087825
"none",0.6,42,"PELT",1,1,1,1,0.0046796264881419
"none",0.6,42,"SVP",1,1,1,1,0.0046796264881419
"none",0.6,42,"SVP (BIC)",1,1,1,1,0.0046796264881419
"none",0.6,43,"PELT",1,1,1,1,3.75684175207651e-07
"none",0.6,43,"SVP",1,1,1,1,3.75684175207651e-07
"none",0.6,43,"SVP (BIC)",1,1,1,1,3.75684175207651e-07
"none",0.6,44,"PELT",1,1,1,1,0.000880527016799713
"none",0.6,44,"SVP",1,1,1,1,0.000880527016799713
"none",0.6,44,"SVP (BIC)",1,1,1,1,0.000880527016799713
"none",0.6,45,"PELT",1,1,1,1,0.000212584129369685
"none",0.6,45,"SVP",1,1,1,1,0.000212584129369685
"none",0.6,45,"SVP (BIC)",1,1,1,1,0.000212584129369685
"none",0.6,46,"PELT",1,1,1,1,0.00795462743522672
"none",0.6,46,"SVP",1,1,1,1,0.00795462743522672
"none",0.6,46,"SVP (BIC)",1,1,1,1,0.00795462743522672
"none",0.6,47,"PELT",1,1,1,1,7.53701714230585e-05
"none",0.6,47,"SVP",1,1,1,1,7.53701714230585e-05
"none",0.6,47,"SVP (BIC)",1,1,1,1,7.53701714230585e-05
"none",0.6,48,"PELT",1,1,1,1,0.000396161417679941
"none",0.6,48,"SVP",1,1,1,1,0.000396161417679941
"none",0.6,48,"SVP (BIC)",1,1,1,1,0.000396161417679941
"none",0.6,49,"PELT",1,1,1,1,0.00410969237061488
"none",0.6,49,"SVP",1,1,1,1,0.00410969237061488
"none",0.6,49,"SVP (BIC)",1,1,1,1,0.00410969237061488
"none",0.6,50,"PELT",0.5,1,0.666666666666667,2,0.0178738432328959
"none",0.6,50,"SVP",1,1,1,1,0.0032190282018739
"none",0.6,50,"SVP (BIC)",1,1,1,1,0.0032190282018739
"none",0.6,51,"PELT",1,1,1,1,0.00077080184988038
"none",0.6,51,"SVP",1,1,1,1,0.00077080184988038
"none",0.6,51,"SVP (BIC)",1,1,1,1,0.00077080184988038
"none",0.6,52,"PELT",1,1,1,1,9.8391688886136e-06
"none",0.6,52,"SVP",1,1,1,1,9.8391688886136e-06
"none",0.6,52,"SVP (BIC)",1,1,1,1,9.8391688886136e-06
"none",0.6,53,"PELT",1,1,1,1,7.35813133369989e-06
"none",0.6,53,"SVP",1,1,1,1,7.35813133369989e-06
"none",0.6,53,"SVP (BIC)",1,1,1,1,7.35813133369989e-06
"none",0.6,54,"PELT",1,1,1,1,0.000753640075474867
"none",0.6,54,"SVP",1,1,1,1,0.000753640075474867
"none",0.6,54,"SVP (BIC)",1,1,1,1,0.000753640075474867
"none",0.6,55,"PELT",1,1,1,1,0.000710764238577552
"none",0.6,55,"SVP",1,1,1,1,0.000710764238577552
"none",0.6,55,"SVP (BIC)",1,1,1,1,0.000710764238577552
"none",0.6,56,"PELT",1,1,1,1,6.85287489348937e-06
"none",0.6,56,"SVP",1,1,1,1,6.85287489348937e-06
"none",0.6,56,"SVP (BIC)",1,1,1,1,6.85287489348937e-06
"none",0.6,57,"PELT",1,1,1,1,6.16579600656024e-07
"none",0.6,57,"SVP",1,1,1,1,6.16579600656024e-07
"none",0.6,57,"SVP (BIC)",1,1,1,1,6.16579600656024e-07
"none",0.6,58,"PELT",1,1,1,1,0.000881199614560485
"none",0.6,58,"SVP",1,1,1,1,0.000881199614560485
"none",0.6,58,"SVP (BIC)",1,1,1,1,0.000881199614560485
"none",0.6,59,"PELT",1,1,1,1,1.29616014702398e-05
"none",0.6,59,"SVP",1,1,1,1,1.29616014702398e-05
"none",0.6,59,"SVP (BIC)",1,1,1,1,1.29616014702398e-05
"none",0.6,60,"PELT",1,1,1,1,0.00012209376751321
"none",0.6,60,"SVP",1,1,1,1,0.00012209376751321
"none",0.6,60,"SVP (BIC)",1,1,1,1,0.00012209376751321
"none",0.6,61,"PELT",1,1,1,1,0.00308557751636394
"none",0.6,61,"SVP",1,1,1,1,0.00308557751636394
"none",0.6,61,"SVP (BIC)",1,1,1,1,0.00308557751636394
"none",0.6,62,"PELT",1,1,1,1,0.000273940694784184
"none",0.6,62,"SVP",1,1,1,1,0.000273940694784184
"none",0.6,62,"SVP (BIC)",1,1,1,1,0.000273940694784184
"none",0.6,63,"PELT",1,1,1,1,0.000104304426782101
"none",0.6,63,"SVP",1,1,1,1,0.000104304426782101
"none",0.6,63,"SVP (BIC)",1,1,1,1,0.000104304426782101
"none",0.6,64,"PELT",1,1,1,1,0.00158020190324657
"none",0.6,64,"SVP",1,1,1,1,0.00158020190324657
"none",0.6,64,"SVP (BIC)",1,1,1,1,0.00158020190324657
"none",0.6,65,"PELT",1,1,1,1,3.28657982753414e-05
"none",0.6,65,"SVP",1,1,1,1,3.28657982753414e-05
"none",0.6,65,"SVP (BIC)",1,1,1,1,3.28657982753414e-05
"none",0.6,66,"PELT",1,1,1,1,0.00296623711828235
"none",0.6,66,"SVP",1,1,1,1,0.00296623711828235
"none",0.6,66,"SVP (BIC)",1,1,1,1,0.00296623711828235
"none",0.6,67,"PELT",1,1,1,1,0.00383992582371371
"none",0.6,67,"SVP",1,1,1,1,0.00383992582371371
"none",0.6,67,"SVP (BIC)",1,1,1,1,0.00383992582371371
"none",0.6,68,"PELT",1,1,1,1,1.02526248326296e-06
"none",0.6,68,"SVP",1,1,1,1,1.02526248326296e-06
"none",0.6,68,"SVP (BIC)",1,1,1,1,1.02526248326296e-06
"none",0.6,69,"PELT",1,1,1,1,0.000168975101252251
"none",0.6,69,"SVP",1,1,1,1,0.000168975101252251
"none",0.6,69,"SVP (BIC)",1,1,1,1,0.000168975101252251
"none",0.6,70,"PELT",1,1,1,1,0.00388979191536876
"none",0.6,70,"SVP",0.5,1,0.666666666666667,2,0.00640529366690673
"none",0.6,70,"SVP (BIC)",1,1,1,1,0.00388979191536876
"none",0.6,71,"PELT",1,1,1,1,5.6523724771317e-06
"none",0.6,71,"SVP",1,1,1,1,5.6523724771317e-06
"none",0.6,71,"SVP (BIC)",1,1,1,1,5.6523724771317e-06
"none",0.6,72,"PELT",1,1,1,1,0.000203297142340518
"none",0.6,72,"SVP",1,1,1,1,0.000203297142340518
"none",0.6,72,"SVP (BIC)",1,1,1,1,0.000203297142340518
"none",0.6,73,"PELT",1,1,1,1,0.000121044937582486
"none",0.6,73,"SVP",1,1,1,1,0.000121044937582486
"none",0.6,73,"SVP (BIC)",1,1,1,1,0.000121044937582486
"none",0.6,74,"PELT",1,1,1,1,0.000896757327352284
"none",0.6,74,"SVP",1,1,1,1,0.000896757327352284
"none",0.6,74,"SVP (BIC)",1,1,1,1,0.000896757327352284
"none",0.6,75,"PELT",1,1,1,1,0.000443776248137143
"none",0.6,75,"SVP",1,1,1,1,0.000443776248137143
"none",0.6,75,"SVP (BIC)",1,1,1,1,0.000443776248137143
"none",0.6,76,"PELT",1,1,1,1,0.000929854000954344
"none",0.6,76,"SVP",0.5,1,0.666666666666667,2,0.00436119904320637
"none",0.6,76,"SVP (BIC)",1,1,1,1,0.000929854000954344
"none",0.6,77,"PELT",1,1,1,1,0.000306972617271289
"none",0.6,77,"SVP",1,1,1,1,0.000306972617271289
"none",0.6,77,"SVP (BIC)",1,1,1,1,0.000306972617271289
"none",0.6,78,"PELT",1,1,1,1,0.000569231942629347
"none",0.6,78,"SVP",1,1,1,1,0.000569231942629347
"none",0.6,78,"SVP (BIC)",1,1,1,1,0.000569231942629347
"none",0.6,79,"PELT",1,1,1,1,0.00210429177158172
"none",0.6,79,"SVP",1,1,1,1,0.00210429177158172
"none",0.6,79,"SVP (BIC)",1,1,1,1,0.00210429177158172
"none",0.6,80,"PELT",1,1,1,1,1.49731718703077e-05
"none",0.6,80,"SVP",1,1,1,1,1.49731718703077e-05
"none",0.6,80,"SVP (BIC)",1,1,1,1,1.49731718703077e-05
"none",0.6,81,"PELT",1,1,1,1,0.000578522648325317
"none",0.6,81,"SVP",1,1,1,1,0.000578522648325317
"none",0.6,81,"SVP (BIC)",1,1,1,1,0.000578522648325317
"none",0.6,82,"PELT",1,1,1,1,0.000769701977409092
"none",0.6,82,"SVP",1,1,1,1,0.000769701977409092
"none",0.6,82,"SVP (BIC)",1,1,1,1,0.000769701977409092
"none",0.6,83,"PELT",1,1,1,1,0.00224017971690903
"none",0.6,83,"SVP",1,1,1,1,0.00224017971690903
"none",0.6,83,"SVP (BIC)",1,1,1,1,0.00224017971690903
"none",0.6,84,"PELT",1,1,1,1,0.00235368611349633
"none",0.6,84,"SVP",1,1,1,1,0.00235368611349633
"none",0.6,84,"SVP (BIC)",1,1,1,1,0.00235368611349633
"none",0.6,85,"PELT",1,1,1,1,0.00409320386224542
"none",0.6,85,"SVP",1,1,1,1,0.00409320386224542
"none",0.6,85,"SVP (BIC)",1,1,1,1,0.00409320386224542
"none",0.6,86,"PELT",1,1,1,1,0.000480725800720105
"none",0.6,86,"SVP",0.5,1,0.666666666666667,2,0.0101913039448213
"none",0.6,86,"SVP (BIC)",1,1,1,1,0.000480725800720105
"none",0.6,87,"PELT",1,1,1,1,0.00301019448179507
"none",0.6,87,"SVP",1,1,1,1,0.00301019448179507
"none",0.6,87,"SVP (BIC)",1,1,1,1,0.00301019448179507
"none",0.6,88,"PELT",1,1,1,1,1.1016600736382e-05
"none",0.6,88,"SVP",1,1,1,1,1.1016600736382e-05
"none",0.6,88,"SVP (BIC)",1,1,1,1,1.1016600736382e-05
"none",0.6,89,"PELT",1,1,1,1,4.6423855022029e-05
"none",0.6,89,"SVP",1,1,1,1,4.6423855022029e-05
"none",0.6,89,"SVP (BIC)",1,1,1,1,4.6423855022029e-05
"none",0.6,90,"PELT",1,1,1,1,0.0019137925393337
"none",0.6,90,"SVP",1,1,1,1,0.0019137925393337
"none",0.6,90,"SVP (BIC)",1,1,1,1,0.0019137925393337
"none",0.6,91,"PELT",1,1,1,1,0.00279081714035441
"none",0.6,91,"SVP",1,1,1,1,0.00279081714035441
"none",0.6,91,"SVP (BIC)",1,1,1,1,0.00279081714035441
"none",0.6,92,"PELT",1,1,1,1,1.92877780766628e-05
"none",0.6,92,"SVP",1,1,1,1,1.92877780766628e-05
"none",0.6,92,"SVP (BIC)",1,1,1,1,1.92877780766628e-05
"none",0.6,93,"PELT",1,1,1,1,0.000107434739005238
"none",0.6,93,"SVP",1,1,1,1,0.000107434739005238
"none",0.6,93,"SVP (BIC)",1,1,1,1,0.000107434739005238
"none",0.6,94,"PELT",1,1,1,1,0.000280860022976911
"none",0.6,94,"SVP",1,1,1,1,0.000280860022976911
"none",0.6,94,"SVP (BIC)",1,1,1,1,0.000280860022976911
"none",0.6,95,"PELT",1,1,1,1,0.00563294550080462
"none",0.6,95,"SVP",1,1,1,1,0.00563294550080462
"none",0.6,95,"SVP (BIC)",1,1,1,1,0.00563294550080462
"none",0.6,96,"PELT",1,1,1,1,0.00154023984330029
"none",0.6,96,"SVP",1,1,1,1,0.00154023984330029
"none",0.6,96,"SVP (BIC)",1,1,1,1,0.00154023984330029
"none",0.6,97,"PELT",1,1,1,1,3.66098271134684e-06
"none",0.6,97,"SVP",1,1,1,1,3.66098271134684e-06
"none",0.6,97,"SVP (BIC)",1,1,1,1,3.66098271134684e-06
"none",0.6,98,"PELT",1,1,1,1,1.31497264749027e-05
"none",0.6,98,"SVP",1,1,1,1,1.31497264749027e-05
"none",0.6,98,"SVP (BIC)",1,1,1,1,1.31497264749027e-05
"none",0.6,99,"PELT",1,1,1,1,1.23283790636467e-05
"none",0.6,99,"SVP",1,1,1,1,1.23283790636467e-05
"none",0.6,99,"SVP (BIC)",1,1,1,1,1.23283790636467e-05
"none",0.6,100,"PELT",1,1,1,1,1.21780011223733e-05
"none",0.6,100,"SVP",1,1,1,1,1.21780011223733e-05
"none",0.6,100,"SVP (BIC)",1,1,1,1,1.21780011223733e-05
"up",0.6,1,"PELT",0.571428571428571,0.5,0.533333333333333,7,0.0586851813100043
"up",0.6,1,"SVP",0.5,0.375,0.428571428571429,6,0.0841702883962919
"up",0.6,1,"SVP (BIC)",0.4,0.25,0.307692307692308,5,0.108349977488665
"up",0.6,2,"PELT",0.4,0.25,0.307692307692308,5,0.0851750912335053
"up",0.6,2,"SVP",0.4,0.25,0.307692307692308,5,0.0851750912335053
"up",0.6,2,"SVP (BIC)",0.25,0.125,0.166666666666667,4,0.160022278211594
"up",0.6,3,"PELT",0.555555555555556,0.625,0.588235294117647,9,0.0269853871948931
"up",0.6,3,"SVP",0.666666666666667,0.5,0.571428571428572,6,0.0577957888393625
"up",0.6,3,"SVP (BIC)",0.75,0.375,0.5,4,0.104243880424472
"up",0.6,4,"PELT",0.75,0.75,0.75,8,0.0299329833160428
"up",0.6,4,"SVP",0.333333333333333,0.25,0.285714285714286,6,0.070903408871842
"up",0.6,4,"SVP (BIC)",0.6,0.375,0.461538461538462,5,0.0805505476602766
"up",0.6,5,"PELT",0.333333333333333,0.25,0.285714285714286,6,0.0703600376493153
"up",0.6,5,"SVP",0.4,0.25,0.307692307692308,5,0.103964987254369
"up",0.6,5,"SVP (BIC)",0.5,0.25,0.333333333333333,4,0.14437278579581
"up",0.6,6,"PELT",0.285714285714286,0.25,0.266666666666667,7,0.0441692504890009
"up",0.6,6,"SVP",0.166666666666667,0.125,0.142857142857143,6,0.0667577649668582
"up",0.6,6,"SVP (BIC)",0.2,0.125,0.153846153846154,5,0.0909076516302283
"up",0.6,7,"PELT",0.428571428571429,0.375,0.4,7,0.0435110165721308
"up",0.6,7,"SVP",0.285714285714286,0.25,0.266666666666667,7,0.0469668002388243
"up",0.6,7,"SVP (BIC)",0.4,0.25,0.307692307692308,5,0.0861644192940316
"up",0.6,8,"PELT",0.285714285714286,0.25,0.266666666666667,7,0.0611911160752707
"up",0.6,8,"SVP",0.333333333333333,0.25,0.285714285714286,6,0.0787345449637167
"up",0.6,8,"SVP (BIC)",0.2,0.125,0.153846153846154,5,0.129405369259845
"up",0.6,9,"PELT",0.571428571428571,0.5,0.533333333333333,7,0.0453177136005754
"up",0.6,9,"SVP",0.5,0.375,0.428571428571429,6,0.0783976027513574
"up",0.6,9,"SVP (BIC)",0.4,0.25,0.307692307692308,5,0.0926942829894666
"up",0.6,10,"PELT",0.571428571428571,0.5,0.533333333333333,7,0.052301151195243
"up",0.6,10,"SVP",0.666666666666667,0.5,0.571428571428572,6,0.0672619513250408
"up",0.6,10,"SVP (BIC)",0.75,0.375,0.5,4,0.102864324019078
"up",0.6,11,"PELT",0.666666666666667,0.5,0.571428571428572,6,0.0562764626791314
"up",0.6,11,"SVP",0.6,0.375,0.461538461538462,5,0.0815523188675259
"up",0.6,11,"SVP (BIC)",0.5,0.25,0.333333333333333,4,0.0990888720935423
"up",0.6,12,"PELT",0.285714285714286,0.25,0.266666666666667,7,0.0537782198927261
"up",0.6,12,"SVP",0.333333333333333,0.25,0.285714285714286,6,0.0771088135913341
"up",0.6,12,"SVP (BIC)",0.25,0.125,0.166666666666667,4,0.12760705174987
"up",0.6,13,"PELT",0.428571428571429,0.375,0.4,7,0.0491801073244396
"up",0.6,13,"SVP",0.4,0.25,0.307692307692308,5,0.08610716779165
"up",0.6,13,"SVP (BIC)",0.8,0.5,0.615384615384615,5,0.0761223651890362
"up",0.6,14,"PELT",0.166666666666667,0.125,0.142857142857143,6,0.0705592321727435
"up",0.6,14,"SVP",0.4,0.25,0.307692307692308,5,0.0877607835326392
"up",0.6,14,"SVP (BIC)",0.4,0.25,0.307692307692308,5,0.088384734734594
"up",0.6,15,"PELT",0.428571428571429,0.375,0.4,7,0.0573105673153911
"up",0.6,15,"SVP",0.8,0.5,0.615384615384615,5,0.0789603928580159
"up",0.6,15,"SVP (BIC)",0.8,0.5,0.615384615384615,5,0.0789603928580159
"up",0.6,16,"PELT",0.333333333333333,0.25,0.285714285714286,6,0.0764947841753312
"up",0.6,16,"SVP",0.5,0.25,0.333333333333333,4,0.121681023719107
"up",0.6,16,"SVP (BIC)",0.75,0.375,0.5,4,0.0985154883609504
"up",0.6,17,"PELT",0.428571428571429,0.375,0.4,7,0.0315042696552071
"up",0.6,17,"SVP",0.4,0.25,0.307692307692308,5,0.0725288015904806
"up",0.6,17,"SVP (BIC)",0.4,0.25,0.307692307692308,5,0.0725288015904806
"up",0.6,18,"PELT",0.428571428571429,0.375,0.4,7,0.0408590122537146
"up",0.6,18,"SVP",0.333333333333333,0.25,0.285714285714286,6,0.0697318706946223
"up",0.6,18,"SVP (BIC)",0.6,0.375,0.461538461538462,5,0.0760412488489044
"up",0.6,19,"PELT",0.428571428571429,0.375,0.4,7,0.0459576824678813
"up",0.6,19,"SVP",0.5,0.375,0.428571428571429,6,0.0686652396313975
"up",0.6,19,"SVP (BIC)",0.25,0.125,0.166666666666667,4,0.148410729263013
"up",0.6,20,"PELT",0.333333333333333,0.25,0.285714285714286,6,0.0566503290054257
"up",0.6,20,"SVP",0.4,0.25,0.307692307692308,5,0.0846100804261754
"up",0.6,20,"SVP (BIC)",0.4,0.25,0.307692307692308,5,0.0846100804261754
"up",0.6,21,"PELT",0.25,0.25,0.25,8,0.0429886171182414
"up",0.6,21,"SVP",0.2,0.125,0.153846153846154,5,0.103704097256652
"up",0.6,21,"SVP (BIC)",0.5,0.25,0.333333333333333,4,0.113398460965685
"up",0.6,22,"PELT",0.428571428571429,0.375,0.4,7,0.0400094387880669
"up",0.6,22,"SVP",0.2,0.125,0.153846153846154,5,0.0959331935068398
"up",0.6,22,"SVP (BIC)",0.2,0.125,0.153846153846154,5,0.0959331935068398
"up",0.6,23,"PELT",0.428571428571429,0.375,0.4,7,0.0313833404077427
"up",0.6,23,"SVP",0.333333333333333,0.25,0.285714285714286,6,0.0600165253528307
"up",0.6,23,"SVP (BIC)",0.4,0.25,0.307692307692308,5,0.0811335465191747
"up",0.6,24,"PELT",0.142857142857143,0.125,0.133333333333333,7,0.0502806275110235
"up",0.6,24,"SVP",0.2,0.125,0.153846153846154,5,0.105614079104092
"up",0.6,24,"SVP (BIC)",0.25,0.125,0.166666666666667,4,0.119575662228443
"up",0.6,25,"PELT",0.285714285714286,0.25,0.266666666666667,7,0.0437829202645457
"up",0.6,25,"SVP",0.166666666666667,0.125,0.142857142857143,6,0.0724094368482029
"up",0.6,25,"SVP (BIC)",0.25,0.125,0.166666666666667,4,0.138550178159271
"up",0.6,26,"PELT",0.25,0.25,0.25,8,0.0597492252359949
"up",0.6,26,"SVP",0.333333333333333,0.25,0.285714285714286,6,0.0590974430450965
"up",0.6,26,"SVP (BIC)",0.4,0.25,0.307692307692308,5,0.0834993364013913
"up",0.6,27,"PELT",0.428571428571429,0.375,0.4,7,0.0450379078982331
"up",0.6,27,"SVP",0.5,0.375,0.428571428571429,6,0.0862216564404625
"up",0.6,27,"SVP (BIC)",0.4,0.25,0.307692307692308,5,0.112014312275007
"up",0.6,28,"PELT",0.571428571428571,0.5,0.533333333333333,7,0.0384723032416273
"up",0.6,28,"SVP",0.2,0.125,0.153846153846154,5,0.0902341868303572
"up",0.6,28,"SVP (BIC)",0.4,0.25,0.307692307692308,5,0.0891294883256226
"up",0.6,29,"PELT",0.571428571428571,0.5,0.533333333333333,7,0.0434046463862675
"up",0.6,29,"SVP",0.571428571428571,0.5,0.533333333333333,7,0.0434046463862675
"up",0.6,29,"SVP (BIC)",0.4,0.25,0.307692307692308,5,0.0881103141887859
"up",0.6,30,"PELT",0.714285714285714,0.625,0.666666666666667,7,0.042274415192879
"up",0.6,30,"SVP",0.8,0.5,0.615384615384615,5,0.0849536018488243
"up",0.6,30,"SVP (BIC)",0.8,0.5,0.615384615384615,5,0.0818344346075127
"up",0.6,31,"PELT",0.833333333333333,0.625,0.714285714285714,6,0.0535113178338495
"up",0.6,31,"SVP",0.833333333333333,0.625,0.714285714285714,6,0.0535113178338495
"up",0.6,31,"SVP (BIC)",0.8,0.5,0.615384615384615,5,0.0755378381521785
"up",0.6,32,"PELT",0.428571428571429,0.375,0.4,7,0.0502185894019803
"up",0.6,32,"SVP",0.8,0.5,0.615384615384615,5,0.0751580295711685
"up",0.6,32,"SVP (BIC)",0.5,0.25,0.333333333333333,4,0.10859566082002
"up",0.6,33,"PELT",0.5,0.375,0.428571428571429,6,0.060525429885143
"up",0.6,33,"SVP",0.4,0.25,0.307692307692308,5,0.0895513652309221
"up",0.6,33,"SVP (BIC)",0.4,0.25,0.307692307692308,5,0.0857996365500209
"up",0.6,34,"PELT",0.714285714285714,0.625,0.666666666666667,7,0.040631365057986
"up",0.6,34,"SVP",0.666666666666667,0.5,0.571428571428572,6,0.0652092554106992
"up",0.6,34,"SVP (BIC)",0.6,0.375,0.461538461538462,5,0.0870057998862122
"up",0.6,35,"PELT",0.333333333333333,0.25,0.285714285714286,6,0.0670111993690759
"up",0.6,35,"SVP",0.166666666666667,0.125,0.142857142857143,6,0.083524990941844
"up",0.6,35,"SVP (BIC)",0.2,0.125,0.153846153846154,5,0.0930975813927381
"up",0.6,36,"PELT",0.5,0.375,0.428571428571429,6,0.0609077111929997
"up",0.6,36,"SVP",0.6,0.375,0.461538461538462,5,0.0816368467427655
"up",0.6,36,"SVP (BIC)",0.6,0.375,0.461538461538462,5,0.0816368467427655
"up",0.6,37,"PELT",0.428571428571429,0.375,0.4,7,0.0447199465279275
"up",0.6,37,"SVP",0.375,0.375,0.375,8,0.0828739216213554
"up",0.6,37,"SVP (BIC)",0.75,0.375,0.5,4,0.0979072006194774
"up",0.6,38,"PELT",0.5,0.375,0.428571428571429,6,0.0704833948073312
"up",0.6,38,"SVP",0.8,0.5,0.615384615384615,5,0.0905401666380078
"up",0.6,38,"SVP (BIC)",0.8,0.5,0.615384615384615,5,0.0905401666380078
"up",0.6,39,"PELT",0.375,0.375,0.375,8,0.018002505330851
"up",0.6,39,"SVP",0.333333333333333,0.25,0.285714285714286,6,0.0723723491402369
"up",0.6,39,"SVP (BIC)",0.4,0.25,0.307692307692308,5,0.0851985159904292
"up",0.6,40,"PELT",0.571428571428571,0.5,0.533333333333333,7,0.0358235135010702
"up",0.6,40,"SVP",0.5,0.375,0.428571428571429,6,0.0602448423414193
"up",0.6,40,"SVP (BIC)",1,0.625,0.769230769230769,5,0.0690946901997977
"up",0.6,41,"PELT",0.4,0.25,0.307692307692308,5,0.0920839440720481
"up",0.6,41,"SVP",0.4,0.25,0.307692307692308,5,0.0920839440720481
"up",0.6,41,"SVP (BIC)",0.4,0.25,0.307692307692308,5,0.0920839440720481
"up",0.6,42,"PELT",0.428571428571429,0.375,0.4,7,0.0562372540408842
"up",0.6,42,"SVP",0.2,0.125,0.153846153846154,5,0.107088992456223
"up",0.6,42,"SVP (BIC)",0.75,0.375,0.5,4,0.119473759560501
"up",0.6,43,"PELT",0.333333333333333,0.25,0.285714285714286,6,0.0686422562294508
"up",0.6,43,"SVP",0.333333333333333,0.25,0.285714285714286,6,0.0686422562294508
"up",0.6,43,"SVP (BIC)",0.2,0.125,0.153846153846154,5,0.12807162491286
"up",0.6,44,"PELT",0.285714285714286,0.25,0.266666666666667,7,0.0430463050364341
"up",0.6,44,"SVP",0.4,0.25,0.307692307692308,5,0.0855496064982554
"up",0.6,44,"SVP (BIC)",0.6,0.375,0.461538461538462,5,0.0779883375500731
"up",0.6,45,"PELT",0.333333333333333,0.25,0.285714285714286,6,0.0825139052902887
"up",0.6,45,"SVP",0.333333333333333,0.25,0.285714285714286,6,0.0813261571288916
"up",0.6,45,"SVP (BIC)",0.2,0.125,0.153846153846154,5,0.108569005602777
"up",0.6,46,"PELT",0.571428571428571,0.5,0.533333333333333,7,0.0380139683913412
"up",0.6,46,"SVP",0.4,0.25,0.307692307692308,5,0.101066206188209
"up",0.6,46,"SVP (BIC)",0.6,0.375,0.461538461538462,5,0.0759527070898862
"up",0.6,47,"PELT",0.428571428571429,0.375,0.4,7,0.0624675089120718
"up",0.6,47,"SVP",0.166666666666667,0.125,0.142857142857143,6,0.0912938913108855
"up",0.6,47,"SVP (BIC)",0.2,0.125,0.153846153846154,5,0.110237666698672
"up",0.6,48,"PELT",0.25,0.25,0.25,8,0.0706272770844979
"up",0.6,48,"SVP",0.333333333333333,0.25,0.285714285714286,6,0.0676383625237168
"up",0.6,48,"SVP (BIC)",0.5,0.25,0.333333333333333,4,0.103939624349111
"up",0.6,49,"PELT",0.444444444444444,0.5,0.470588235294118,9,0.0745733676534589
"up",0.6,49,"SVP",0.6,0.375,0.461538461538462,5,0.0799629019029562
"up",0.6,49,"SVP (BIC)",0.6,0.375,0.461538461538462,5,0.0799629019029562
"up",0.6,50,"PELT",0.285714285714286,0.25,0.266666666666667,7,0.0556198669930161
"up",0.6,50,"SVP",0.166666666666667,0.125,0.142857142857143,6,0.0859154002595574
"up",0.6,50,"SVP (BIC)",0.25,0.125,0.166666666666667,4,0.115904045531829
"up",0.6,51,"PELT",0.333333333333333,0.25,0.285714285714286,6,0.0693356517687366
"up",0.6,51,"SVP",0.333333333333333,0.25,0.285714285714286,6,0.0693356517687366
"up",0.6,51,"SVP (BIC)",0.75,0.375,0.5,4,0.094977662811283
"up",0.6,52,"PELT",0.571428571428571,0.5,0.533333333333333,7,0.0460717827795631
"up",0.6,52,"SVP",0.6,0.375,0.461538461538462,5,0.0885937291173536
"up",0.6,52,"SVP (BIC)",0.6,0.375,0.461538461538462,5,0.0885937291173536
"up",0.6,53,"PELT",0.333333333333333,0.25,0.285714285714286,6,0.0713488834049258
"up",0.6,53,"SVP",0.2,0.125,0.153846153846154,5,0.107836928351854
"up",0.6,53,"SVP (BIC)",0.2,0.125,0.153846153846154,5,0.107836928351854
"up",0.6,54,"PELT",0.142857142857143,0.125,0.133333333333333,7,0.0676023877957808
"up",0.6,54,"SVP",0.166666666666667,0.125,0.142857142857143,6,0.0911465172301876
"up",0.6,54,"SVP (BIC)",0.2,0.125,0.153846153846154,5,0.109965217293194
"up",0.6,55,"PELT",0.714285714285714,0.625,0.666666666666667,7,0.0327536831597873
"up",0.6,55,"SVP",0.6,0.375,0.461538461538462,5,0.0814349054271882
"up",0.6,55,"SVP (BIC)",0.6,0.375,0.461538461538462,5,0.0754620731760699
"up",0.6,56,"PELT",0.428571428571429,0.375,0.4,7,0.0505048669208953
"up",0.6,56,"SVP",0.666666666666667,0.5,0.571428571428572,6,0.0599287566576899
"up",0.6,56,"SVP (BIC)",0.8,0.5,0.615384615384615,5,0.0739714130638546
"up",0.6,57,"PELT",0.375,0.375,0.375,8,0.0111192801299269
"up",0.6,57,"SVP",0.4,0.25,0.307692307692308,5,0.0898176548058758
"up",0.6,57,"SVP (BIC)",0.4,0.25,0.307692307692308,5,0.0837613675320048
"up",0.6,58,"PELT",0.166666666666667,0.125,0.142857142857143,6,0.0644731215198201
"up",0.6,58,"SVP",0.2,0.125,0.153846153846154,5,0.0969044367361524
"up",0.6,58,"SVP (BIC)",0.2,0.125,0.153846153846154,5,0.0944706742212293
"up",0.6,59,"PELT",0.428571428571429,0.375,0.4,7,0.0402188681369181
"up",0.6,59,"SVP",0.333333333333333,0.25,0.285714285714286,6,0.0645306327684991
"up",0.6,59,"SVP (BIC)",0.2,0.125,0.153846153846154,5,0.108445174100221
"up",0.6,60,"PELT",0.333333333333333,0.25,0.285714285714286,6,0.0646908799542541
"up",0.6,60,"SVP",0.333333333333333,0.25,0.285714285714286,6,0.0646908799542541
"up",0.6,60,"SVP (BIC)",0.2,0.125,0.153846153846154,5,0.0917314611821526
"up",0.6,61,"PELT",0.285714285714286,0.25,0.266666666666667,7,0.0596794485955971
"up",0.6,61,"SVP",0.2,0.125,0.153846153846154,5,0.116343267661238
"up",0.6,61,"SVP (BIC)",0.4,0.25,0.307692307692308,5,0.0977754557019925
"up",0.6,62,"PELT",0.5,0.375,0.428571428571429,6,0.064772611602221
"up",0.6,62,"SVP",0.6,0.375,0.461538461538462,5,0.0802356345752516
"up",0.6,62,"SVP (BIC)",0.5,0.25,0.333333333333333,4,0.118032492800211
"up",0.6,63,"PELT",0.333333333333333,0.25,0.285714285714286,6,0.0627372772083494
"up",0.6,63,"SVP",0.333333333333333,0.25,0.285714285714286,6,0.0627372772083494
"up",0.6,63,"SVP (BIC)",0.25,0.125,0.166666666666667,4,0.133691765750322
"up",0.6,64,"PELT",0.666666666666667,0.5,0.571428571428572,6,0.0590321750164828
"up",0.6,64,"SVP",0.8,0.5,0.615384615384615,5,0.0795120733924482
"up",0.6,64,"SVP (BIC)",0.8,0.5,0.615384615384615,5,0.0737854943326399
"up",0.6,65,"PELT",0.333333333333333,0.25,0.285714285714286,6,0.0724731527385346
"up",0.6,65,"SVP",0.2,0.125,0.153846153846154,5,0.110903306362907
"up",0.6,65,"SVP (BIC)",0.25,0.125,0.166666666666667,4,0.120173876430657
"up",0.6,66,"PELT",0.571428571428571,0.5,0.533333333333333,7,0.0443804885375139
"up",0.6,66,"SVP",0.4,0.25,0.307692307692308,5,0.095688652407617
"up",0.6,66,"SVP (BIC)",0.2,0.125,0.153846153846154,5,0.105159380668408
"up",0.6,67,"PELT",0.5,0.375,0.428571428571429,6,0.0627242470928382
"up",0.6,67,"SVP",0.4,0.25,0.307692307692308,5,0.10029946121858
"up",0.6,67,"SVP (BIC)",0.4,0.25,0.307692307692308,5,0.0806370836017396
"up",0.6,68,"PELT",0.428571428571429,0.375,0.4,7,0.0558187412864192
"up",0.6,68,"SVP",0.666666666666667,0.5,0.571428571428572,6,0.0653216774062648
"up",0.6,68,"SVP (BIC)",0.2,0.125,0.153846153846154,5,0.0977420341677861
"up",0.6,69,"PELT",0.285714285714286,0.25,0.266666666666667,7,0.0379172214044361
"up",0.6,69,"SVP",0.333333333333333,0.25,0.285714285714286,6,0.0589710454583203
"up",0.6,69,"SVP (BIC)",0.2,0.125,0.153846153846154,5,0.0825683043029374
"up",0.6,70,"PELT",0.285714285714286,0.25,0.266666666666667,7,0.0488591927477755
"up",0.6,70,"SVP",0.285714285714286,0.25,0.266666666666667,7,0.0488591927477755
"up",0.6,70,"SVP (BIC)",0.4,0.25,0.307692307692308,5,0.0893402331764423
"up",0.6,71,"PELT",0.571428571428571,0.5,0.533333333333333,7,0.0484882557598333
"up",0.6,71,"SVP",0.5,0.375,0.428571428571429,6,0.0700793072048399
"up",0.6,71,"SVP (BIC)",0.6,0.375,0.461538461538462,5,0.10333642448258
"up",0.6,72,"PELT",0.4,0.25,0.307692307692308,5,0.0898865990324845
"up",0.6,72,"SVP",0.4,0.25,0.307692307692308,5,0.0898865990324845
"up",0.6,72,"SVP (BIC)",0.4,0.25,0.307692307692308,5,0.0898865990324845
"up",0.6,73,"PELT",0.428571428571429,0.375,0.4,7,0.0445392548854049
"up",0.6,73,"SVP",0.428571428571429,0.375,0.4,7,0.0445392548854049
"up",0.6,73,"SVP (BIC)",0.4,0.25,0.307692307692308,5,0.0901083060145794
"up",0.6,74,"PELT",0.333333333333333,0.25,0.285714285714286,6,0.0664171265138839
"up",0.6,74,"SVP",0.333333333333333,0.25,0.285714285714286,6,0.0664171265138839
"up",0.6,74,"SVP (BIC)",0.4,0.25,0.307692307692308,5,0.0838168940247602
"up",0.6,75,"PELT",0.142857142857143,0.125,0.133333333333333,7,0.0780461760829035
"up",0.6,75,"SVP",0.333333333333333,0.25,0.285714285714286,6,0.0921171723840949
"up",0.6,75,"SVP (BIC)",0.4,0.25,0.307692307692308,5,0.116496061286654
"up",0.6,76,"PELT",0.142857142857143,0.125,0.133333333333333,7,0.0588366619135397
"up",0.6,76,"SVP",0.2,0.125,0.153846153846154,5,0.105212577042523
"up",0.6,76,"SVP (BIC)",0.2,0.125,0.153846153846154,5,0.0909035376120998
"up",0.6,77,"PELT",0.5,0.375,0.428571428571429,6,0.0729398535592771
"up",0.6,77,"SVP",0.4,0.25,0.307692307692308,5,0.107328537258477
"up",0.6,77,"SVP (BIC)",0.4,0.25,0.307692307692308,5,0.109481189680671
"up",0.6,78,"PELT",0.571428571428571,0.5,0.533333333333333,7,0.0379694574184807
"up",0.6,78,"SVP",0.5,0.375,0.428571428571429,6,0.0617389275701713
"up",0.6,78,"SVP (BIC)",0.5,0.25,0.333333333333333,4,0.118146446070153
"up",0.6,79,"PELT",0.625,0.625,0.625,8,0.0252555524188478
"up",0.6,79,"SVP",0.666666666666667,0.5,0.571428571428572,6,0.0583181292827659
"up",0.6,79,"SVP (BIC)",0.4,0.25,0.307692307692308,5,0.0905543989797376
"up",0.6,80,"PELT",0.428571428571429,0.375,0.4,7,0.0545274488805304
"up",0.6,80,"SVP",0.5,0.375,0.428571428571429,6,0.0616496517920384
"up",0.6,80,"SVP (BIC)",0.4,0.25,0.307692307692308,5,0.100015005579197
"up",0.6,81,"PELT",0.428571428571429,0.375,0.4,7,0.0412787858394379
"up",0.6,81,"SVP",0.2,0.125,0.153846153846154,5,0.0833382892302856
"up",0.6,81,"SVP (BIC)",0.2,0.125,0.153846153846154,5,0.100932053259217
"up",0.6,82,"PELT",0.428571428571429,0.375,0.4,7,0.0426878460893008
"up",0.6,82,"SVP",0.6,0.375,0.461538461538462,5,0.0852501796799965
"up",0.6,82,"SVP (BIC)",0.5,0.25,0.333333333333333,4,0.125747892335048
"up",0.6,83,"PELT",0.857142857142857,0.75,0.8,7,0.0384680690167259
"up",0.6,83,"SVP",0.6,0.375,0.461538461538462,5,0.0886882866040446
"up",0.6,83,"SVP (BIC)",0.6,0.375,0.461538461538462,5,0.0886882866040446
"up",0.6,84,"PELT",0.142857142857143,0.125,0.133333333333333,7,0.0527102061940388
"up",0.6,84,"SVP",0.2,0.125,0.153846153846154,5,0.110927458425674
"up",0.6,84,"SVP (BIC)",0.25,0.125,0.166666666666667,4,0.126546852104004
"up",0.6,85,"PELT",0.285714285714286,0.25,0.266666666666667,7,0.0534172827794355
"up",0.6,85,"SVP",0.2,0.125,0.153846153846154,5,0.104201303211336
"up",0.6,85,"SVP (BIC)",0.2,0.125,0.153846153846154,5,0.104201303211336
"up",0.6,86,"PELT",0.5,0.5,0.5,8,0.0190164470646509
"up",0.6,86,"SVP",0.666666666666667,0.5,0.571428571428572,6,0.0530358661283617
"up",0.6,86,"SVP (BIC)",0.5,0.25,0.333333333333333,4,0.10295852587374
"up",0.6,87,"PELT",0.428571428571429,0.375,0.4,7,0.0417855856429477
"up",0.6,87,"SVP",0.2,0.125,0.153846153846154,5,0.120329058555567
"up",0.6,87,"SVP (BIC)",0.4,0.25,0.307692307692308,5,0.0820019396460577
"up",0.6,88,"PELT",0.142857142857143,0.125,0.133333333333333,7,0.0716214874380718
"up",0.6,88,"SVP",0.166666666666667,0.125,0.142857142857143,6,0.086979151077498
"up",0.6,88,"SVP (BIC)",0.2,0.125,0.153846153846154,5,0.0948528258196165
"up",0.6,89,"PELT",0.666666666666667,0.5,0.571428571428572,6,0.065130022512935
"up",0.6,89,"SVP",0.6,0.375,0.461538461538462,5,0.0879887895235369
"up",0.6,89,"SVP (BIC)",1,0.5,0.666666666666667,4,0.104847992934869
"up",0.6,90,"PELT",0.5,0.375,0.428571428571429,6,0.068388323641194
"up",0.6,90,"SVP",0.5,0.375,0.428571428571429,6,0.068388323641194
"up",0.6,90,"SVP (BIC)",0.8,0.5,0.615384615384615,5,0.0835495507682194
"up",0.6,91,"PELT",0.166666666666667,0.125,0.142857142857143,6,0.122965339061983
"up",0.6,91,"SVP",0.2,0.125,0.153846153846154,5,0.114997688723016
"up",0.6,91,"SVP (BIC)",0.25,0.125,0.166666666666667,4,0.139079880954747
"up",0.6,92,"PELT",0.666666666666667,0.5,0.571428571428572,6,0.0540285706706786
"up",0.6,92,"SVP",0.666666666666667,0.5,0.571428571428572,6,0.0540285706706786
"up",0.6,92,"SVP (BIC)",0.8,0.5,0.615384615384615,5,0.0753134606390925
"up",0.6,93,"PELT",0.5,0.5,0.5,8,0.0595026111885224
"up",0.6,93,"SVP",0.4,0.25,0.307692307692308,5,0.105090986110439
"up",0.6,93,"SVP (BIC)",0.4,0.25,0.307692307692308,5,0.105090986110439
"up",0.6,94,"PELT",0.5,0.375,0.428571428571429,6,0.0596270731909146
"up",0.6,94,"SVP",0.4,0.25,0.307692307692308,5,0.0908758559747627
"up",0.6,94,"SVP (BIC)",0.6,0.375,0.461538461538462,5,0.0793071296333296
"up",0.6,95,"PELT",0.428571428571429,0.375,0.4,7,0.0569155183677168
"up",0.6,95,"SVP",0.2,0.125,0.153846153846154,5,0.110525045115264
"up",0.6,95,"SVP (BIC)",0.6,0.375,0.461538461538462,5,0.0900699374139095
"up",0.6,96,"PELT",0.285714285714286,0.25,0.266666666666667,7,0.0522368021026652
"up",0.6,96,"SVP",0.4,0.25,0.307692307692308,5,0.0969429941324038
"up",0.6,96,"SVP (BIC)",0.4,0.25,0.307692307692308,5,0.0969429941324038
"up",0.6,97,"PELT",0.428571428571429,0.375,0.4,7,0.0385588115124062
"up",0.6,97,"SVP",0.2,0.125,0.153846153846154,5,0.0971131427851787
"up",0.6,97,"SVP (BIC)",0.2,0.125,0.153846153846154,5,0.0971131427851787
"up",0.6,98,"PELT",0.428571428571429,0.375,0.4,7,0.0444210902514585
"up",0.6,98,"SVP",0.4,0.25,0.307692307692308,5,0.0806069590971587
"up",0.6,98,"SVP (BIC)",0.5,0.25,0.333333333333333,4,0.105833129602244
"up",0.6,99,"PELT",0.428571428571429,0.375,0.4,7,0.0401300664254012
"up",0.6,99,"SVP",0.4,0.25,0.307692307692308,5,0.0828297972084339
"up",0.6,99,"SVP (BIC)",0.4,0.25,0.307692307692308,5,0.0828297972084339
"up",0.6,100,"PELT",0.333333333333333,0.25,0.285714285714286,6,0.0696461594497085
"up",0.6,100,"SVP",0.333333333333333,0.25,0.285714285714286,6,0.0696461594497085
"up",0.6,100,"SVP (BIC)",0.4,0.25,0.307692307692308,5,0.0901245468879603
"updown",0.6,1,"PELT",0.333333333333333,0.25,0.285714285714286,6,0.048238082127216
"updown",0.6,1,"SVP",0.666666666666667,0.25,0.363636363636364,3,0.0729569648771587
"updown",0.6,1,"SVP (BIC)",0.5,0.125,0.2,2,0.0926035768137425
"updown",0.6,2,"PELT",0.333333333333333,0.25,0.285714285714286,6,0.083108110632589
"updown",0.6,2,"SVP",0.333333333333333,0.125,0.181818181818182,3,0.0799865542123536
"updown",0.6,2,"SVP (BIC)",1,0.125,0.222222222222222,1,0.0905603394318481
"updown",0.6,3,"PELT",0.5,0.5,0.5,8,0.0151592830828353
"updown",0.6,3,"SVP",1,0.25,0.4,2,0.0782777709154715
"updown",0.6,3,"SVP (BIC)",1,0.125,0.222222222222222,1,0.0904811392103214
"updown",0.6,4,"PELT",0.333333333333333,0.125,0.181818181818182,3,0.0834326035386308
"updown",0.6,4,"SVP",0.333333333333333,0.125,0.181818181818182,3,0.082545330767795
"updown",0.6,4,"SVP (BIC)",1,0.25,0.4,2,0.0799628200178374
"updown",0.6,5,"PELT",0.5,0.25,0.333333333333333,4,0.0732361025362162
"updown",0.6,5,"SVP",0.5,0.125,0.2,2,0.0806831016018544
"updown",0.6,5,"SVP (BIC)",1,0.125,0.222222222222222,1,0.0921902868509426
"updown",0.6,6,"PELT",0.5,0.25,0.333333333333333,4,0.0798514531259541
"updown",0.6,6,"SVP",0.25,0.125,0.166666666666667,4,0.0706963613953521
"updown",0.6,6,"SVP (BIC)",1,0.125,0.222222222222222,1,0.0903824914890213
"updown",0.6,7,"PELT",0.75,0.375,0.5,4,0.0723587418275504
"updown",0.6,7,"SVP",1,0.375,0.545454545454545,3,0.0770445227390684
"updown",0.6,7,"SVP (BIC)",1,0.25,0.4,2,0.0844874610749114
"updown",0.6,8,"PELT",0.375,0.375,0.375,8,0.0502147192626513
"updown",0.6,8,"SVP",0.2,0.125,0.153846153846154,5,0.0965714853609011
"updown",0.6,8,"SVP (BIC)",0.333333333333333,0.125,0.181818181818182,3,0.0890467262240132
"updown",0.6,9,"PELT",0.5,0.125,0.2,2,0.079534872931582
"updown",0.6,9,"SVP",0.5,0.125,0.2,2,0.0832009870877161
"updown",0.6,9,"SVP (BIC)",1,0.125,0.222222222222222,1,0.0900053263205507
"updown",0.6,10,"PELT",0.666666666666667,0.5,0.571428571428572,6,0.0540239510983325
"updown",0.6,10,"SVP",0.666666666666667,0.25,0.363636363636364,3,0.0822686741840014
"updown",0.6,10,"SVP (BIC)",1,0.25,0.4,2,0.0887043026694916
"updown",0.6,11,"PELT",0.166666666666667,0.125,0.142857142857143,6,0.0908467466222867
"updown",0.6,11,"SVP",0.2,0.125,0.153846153846154,5,0.0883504716689798
"updown",0.6,11,"SVP (BIC)",0.25,0.125,0.166666666666667,4,0.0909314473451522
"updown",0.6,12,"PELT",0.666666666666667,0.25,0.363636363636364,3,0.0730002465264504
"updown",0.6,12,"SVP",1,0.25,0.4,2,0.0780757704878183
"updown",0.6,12,"SVP (BIC)",0.5,0.125,0.2,2,0.0809687096859573
"updown",0.6,13,"PELT",0.6,0.375,0.461538461538462,5,0.058221654663678
"updown",0.6,13,"SVP",0.333333333333333,0.125,0.181818181818182,3,0.075834461274818
"updown",0.6,13,"SVP (BIC)",0.5,0.125,0.2,2,0.0804409336183869
"updown",0.6,14,"PELT",0.2,0.125,0.153846153846154,5,0.093783954836829
"updown",0.6,14,"SVP",0.333333333333333,0.125,0.181818181818182,3,0.0908019672570293
"updown",0.6,14,"SVP (BIC)",0.666666666666667,0.25,0.363636363636364,3,0.0894900686803684
"updown",0.6,15,"PELT",0.75,0.375,0.5,4,0.0685734925632238
"updown",0.6,15,"SVP",0.5,0.125,0.2,2,0.098498374431618
"updown",0.6,15,"SVP (BIC)",0.5,0.125,0.2,2,0.100872033278096
"updown",0.6,16,"PELT",0.5,0.5,0.5,8,0.0351745718383279
"updown",0.6,16,"SVP",0.333333333333333,0.125,0.181818181818182,3,0.0794556596993614
"updown",0.6,16,"SVP (BIC)",0.5,0.125,0.2,2,0.0874293729966409
"updown",0.6,17,"PELT",0.25,0.25,0.25,8,0.030182197428424
"updown",0.6,17,"SVP",0.25,0.125,0.166666666666667,4,0.0790387438421534
"updown",0.6,17,"SVP (BIC)",0.5,0.125,0.2,2,0.0861159445059799
"updown",0.6,18,"PELT",0.333333333333333,0.25,0.285714285714286,6,0.0481113948421801
"updown",0.6,18,"SVP",0.333333333333333,0.125,0.181818181818182,3,0.088532391932186
"updown",0.6,18,"SVP (BIC)",1,0.25,0.4,2,0.0864668911177759
"updown",0.6,19,"PELT",0.75,0.375,0.5,4,0.0778971522737605
"updown",0.6,19,"SVP",0.4,0.25,0.307692307692308,5,0.0736346839988485
"updown",0.6,19,"SVP (BIC)",0.666666666666667,0.25,0.363636363636364,3,0.0937082544850646
"updown",0.6,20,"PELT",0.5,0.5,0.5,8,0.0307356798457003
"updown",0.6,20,"SVP",0.5,0.25,0.333333333333333,4,0.0815531584755083
"updown",0.6,20,"SVP (BIC)",0.5,0.125,0.2,2,0.0871920845967974
"updown",0.6,21,"PELT",0.5,0.375,0.428571428571429,6,0.0493682633707406
"updown",0.6,21,"SVP",0.333333333333333,0.125,0.181818181818182,3,0.0758138349251543
"updown",0.6,21,"SVP (BIC)",0.5,0.125,0.2,2,0.0824403118013926
"updown",0.6,22,"PELT",0.666666666666667,0.5,0.571428571428572,6,0.0455385145990443
"updown",0.6,22,"SVP",0.4,0.25,0.307692307692308,5,0.0663120171130124
"updown",0.6,22,"SVP (BIC)",0.5,0.125,0.2,2,0.081115364091673
"updown",0.6,23,"PELT",0.285714285714286,0.25,0.266666666666667,7,0.0398651447047082
"updown",0.6,23,"SVP",0.75,0.375,0.5,4,0.0589557468430961
"updown",0.6,23,"SVP (BIC)",0.5,0.125,0.2,2,0.0812485785956369
"updown",0.6,24,"PELT",0.5,0.5,0.5,8,0.0210752907162508
"updown",0.6,24,"SVP",0.428571428571429,0.375,0.4,7,0.0483922932976258
"updown",0.6,24,"SVP (BIC)",0.333333333333333,0.125,0.181818181818182,3,0.0906929409585624
"updown",0.6,25,"PELT",1,0.25,0.4,2,0.0813632891563243
"updown",0.6,25,"SVP",0.5,0.125,0.2,2,0.0823162674678724
"updown",0.6,25,"SVP (BIC)",1,0.25,0.4,2,0.0813632891563243
"updown",0.6,26,"PELT",0.5,0.125,0.2,2,0.088420201849525
"updown",0.6,26,"SVP",0.5,0.125,0.2,2,0.088420201849525
"updown",0.6,26,"SVP (BIC)",0.5,0.125,0.2,2,0.088420201849525
"updown",0.6,27,"PELT",0.333333333333333,0.25,0.285714285714286,6,0.0638579054076658
"updown",0.6,27,"SVP",0.333333333333333,0.125,0.181818181818182,3,0.0826607083408873
"updown",0.6,27,"SVP (BIC)",1,0.25,0.4,2,0.0803799134681989
"updown",0.6,28,"PELT",0.25,0.25,0.25,8,0.0216689484358767
"updown",0.6,28,"SVP",0.333333333333333,0.125,0.181818181818182,3,0.0745353687331599
"updown",0.6,28,"SVP (BIC)",0.5,0.125,0.2,2,0.0828857615891141
"updown",0.6,29,"PELT",0.5,0.375,0.428571428571429,6,0.0650774670529131
"updown",0.6,29,"SVP",0.5,0.125,0.2,2,0.0912335385540244
"updown",0.6,29,"SVP (BIC)",0.5,0.125,0.2,2,0.0904886609117042
"updown",0.6,30,"PELT",0.75,0.375,0.5,4,0.0660568495792853
"updown",0.6,30,"SVP",0.25,0.125,0.166666666666667,4,0.075399406377987
"updown",0.6,30,"SVP (BIC)",0.5,0.125,0.2,2,0.0977119414764778
"updown",0.6,31,"PELT",0.375,0.375,0.375,8,0.0270061253587551
"updown",0.6,31,"SVP",0.333333333333333,0.25,0.285714285714286,6,0.0530813720869165
"updown",0.6,31,"SVP (BIC)",0.5,0.125,0.2,2,0.0851329578265859
"updown",0.6,32,"PELT",1,0.125,0.222222222222222,1,0.0933686899315159
"updown",0.6,32,"SVP",0.5,0.125,0.2,2,0.0847553427282442
"updown",0.6,32,"SVP (BIC)",1,0.125,0.222222222222222,1,0.0933686899315159
"updown",0.6,33,"PELT",0.5,0.125,0.2,2,0.0851622813289739
"updown",0.6,33,"SVP",0.5,0.125,0.2,2,0.0851622813289739
"updown",0.6,33,"SVP (BIC)",1,0.125,0.222222222222222,1,0.092453569240234
"updown",0.6,34,"PELT",0.75,0.375,0.5,4,0.0675340511302632
"updown",0.6,34,"SVP",0.333333333333333,0.125,0.181818181818182,3,0.0823916344700218
"updown",0.6,34,"SVP (BIC)",1,0.25,0.4,2,0.0778852727387626
"updown",0.6,35,"PELT",0.666666666666667,0.5,0.571428571428572,6,0.0456303906443247
"updown",0.6,35,"SVP",0.75,0.375,0.5,4,0.0806085627012078
"updown",0.6,35,"SVP (BIC)",1,0.125,0.222222222222222,1,0.090278952340569
"updown",0.6,36,"PELT",0.625,0.625,0.625,8,0.0279547184667978
"updown",0.6,36,"SVP",0.571428571428571,0.5,0.533333333333333,7,0.0463656208311955
"updown",0.6,36,"SVP (BIC)",1,0.25,0.4,2,0.0895210391728592
"updown",0.6,37,"PELT",0.833333333333333,0.625,0.714285714285714,6,0.0353876503119017
"updown",0.6,37,"SVP",0.25,0.125,0.166666666666667,4,0.0966266063127762
"updown",0.6,37,"SVP (BIC)",1,0.25,0.4,2,0.0777329898519591
"updown",0.6,38,"PELT",0.833333333333333,0.625,0.714285714285714,6,0.0446772829230113
"updown",0.6,38,"SVP",0.333333333333333,0.125,0.181818181818182,3,0.0912833362663018
"updown",0.6,38,"SVP (BIC)",1,0.25,0.4,2,0.078059421940172
"updown",0.6,39,"PELT",0.5,0.25,0.333333333333333,4,0.0754344179191197
"updown",0.6,39,"SVP",0.5,0.125,0.2,2,0.0843896818986955
"updown",0.6,39,"SVP (BIC)",0.5,0.125,0.2,2,0.0786231464936279
"updown",0.6,40,"PELT",0.375,0.375,0.375,8,0.0316047025146606
"updown",0.6,40,"SVP",0.333333333333333,0.125,0.181818181818182,3,0.0738982634457978
"updown",0.6,40,"SVP (BIC)",0.5,0.125,0.2,2,0.079900742374021
"updown",0.6,41,"PELT",0.375,0.375,0.375,8,0.0245166586632516
"updown",0.6,41,"SVP",0.4,0.25,0.307692307692308,5,0.0671568405131698
"updown",0.6,41,"SVP (BIC)",0.5,0.125,0.2,2,0.0801537559401767
"updown",0.6,42,"PELT",0.5,0.375,0.428571428571429,6,0.0547696337986629
"updown",0.6,42,"SVP",0.5,0.125,0.2,2,0.0868833192198328
"updown",0.6,42,"SVP (BIC)",1,0.125,0.222222222222222,1,0.0903114833582726
"updown",0.6,43,"PELT",0.166666666666667,0.125,0.142857142857143,6,0.0673388422330794
"updown",0.6,43,"SVP",0.4,0.25,0.307692307692308,5,0.0647190101706453
"updown",0.6,43,"SVP (BIC)",0.666666666666667,0.25,0.363636363636364,3,0.0751551755962221
"updown",0.6,44,"PELT",0.25,0.125,0.166666666666667,4,0.0957974902976867
"updown",0.6,44,"SVP",0.25,0.125,0.166666666666667,4,0.0906380969615939
"updown",0.6,44,"SVP (BIC)",0.5,0.125,0.2,2,0.082503117544046
"updown",0.6,45,"PELT",0.5,0.375,0.428571428571429,6,0.0514167743426717
"updown",0.6,45,"SVP",0.5,0.125,0.2,2,0.0805957384497091
"updown",0.6,45,"SVP (BIC)",1,0.125,0.222222222222222,1,0.0903649489793015
"updown",0.6,46,"PELT",0.5,0.375,0.428571428571429,6,0.0788018439864785
"updown",0.6,46,"SVP",0.5,0.125,0.2,2,0.0850909941730657
"updown",0.6,46,"SVP (BIC)",1,0.25,0.4,2,0.0785460519919705
"updown",0.6,47,"PELT",0.5,0.5,0.5,8,0.0218158095429104
"updown",0.6,47,"SVP",0.666666666666667,0.25,0.363636363636364,3,0.0771081668697241
"updown",0.6,47,"SVP (BIC)",0.5,0.125,0.2,2,0.080582510131951
"updown",0.6,48,"PELT",1,0.125,0.222222222222222,1,0.0905714819450729
"updown",0.6,48,"SVP",0.5,0.125,0.2,2,0.0889300737930819
"updown",0.6,48,"SVP (BIC)",1,0.125,0.222222222222222,1,0.0905714819450729
"updown",0.6,49,"PELT",1,0.125,0.222222222222222,1,0.0902400731191084
"updown",0.6,49,"SVP",0.5,0.125,0.2,2,0.0830499508808207
"updown",0.6,49,"SVP (BIC)",1,0.125,0.222222222222222,1,0.0902400731191084
"updown",0.6,50,"PELT",0.2,0.125,0.153846153846154,5,0.0647404865865601
"updown",0.6,50,"SVP",0.25,0.125,0.166666666666667,4,0.0941396059092697
"updown",0.6,50,"SVP (BIC)",0.5,0.125,0.2,2,0.100559660890419
"updown",0.6,51,"PELT",0.375,0.375,0.375,8,0.0404094132613212
"updown",0.6,51,"SVP",0.4,0.25,0.307692307692308,5,0.0734881480378406
"updown",0.6,51,"SVP (BIC)",0.5,0.125,0.2,2,0.0879871884048819
"updown",0.6,52,"PELT",0.5,0.25,0.333333333333333,4,0.0792523789096018
"updown",0.6,52,"SVP",1,0.25,0.4,2,0.0881068715556418
"updown",0.6,52,"SVP (BIC)",1,0.125,0.222222222222222,1,0.0940107157373329
"updown",0.6,53,"PELT",0.5,0.375,0.428571428571429,6,0.0510406281969388
"updown",0.6,53,"SVP",0.5,0.25,0.333333333333333,4,0.0742792648127034
"updown",0.6,53,"SVP (BIC)",0.5,0.125,0.2,2,0.0843051230394907
"updown",0.6,54,"PELT",0.375,0.375,0.375,8,0.0323688526120341
"updown",0.6,54,"SVP",0.25,0.125,0.166666666666667,4,0.0892973399617683
"updown",0.6,54,"SVP (BIC)",0.5,0.125,0.2,2,0.097525920089341
"updown",0.6,55,"PELT",0.75,0.75,0.75,8,0.0276938407962737
"updown",0.6,55,"SVP",0.333333333333333,0.25,0.285714285714286,6,0.0744202213987077
"updown",0.6,55,"SVP (BIC)",0.666666666666667,0.25,0.363636363636364,3,0.0835686148676708
"updown",0.6,56,"PELT",0.625,0.625,0.625,8,0.0356176314109733
"updown",0.6,56,"SVP",0.75,0.375,0.5,4,0.0614448974404987
"updown",0.6,56,"SVP (BIC)",0.5,0.125,0.2,2,0.0797205571317356
"updown",0.6,57,"PELT",0.333333333333333,0.25,0.285714285714286,6,0.0722498529527433
"updown",0.6,57,"SVP",0.4,0.25,0.307692307692308,5,0.0801548023519544
"updown",0.6,57,"SVP (BIC)",0.333333333333333,0.125,0.181818181818182,3,0.091069463028213
"updown",0.6,58,"PELT",0.666666666666667,0.5,0.571428571428572,6,0.0488302270839212
"updown",0.6,58,"SVP",0.75,0.375,0.5,4,0.0819418538370022
"updown",0.6,58,"SVP (BIC)",1,0.125,0.222222222222222,1,0.0920761532723381
"updown",0.6,59,"PELT",0.5,0.25,0.333333333333333,4,0.0637584687225037
"updown",0.6,59,"SVP",0.333333333333333,0.125,0.181818181818182,3,0.0751548038447287
"updown",0.6,59,"SVP (BIC)",0.5,0.125,0.2,2,0.0829812813939845
"updown",0.6,60,"PELT",1,0.75,0.857142857142857,6,0.0390715293958409
"updown",0.6,60,"SVP",0.75,0.375,0.5,4,0.0705523799900135
"updown",0.6,60,"SVP (BIC)",0.5,0.125,0.2,2,0.0795983935258645
"updown",0.6,61,"PELT",0.555555555555556,0.625,0.588235294117647,9,0.044871152451232
"updown",0.6,61,"SVP",0.666666666666667,0.5,0.571428571428572,6,0.0548487096220186
"updown",0.6,61,"SVP (BIC)",0.333333333333333,0.125,0.181818181818182,3,0.0869922033601643
"updown",0.6,62,"PELT",0.5,0.25,0.333333333333333,4,0.0731619624566949
"updown",0.6,62,"SVP",0.333333333333333,0.125,0.181818181818182,3,0.0970443845221634
"updown",0.6,62,"SVP (BIC)",1,0.125,0.222222222222222,1,0.0918631152064132
"updown",0.6,63,"PELT",0.2,0.125,0.153846153846154,5,0.0863598289805445
"updown",0.6,63,"SVP",0.25,0.125,0.166666666666667,4,0.0929578247181728
"updown",0.6,63,"SVP (BIC)",1,0.125,0.222222222222222,1,0.0910721607084156
"updown",0.6,64,"PELT",1,0.125,0.222222222222222,1,0.0900021191824955
"updown",0.6,64,"SVP",1,0.125,0.222222222222222,1,0.0900021191824955
"updown",0.6,64,"SVP (BIC)",1,0.125,0.222222222222222,1,0.0900021191824955
"updown",0.6,65,"PELT",0.5,0.375,0.428571428571429,6,0.0491354755671713
"updown",0.6,65,"SVP",0.333333333333333,0.125,0.181818181818182,3,0.0773885632992313
"updown",0.6,65,"SVP (BIC)",1,0.125,0.222222222222222,1,0.0907667599523
"updown",0.6,66,"PELT",0.375,0.375,0.375,8,0.0333642829787284
"updown",0.6,66,"SVP",0.166666666666667,0.125,0.142857142857143,6,0.0804633489789628
"updown",0.6,66,"SVP (BIC)",0.333333333333333,0.125,0.181818181818182,3,0.0850226923483865
"updown",0.6,67,"PELT",0.5,0.5,0.5,8,0.0267843688406429
"updown",0.6,67,"SVP",0.333333333333333,0.125,0.181818181818182,3,0.082449953439464
"updown",0.6,67,"SVP (BIC)",1,0.125,0.222222222222222,1,0.0916942086316162
"updown",0.6,68,"PELT",0.333333333333333,0.125,0.181818181818182,3,0.0881463035980607
"updown",0.6,68,"SVP",0.5,0.25,0.333333333333333,4,0.0598306280484639
"updown",0.6,68,"SVP (BIC)",1,0.125,0.222222222222222,1,0.0902612522940627
"updown",0.6,69,"PELT",0.25,0.25,0.25,8,0.0401312092405788
"updown",0.6,69,"SVP",0.2,0.125,0.153846153846154,5,0.0839580994660915
"updown",0.6,69,"SVP (BIC)",0.333333333333333,0.125,0.181818181818182,3,0.0839890056194679
"updown",0.6,70,"PELT",0.625,0.625,0.625,8,0.0165468567939359
"updown",0.6,70,"SVP",0.666666666666667,0.25,0.363636363636364,3,0.0740857942802502
"updown",0.6,70,"SVP (BIC)",0.5,0.125,0.2,2,0.0821088352653528
"updown",0.6,71,"PELT",0.222222222222222,0.25,0.235294117647059,9,0.065054143057892
"updown",0.6,71,"SVP",0.25,0.125,0.166666666666667,4,0.0726702591916963
"updown",0.6,71,"SVP (BIC)",0.5,0.125,0.2,2,0.0853428115114267
"updown",0.6,72,"PELT",0.333333333333333,0.25,0.285714285714286,6,0.0492267564250374
"updown",0.6,72,"SVP",0.5,0.125,0.2,2,0.0804033007713085
"updown",0.6,72,"SVP (BIC)",1,0.125,0.222222222222222,1,0.0921233303148822
"updown",0.6,73,"PELT",0.75,0.375,0.5,4,0.0663258578875886
"updown",0.6,73,"SVP",0.333333333333333,0.125,0.181818181818182,3,0.0884763933922272
"updown",0.6,73,"SVP (BIC)",0.5,0.125,0.2,2,0.0929153937097544
"updown",0.6,74,"PELT",0.5,0.375,0.428571428571429,6,0.0618363062753264
"updown",0.6,74,"SVP",0.5,0.25,0.333333333333333,4,0.0866828441230362
"updown",0.6,74,"SVP (BIC)",0.666666666666667,0.25,0.363636363636364,3,0.081438194855299
"updown",0.6,75,"PELT",0.333333333333333,0.25,0.285714285714286,6,0.0467692281665259
"updown",0.6,75,"SVP",0.5,0.125,0.2,2,0.0794111073479574
"updown",0.6,75,"SVP (BIC)",0.5,0.125,0.2,2,0.0790292880674041
"updown",0.6,76,"PELT",0.5,0.375,0.428571428571429,6,0.0465629886431846
"updown",0.6,76,"SVP",0.5,0.25,0.333333333333333,4,0.0678769920981531
"updown",0.6,76,"SVP (BIC)",0.5,0.125,0.2,2,0.0869069817858131
"updown",0.6,77,"PELT",0.5,0.125,0.2,2,0.0812251874899307
"updown",0.6,77,"SVP",0.5,0.125,0.2,2,0.0897868931359082
"updown",0.6,77,"SVP (BIC)",0.5,0.125,0.2,2,0.0812251874899307
"updown",0.6,78,"PELT",0.5,0.5,0.5,8,0.0268855035833107
"updown",0.6,78,"SVP",0.333333333333333,0.125,0.181818181818182,3,0.0966864736009027
"updown",0.6,78,"SVP (BIC)",0.5,0.125,0.2,2,0.0903212978702192
"updown",0.6,79,"PELT",0.166666666666667,0.125,0.142857142857143,6,0.0610644248372611
"updown",0.6,79,"SVP",0.333333333333333,0.125,0.181818181818182,3,0.0880401517085434
"updown",0.6,79,"SVP (BIC)",0.5,0.125,0.2,2,0.0795248262462647
"updown",0.6,80,"PELT",0.333333333333333,0.25,0.285714285714286,6,0.0669297088580323
"updown",0.6,80,"SVP",0.2,0.125,0.153846153846154,5,0.0683237440791178
"updown",0.6,80,"SVP (BIC)",0.5,0.125,0.2,2,0.080882125836617
"updown",0.6,81,"PELT",0.571428571428571,0.5,0.533333333333333,7,0.0677349397115646
"updown",0.6,81,"SVP",0.25,0.125,0.166666666666667,4,0.0985242828560821
"updown",0.6,81,"SVP (BIC)",0.333333333333333,0.125,0.181818181818182,3,0.101727348814796
"updown",0.6,82,"PELT",0.285714285714286,0.25,0.266666666666667,7,0.0488063831246921
"updown",0.6,82,"SVP",0.166666666666667,0.125,0.142857142857143,6,0.0684958981355636
"updown",0.6,82,"SVP (BIC)",0.5,0.125,0.2,2,0.085086502473457
"updown",0.6,83,"PELT",0.375,0.375,0.375,8,0.0246453968749967
"updown",0.6,83,"SVP",0.4,0.25,0.307692307692308,5,0.0576960450673807
"updown",0.6,83,"SVP (BIC)",0.5,0.125,0.2,2,0.0882356201409355
"updown",0.6,84,"PELT",0.5,0.25,0.333333333333333,4,0.0738978371173574
"updown",0.6,84,"SVP",0.5,0.25,0.333333333333333,4,0.0738978371173574
"updown",0.6,84,"SVP (BIC)",0.333333333333333,0.125,0.181818181818182,3,0.081591973302892
"updown",0.6,85,"PELT",0.25,0.25,0.25,8,0.0566645132114009
"updown",0.6,85,"SVP",0.5,0.25,0.333333333333333,4,0.0737849377766442
"updown",0.6,85,"SVP (BIC)",0.666666666666667,0.25,0.363636363636364,3,0.0780965053673179
"updown",0.6,86,"PELT",0.375,0.375,0.375,8,0.0242174075851403
"updown",0.6,86,"SVP",0.25,0.125,0.166666666666667,4,0.0899609699106766
"updown",0.6,86,"SVP (BIC)",0.5,0.125,0.2,2,0.0880625849829232
"updown",0.6,87,"PELT",1,0.25,0.4,2,0.0782755418733144
"updown",0.6,87,"SVP",1,0.25,0.4,2,0.0782755418733144
"updown",0.6,87,"SVP (BIC)",1,0.125,0.222222222222222,1,0.0901098283663165
"updown",0.6,88,"PELT",1,0.125,0.222222222222222,1,0.0900590739135514
"updown",0.6,88,"SVP",0.5,0.125,0.2,2,0.0850085762386594
"updown",0.6,88,"SVP (BIC)",1,0.125,0.222222222222222,1,0.0900590739135514
"updown",0.6,89,"PELT",0.333333333333333,0.25,0.285714285714286,6,0.0811787174048843
"updown",0.6,89,"SVP",0.333333333333333,0.125,0.181818181818182,3,0.0831108598957272
"updown",0.6,89,"SVP (BIC)",1,0.25,0.4,2,0.0935229211712544
"updown",0.6,90,"PELT",0.5,0.5,0.5,8,0.0195592411137764
"updown",0.6,90,"SVP",0.333333333333333,0.125,0.181818181818182,3,0.0705405858424486
"updown",0.6,90,"SVP (BIC)",1,0.125,0.222222222222222,1,0.0901304968349437
"updown",0.6,91,"PELT",0.666666666666667,0.5,0.571428571428572,6,0.0484167879217467
"updown",0.6,91,"SVP",0.25,0.125,0.166666666666667,4,0.0776620506120493
"updown",0.6,91,"SVP (BIC)",0.5,0.125,0.2,2,0.0807309670262116
"updown",0.6,92,"PELT",0.25,0.25,0.25,8,0.0579913178833779
"updown",0.6,92,"SVP",0.2,0.125,0.153846153846154,5,0.0824868550237769
"updown",0.6,92,"SVP (BIC)",0.5,0.125,0.2,2,0.0899240935812766
"updown",0.6,93,"PELT",0.2,0.125,0.153846153846154,5,0.0658404291033184
"updown",0.6,93,"SVP",0.333333333333333,0.125,0.181818181818182,3,0.0850074349178592
"updown",0.6,93,"SVP (BIC)",1,0.125,0.222222222222222,1,0.0917968920196266
"updown",0.6,94,"PELT",0.5,0.5,0.5,8,0.0352204856193906
"updown",0.6,94,"SVP",0.4,0.25,0.307692307692308,5,0.0783888459630976
"updown",0.6,94,"SVP (BIC)",0.333333333333333,0.125,0.181818181818182,3,0.0992260187151876
"updown",0.6,95,"PELT",0.25,0.25,0.25,8,0.0380539175470261
"updown",0.6,95,"SVP",0.333333333333333,0.125,0.181818181818182,3,0.0835414456737827
"updown",0.6,95,"SVP (BIC)",1,0.125,0.222222222222222,1,0.0913393791258465
"updown",0.6,96,"PELT",1,0.125,0.222222222222222,1,0.0906446127714726
"updown",0.6,96,"SVP",0.5,0.125,0.2,2,0.0859481823354391
"updown",0.6,96,"SVP (BIC)",1,0.125,0.222222222222222,1,0.0906446127714726
"updown",0.6,97,"PELT",0.4,0.25,0.307692307692308,5,0.0671283204907638
"updown",0.6,97,"SVP",0.333333333333333,0.125,0.181818181818182,3,0.0787057364137911
"updown",0.6,97,"SVP (BIC)",1,0.125,0.222222222222222,1,0.0915758856816456
"updown",0.6,98,"PELT",0.5,0.5,0.5,8,0.0341170121396984
"updown",0.6,98,"SVP",0.2,0.125,0.153846153846154,5,0.0802176099409671
"updown",0.6,98,"SVP (BIC)",0.5,0.125,0.2,2,0.0873843558534647
"updown",0.6,99,"PELT",0.25,0.25,0.25,8,0.0493989259812301
"updown",0.6,99,"SVP",0.5,0.125,0.2,2,0.0854557112957475
"updown",0.6,99,"SVP (BIC)",0.5,0.125,0.2,2,0.0809897453681792
"updown",0.6,100,"PELT",0.5,0.25,0.333333333333333,4,0.0676160654854551
"updown",0.6,100,"SVP",0.4,0.25,0.307692307692308,5,0.0602001560476719
"updown",0.6,100,"SVP (BIC)",0.5,0.125,0.2,2,0.0917470076694396
"rand1",0.6,1,"PELT",0.4,0.25,0.307692307692308,5,0.0291032799908836
"rand1",0.6,1,"SVP",0.25,0.125,0.166666666666667,4,0.0453485443660584
"rand1",0.6,1,"SVP (BIC)",0.25,0.125,0.166666666666667,4,0.044512834176525
"rand1",0.6,2,"PELT",0.4,0.25,0.307692307692308,5,0.0202200465586141
"rand1",0.6,2,"SVP",0.4,0.25,0.307692307692308,5,0.0202200465586141
"rand1",0.6,2,"SVP (BIC)",0.4,0.25,0.307692307692308,5,0.0202200465586141
"rand1",0.6,3,"PELT",0.6,0.375,0.461538461538462,5,0.0275061705133086
"rand1",0.6,3,"SVP",0.5,0.25,0.333333333333333,4,0.0437436128768685
"rand1",0.6,3,"SVP (BIC)",0.5,0.25,0.333333333333333,4,0.0434306852108264
"rand1",0.6,4,"PELT",0.6,0.375,0.461538461538462,5,0.0184933370815972
"rand1",0.6,4,"SVP",0.5,0.25,0.333333333333333,4,0.0393293020625649
"rand1",0.6,4,"SVP (BIC)",0.5,0.25,0.333333333333333,4,0.0387245293305631
"rand1",0.6,5,"PELT",0.6,0.375,0.461538461538462,5,0.0149421129334032
"rand1",0.6,5,"SVP",0.5,0.25,0.333333333333333,4,0.0391963813218101
"rand1",0.6,5,"SVP (BIC)",0.5,0.25,0.333333333333333,4,0.0419168898196217
"rand1",0.6,6,"PELT",1,0.375,0.545454545454545,3,0.0363590766482872
"rand1",0.6,6,"SVP",0.75,0.375,0.5,4,0.0351921425543563
"rand1",0.6,6,"SVP (BIC)",1,0.375,0.545454545454545,3,0.0363590766482872
"rand1",0.6,7,"PELT",0.5,0.375,0.428571428571429,6,0.0412541521479699
"rand1",0.6,7,"SVP",0.6,0.375,0.461538461538462,5,0.0312871152076847
"rand1",0.6,7,"SVP (BIC)",0.333333333333333,0.125,0.181818181818182,3,0.0908777438589842
"rand1",0.6,8,"PELT",1,0.375,0.545454545454545,3,0.0364304175575463
"rand1",0.6,8,"SVP",1,0.375,0.545454545454545,3,0.0364304175575463
"rand1",0.6,8,"SVP (BIC)",0.5,0.125,0.2,2,0.105551349959306
"rand1",0.6,9,"PELT",0.8,0.5,0.615384615384615,5,0.0180899356538303
"rand1",0.6,9,"SVP",0.8,0.5,0.615384615384615,5,0.0180899356538303
"rand1",0.6,9,"SVP (BIC)",0.75,0.375,0.5,4,0.0312627916621174
"rand1",0.6,10,"PELT",1,0.625,0.769230769230769,5,0.0101739915926267
"rand1",0.6,10,"SVP",0.6,0.375,0.461538461538462,5,0.0373044323219151
"rand1",0.6,10,"SVP (BIC)",0.5,0.125,0.2,2,0.095669188661357
"rand1",0.6,11,"PELT",0.6,0.375,0.461538461538462,5,0.0378474558735221
"rand1",0.6,11,"SVP",0.6,0.375,0.461538461538462,5,0.0378474558735221
"rand1",0.6,11,"SVP (BIC)",0.5,0.25,0.333333333333333,4,0.048324789598192
"rand1",0.6,12,"PELT",0.6,0.375,0.461538461538462,5,0.0239267601785259
"rand1",0.6,12,"SVP",0.25,0.125,0.166666666666667,4,0.0924314262087903
"rand1",0.6,12,"SVP (BIC)",0.333333333333333,0.125,0.181818181818182,3,0.0814019717005165
"rand1",0.6,13,"PELT",0.8,0.5,0.615384615384615,5,0.0224310296471933
"rand1",0.6,13,"SVP",0.8,0.5,0.615384615384615,5,0.0224310296471933
"rand1",0.6,13,"SVP (BIC)",0.8,0.5,0.615384615384615,5,0.0224310296471933
"rand1",0.6,14,"PELT",0.666666666666667,0.25,0.363636363636364,3,0.0456838814047862
"rand1",0.6,14,"SVP",0.666666666666667,0.25,0.363636363636364,3,0.0456838814047862
"rand1",0.6,14,"SVP (BIC)",0.666666666666667,0.25,0.363636363636364,3,0.0456838814047862
"rand1",0.6,15,"PELT",0.4,0.25,0.307692307692308,5,0.0323668258444731
"rand1",0.6,15,"SVP",0.4,0.25,0.307692307692308,5,0.0323668258444731
"rand1",0.6,15,"SVP (BIC)",0.25,0.125,0.166666666666667,4,0.0449207869098788
"rand1",0.6,16,"PELT",0.8,0.5,0.615384615384615,5,0.013861867271021
"rand1",0.6,16,"SVP",0.5,0.25,0.333333333333333,4,0.0407684866915084
"rand1",0.6,16,"SVP (BIC)",0.5,0.25,0.333333333333333,4,0.0360775674551263
"rand1",0.6,17,"PELT",0.6,0.375,0.461538461538462,5,0.0137796185309777
"rand1",0.6,17,"SVP",0.5,0.25,0.333333333333333,4,0.0336749032654557
"rand1",0.6,17,"SVP (BIC)",0.75,0.375,0.5,4,0.0450445940115098
"rand1",0.6,18,"PELT",0.8,0.5,0.615384615384615,5,0.014578011549005
"rand1",0.6,18,"SVP",0.75,0.375,0.5,4,0.0329044671012859
"rand1",0.6,18,"SVP (BIC)",0.75,0.375,0.5,4,0.0329044671012859
"rand1",0.6,19,"PELT",0.6,0.375,0.461538461538462,5,0.0265773858097322
"rand1",0.6,19,"SVP",0.75,0.375,0.5,4,0.034616316577811
"rand1",0.6,19,"SVP (BIC)",0.333333333333333,0.125,0.181818181818182,3,0.0952392351769632
"rand1",0.6,20,"PELT",0.4,0.25,0.307692307692308,5,0.020613224860126
"rand1",0.6,20,"SVP",0.4,0.25,0.307692307692308,5,0.020613224860126
"rand1",0.6,20,"SVP (BIC)",0.25,0.125,0.166666666666667,4,0.038164795590453
"rand1",0.6,21,"PELT",0.666666666666667,0.5,0.571428571428572,6,0.0182427197686817
"rand1",0.6,21,"SVP",0.25,0.125,0.166666666666667,4,0.0520405308902759
"rand1",0.6,21,"SVP (BIC)",0.75,0.375,0.5,4,0.0410988570831971
"rand1",0.6,22,"PELT",1,0.625,0.769230769230769,5,0.00799004801765829
"rand1",0.6,22,"SVP",0.75,0.375,0.5,4,0.0323034924408662
"rand1",0.6,22,"SVP (BIC)",0.75,0.375,0.5,4,0.0323034924408662
"rand1",0.6,23,"PELT",1,0.625,0.769230769230769,5,0.0118666929677197
"rand1",0.6,23,"SVP",1,0.625,0.769230769230769,5,0.0118666929677197
"rand1",0.6,23,"SVP (BIC)",0.75,0.375,0.5,4,0.0331279698295139
"rand1",0.6,24,"PELT",0.4,0.25,0.307692307692308,5,0.0355852780529222
"rand1",0.6,24,"SVP",0.333333333333333,0.25,0.285714285714286,6,0.0365214777406734
"rand1",0.6,24,"SVP (BIC)",0.4,0.25,0.307692307692308,5,0.0355852780529222
"rand1",0.6,25,"PELT",0.2,0.125,0.153846153846154,5,0.021631094114249
"rand1",0.6,25,"SVP",0.25,0.125,0.166666666666667,4,0.0417443625875312
"rand1",0.6,25,"SVP (BIC)",0.25,0.125,0.166666666666667,4,0.0490162278618956
"rand1",0.6,26,"PELT",1,0.625,0.769230769230769,5,0.00899847749779892
"rand1",0.6,26,"SVP",0.5,0.25,0.333333333333333,4,0.038997323378114
"rand1",0.6,26,"SVP (BIC)",0.5,0.25,0.333333333333333,4,0.0448480602544337
"rand1",0.6,27,"PELT",0.8,0.5,0.615384615384615,5,0.0243902904298681
"rand1",0.6,27,"SVP",0.75,0.375,0.5,4,0.0374737127678469
"rand1",0.6,27,"SVP (BIC)",0.75,0.375,0.5,4,0.0374737127678469
"rand1",0.6,28,"PELT",0.6,0.375,0.461538461538462,5,0.0239411108449722
"rand1",0.6,28,"SVP",0.6,0.375,0.461538461538462,5,0.0239411108449722
"rand1",0.6,28,"SVP (BIC)",0.6,0.375,0.461538461538462,5,0.0239411108449722
"rand1",0.6,29,"PELT",0.333333333333333,0.125,0.181818181818182,3,0.050452555214419
"rand1",0.6,29,"SVP",0.25,0.125,0.166666666666667,4,0.0488287627533154
"rand1",0.6,29,"SVP (BIC)",0.333333333333333,0.125,0.181818181818182,3,0.050452555214419
"rand1",0.6,30,"PELT",0.6,0.375,0.461538461538462,5,0.014289110059338
"rand1",0.6,30,"SVP",0.5,0.25,0.333333333333333,4,0.030376889343506
"rand1",0.6,30,"SVP (BIC)",0.5,0.25,0.333333333333333,4,0.0298135766403174
"rand1",0.6,31,"PELT",0.6,0.375,0.461538461538462,5,0.0185829711668326
"rand1",0.6,31,"SVP",0.25,0.125,0.166666666666667,4,0.0398956161263782
"rand1",0.6,31,"SVP (BIC)",0.333333333333333,0.125,0.181818181818182,3,0.0874667422094012
"rand1",0.6,32,"PELT",0.6,0.375,0.461538461538462,5,0.0283379946791975
"rand1",0.6,32,"SVP",0.6,0.375,0.461538461538462,5,0.0283379946791975
"rand1",0.6,32,"SVP (BIC)",0.6,0.375,0.461538461538462,5,0.0283379946791975
"rand1",0.6,33,"PELT",0.6,0.375,0.461538461538462,5,0.0212858364791545
"rand1",0.6,33,"SVP",0.6,0.375,0.461538461538462,5,0.0212858364791545
"rand1",0.6,33,"SVP (BIC)",0.5,0.25,0.333333333333333,4,0.0403162354441272
"rand1",0.6,34,"PELT",0.6,0.375,0.461538461538462,5,0.0234788564381038
"rand1",0.6,34,"SVP",0.6,0.375,0.461538461538462,5,0.0234788564381038
"rand1",0.6,34,"SVP (BIC)",0.333333333333333,0.125,0.181818181818182,3,0.0843122652145739
"rand1",0.6,35,"PELT",0.666666666666667,0.25,0.363636363636364,3,0.0465831491635794
"rand1",0.6,35,"SVP",0.75,0.375,0.5,4,0.0364180962056988
"rand1",0.6,35,"SVP (BIC)",0.666666666666667,0.25,0.363636363636364,3,0.0465831491635794
"rand1",0.6,36,"PELT",0.5,0.375,0.428571428571429,6,0.0285271943105563
"rand1",0.6,36,"SVP",0.75,0.375,0.5,4,0.0345535044860195
"rand1",0.6,36,"SVP (BIC)",0.75,0.375,0.5,4,0.0350974420658384
"rand1",0.6,37,"PELT",0.6,0.375,0.461538461538462,5,0.0302735673314379
"rand1",0.6,37,"SVP",0.6,0.375,0.461538461538462,5,0.0302735673314379
"rand1",0.6,37,"SVP (BIC)",0.5,0.25,0.333333333333333,4,0.0406450187808549
"rand1",0.6,38,"PELT",1,0.625,0.769230769230769,5,0.011186542026438
"rand1",0.6,38,"SVP",1,0.625,0.769230769230769,5,0.011186542026438
"rand1",0.6,38,"SVP (BIC)",0.75,0.375,0.5,4,0.0329934969673204
"rand1",0.6,39,"PELT",0.4,0.25,0.307692307692308,5,0.0272959614653951
"rand1",0.6,39,"SVP",0.4,0.25,0.307692307692308,5,0.0272959614653951
"rand1",0.6,39,"SVP (BIC)",0.5,0.25,0.333333333333333,4,0.0445032294808924
"rand1",0.6,40,"PELT",0.666666666666667,0.25,0.363636363636364,3,0.0395578085050788
"rand1",0.6,40,"SVP",0.5,0.25,0.333333333333333,4,0.0334839115889304
"rand1",0.6,40,"SVP (BIC)",0.666666666666667,0.25,0.363636363636364,3,0.0395578085050788
"rand1",0.6,41,"PELT",0.8,0.5,0.615384615384615,5,0.0482672561102491
"rand1",0.6,41,"SVP",1,0.5,0.666666666666667,4,0.0301329287300927
"rand1",0.6,41,"SVP (BIC)",1,0.5,0.666666666666667,4,0.0301613886504212
"rand1",0.6,42,"PELT",0.333333333333333,0.125,0.181818181818182,3,0.0575984214531025
"rand1",0.6,42,"SVP",0.5,0.25,0.333333333333333,4,0.048267568015646
"rand1",0.6,42,"SVP (BIC)",0.333333333333333,0.125,0.181818181818182,3,0.0575984214531025
"rand1",0.6,43,"PELT",0.6,0.375,0.461538461538462,5,0.0247882243179829
"rand1",0.6,43,"SVP",0.5,0.25,0.333333333333333,4,0.040659262704581
"rand1",0.6,43,"SVP (BIC)",0.333333333333333,0.125,0.181818181818182,3,0.0837988858170279
"rand1",0.6,44,"PELT",0.666666666666667,0.25,0.363636363636364,3,0.0548197889509889
"rand1",0.6,44,"SVP",0.333333333333333,0.125,0.181818181818182,3,0.0831120889738352
"rand1",0.6,44,"SVP (BIC)",1,0.25,0.4,2,0.0869144943282091
"rand1",0.6,45,"PELT",0.6,0.375,0.461538461538462,5,0.0179163935412403
"rand1",0.6,45,"SVP",0.75,0.375,0.5,4,0.0342561004365315
"rand1",0.6,45,"SVP (BIC)",0.75,0.375,0.5,4,0.034218412632535
"rand1",0.6,46,"PELT",0.6,0.375,0.461538461538462,5,0.0142209999834137
"rand1",0.6,46,"SVP",0.5,0.25,0.333333333333333,4,0.0349196273877504
"rand1",0.6,46,"SVP (BIC)",0.666666666666667,0.25,0.363636363636364,3,0.0866218597879708
"rand1",0.6,47,"PELT",0.6,0.375,0.461538461538462,5,0.0187878961073382
"rand1",0.6,47,"SVP",0.5,0.25,0.333333333333333,4,0.0416576965772451
"rand1",0.6,47,"SVP (BIC)",0.666666666666667,0.25,0.363636363636364,3,0.0434147157974598
"rand1",0.6,48,"PELT",0.6,0.375,0.461538461538462,5,0.0467335803414578
"rand1",0.6,48,"SVP",0.5,0.25,0.333333333333333,4,0.0396424827844338
"rand1",0.6,48,"SVP (BIC)",0.666666666666667,0.25,0.363636363636364,3,0.0451366412570668
"rand1",0.6,49,"PELT",0.6,0.375,0.461538461538462,5,0.0147460744303663
"rand1",0.6,49,"SVP",0.75,0.375,0.5,4,0.0336848368858354
"rand1",0.6,49,"SVP (BIC)",0.333333333333333,0.125,0.181818181818182,3,0.0820994039146779
"rand1",0.6,50,"PELT",0.8,0.5,0.615384615384615,5,0.013736001761865
"rand1",0.6,50,"SVP",0.5,0.25,0.333333333333333,4,0.0342157414411376
"rand1",0.6,50,"SVP (BIC)",0.5,0.25,0.333333333333333,4,0.0333178530107818
"rand1",0.6,51,"PELT",0.4,0.25,0.307692307692308,5,0.0372279692349501
"rand1",0.6,51,"SVP",0.5,0.25,0.333333333333333,4,0.0389476692044858
"rand1",0.6,51,"SVP (BIC)",0.5,0.25,0.333333333333333,4,0.0389476692044858
"rand1",0.6,52,"PELT",0.6,0.375,0.461538461538462,5,0.0259046633298759
"rand1",0.6,52,"SVP",0.6,0.375,0.461538461538462,5,0.0259046633298759
"rand1",0.6,52,"SVP (BIC)",0.5,0.25,0.333333333333333,4,0.0423992032948501
"rand1",0.6,53,"PELT",0.6,0.375,0.461538461538462,5,0.0202456846620976
"rand1",0.6,53,"SVP",0.75,0.375,0.5,4,0.0325945058189183
"rand1",0.6,53,"SVP (BIC)",1,0.375,0.545454545454545,3,0.0362637533017423
"rand1",0.6,54,"PELT",0.6,0.375,0.461538461538462,5,0.0178385162171489
"rand1",0.6,54,"SVP",0.6,0.375,0.461538461538462,5,0.0178385162171489
"rand1",0.6,54,"SVP (BIC)",0.25,0.125,0.166666666666667,4,0.0388195937236503
"rand1",0.6,55,"PELT",0.2,0.125,0.153846153846154,5,0.0283216682234447
"rand1",0.6,55,"SVP",0.2,0.125,0.153846153846154,5,0.0283216682234447
"rand1",0.6,55,"SVP (BIC)",0.333333333333333,0.125,0.181818181818182,3,0.0893470431413634
"rand1",0.6,56,"PELT",1,0.375,0.545454545454545,3,0.0365496484687975
"rand1",0.6,56,"SVP",1,0.375,0.545454545454545,3,0.0365496484687975
"rand1",0.6,56,"SVP (BIC)",0.5,0.125,0.2,2,0.0931755415844193
"rand1",0.6,57,"PELT",0.666666666666667,0.25,0.363636363636364,3,0.0404749287946618
"rand1",0.6,57,"SVP",0.666666666666667,0.25,0.363636363636364,3,0.0404749287946618
"rand1",0.6,57,"SVP (BIC)",0.666666666666667,0.25,0.363636363636364,3,0.0404749287946618
"rand1",0.6,58,"PELT",0.8,0.5,0.615384615384615,5,0.0339077051579186
"rand1",0.6,58,"SVP",0.666666666666667,0.5,0.571428571428572,6,0.0342786126310925
"rand1",0.6,58,"SVP (BIC)",0.333333333333333,0.125,0.181818181818182,3,0.0922360272101573
"rand1",0.6,59,"PELT",0.4,0.25,0.307692307692308,5,0.025014892006236
"rand1",0.6,59,"SVP",0.25,0.125,0.166666666666667,4,0.043553423344431
"rand1",0.6,59,"SVP (BIC)",0.25,0.125,0.166666666666667,4,0.0423903786263811
"rand1",0.6,60,"PELT",0.666666666666667,0.25,0.363636363636364,3,0.0664934959043967
"rand1",0.6,60,"SVP",0.666666666666667,0.25,0.363636363636364,3,0.0664934959043967
"rand1",0.6,60,"SVP (BIC)",1,0.25,0.4,2,0.0855244652286416
"rand1",0.6,61,"PELT",0.6,0.375,0.461538461538462,5,0.0188435145267263
"rand1",0.6,61,"SVP",0.5,0.25,0.333333333333333,4,0.0360721487611991
"rand1",0.6,61,"SVP (BIC)",0.5,0.25,0.333333333333333,4,0.0362429935336682
"rand1",0.6,62,"PELT",0.4,0.25,0.307692307692308,5,0.0440240258134912
"rand1",0.6,62,"SVP",0.5,0.25,0.333333333333333,4,0.0596934393463446
"rand1",0.6,62,"SVP (BIC)",0.5,0.25,0.333333333333333,4,0.0600126792900854
"rand1",0.6,63,"PELT",0.333333333333333,0.125,0.181818181818182,3,0.0432747409070693
"rand1",0.6,63,"SVP",0.25,0.125,0.166666666666667,4,0.0451462281556923
"rand1",0.6,63,"SVP (BIC)",0.333333333333333,0.125,0.181818181818182,3,0.0432747409070693
"rand1",0.6,64,"PELT",0.5,0.375,0.428571428571429,6,0.0348593646536782
"rand1",0.6,64,"SVP",0.75,0.375,0.5,4,0.0364691031093785
"rand1",0.6,64,"SVP (BIC)",0.5,0.25,0.333333333333333,4,0.0411937052717248
"rand1",0.6,65,"PELT",0.8,0.5,0.615384615384615,5,0.0120698228648478
"rand1",0.6,65,"SVP",0.5,0.25,0.333333333333333,4,0.0350885640023819
"rand1",0.6,65,"SVP (BIC)",0.5,0.25,0.333333333333333,4,0.0382729360969008
"rand1",0.6,66,"PELT",0.8,0.5,0.615384615384615,5,0.0144167444014694
"rand1",0.6,66,"SVP",0.8,0.5,0.615384615384615,5,0.0144167444014694
"rand1",0.6,66,"SVP (BIC)",0.333333333333333,0.125,0.181818181818182,3,0.086652311908253
"rand1",0.6,67,"PELT",0.333333333333333,0.125,0.181818181818182,3,0.0622315383481427
"rand1",0.6,67,"SVP",0.333333333333333,0.125,0.181818181818182,3,0.101594985679683
"rand1",0.6,67,"SVP (BIC)",0.5,0.125,0.2,2,0.0972564200089082
"rand1",0.6,68,"PELT",0.6,0.375,0.461538461538462,5,0.0116196260513464
"rand1",0.6,68,"SVP",0.75,0.375,0.5,4,0.029498989191583
"rand1",0.6,68,"SVP (BIC)",1,0.375,0.545454545454545,3,0.0349513350623419
"rand1",0.6,69,"PELT",0.666666666666667,0.25,0.363636363636364,3,0.0405571752497291
"rand1",0.6,69,"SVP",0.5,0.25,0.333333333333333,4,0.0455774040696528
"rand1",0.6,69,"SVP (BIC)",0.666666666666667,0.25,0.363636363636364,3,0.0405571752497291
"rand1",0.6,70,"PELT",0.6,0.375,0.461538461538462,5,0.0408358478292417
"rand1",0.6,70,"SVP",0.5,0.25,0.333333333333333,4,0.0405194688356085
"rand1",0.6,70,"SVP (BIC)",0.75,0.375,0.5,4,0.0390181870696512
"rand1",0.6,71,"PELT",0.8,0.5,0.615384615384615,5,0.0145625225178081
"rand1",0.6,71,"SVP",0.8,0.5,0.615384615384615,5,0.0145625225178081
"rand1",0.6,71,"SVP (BIC)",0.75,0.375,0.5,4,0.034576001804934
"rand1",0.6,72,"PELT",0.666666666666667,0.25,0.363636363636364,3,0.0396078685686222
"rand1",0.6,72,"SVP",0.666666666666667,0.25,0.363636363636364,3,0.0396078685686222
"rand1",0.6,72,"SVP (BIC)",0.666666666666667,0.25,0.363636363636364,3,0.0396078685686222
"rand1",0.6,73,"PELT",0.2,0.125,0.153846153846154,5,0.0432652456024214
"rand1",0.6,73,"SVP",0.25,0.125,0.166666666666667,4,0.0626912140476327
"rand1",0.6,73,"SVP (BIC)",0.333333333333333,0.125,0.181818181818182,3,0.0598483357217314
"rand1",0.6,74,"PELT",0.6,0.375,0.461538461538462,5,0.018680054037621
"rand1",0.6,74,"SVP",0.5,0.25,0.333333333333333,4,0.0394378744831497
"rand1",0.6,74,"SVP (BIC)",0.75,0.375,0.5,4,0.0387615009375197
"rand1",0.6,75,"PELT",0.4,0.25,0.307692307692308,5,0.0303231493129755
"rand1",0.6,75,"SVP",0.5,0.25,0.333333333333333,4,0.0357675554134273
"rand1",0.6,75,"SVP (BIC)",0.666666666666667,0.25,0.363636363636364,3,0.0380948256218308
"rand1",0.6,76,"PELT",1,0.625,0.769230769230769,5,0.0139591824643915
"rand1",0.6,76,"SVP",0.75,0.375,0.5,4,0.0432465720010869
"rand1",0.6,76,"SVP (BIC)",1,0.5,0.666666666666667,4,0.0436395706398553
"rand1",0.6,77,"PELT",0.6,0.375,0.461538461538462,5,0.0239135845797394
"rand1",0.6,77,"SVP",0.5,0.25,0.333333333333333,4,0.0446131524979053
"rand1",0.6,77,"SVP (BIC)",0.666666666666667,0.25,0.363636363636364,3,0.0419819534424077
"rand1",0.6,78,"PELT",0.6,0.375,0.461538461538462,5,0.055257001845342
"rand1",0.6,78,"SVP",0.75,0.375,0.5,4,0.0480081268969871
"rand1",0.6,78,"SVP (BIC)",0.666666666666667,0.25,0.363636363636364,3,0.0476024609129371
"rand1",0.6,79,"PELT",0.8,0.5,0.615384615384615,5,0.018677861907765
"rand1",0.6,79,"SVP",0.5,0.25,0.333333333333333,4,0.0409907607360447
"rand1",0.6,79,"SVP (BIC)",0.5,0.25,0.333333333333333,4,0.0395559402055775
"rand1",0.6,80,"PELT",0.6,0.375,0.461538461538462,5,0.0380644097591789
"rand1",0.6,80,"SVP",0.6,0.375,0.461538461538462,5,0.0380644097591789
"rand1",0.6,80,"SVP (BIC)",0.5,0.25,0.333333333333333,4,0.0576034274070935
"rand1",0.6,81,"PELT",0.5,0.375,0.428571428571429,6,0.0336466903387997
"rand1",0.6,81,"SVP",0.5,0.25,0.333333333333333,4,0.0402646268364142
"rand1",0.6,81,"SVP (BIC)",0.333333333333333,0.125,0.181818181818182,3,0.0880335034562011
"rand1",0.6,82,"PELT",0.6,0.375,0.461538461538462,5,0.0345521735912201
"rand1",0.6,82,"SVP",0.333333333333333,0.125,0.181818181818182,3,0.0947652994505456
"rand1",0.6,82,"SVP (BIC)",1,0.25,0.4,2,0.0950409382127831
"rand1",0.6,83,"PELT",0.4,0.25,0.307692307692308,5,0.0228887161456963
"rand1",0.6,83,"SVP",0.4,0.25,0.307692307692308,5,0.0228887161456963
"rand1",0.6,83,"SVP (BIC)",0.25,0.125,0.166666666666667,4,0.0434089785933809
"rand1",0.6,84,"PELT",0.666666666666667,0.25,0.363636363636364,3,0.0540253810609552
"rand1",0.6,84,"SVP",0.5,0.25,0.333333333333333,4,0.0386881041219798
"rand1",0.6,84,"SVP (BIC)",0.5,0.125,0.2,2,0.0975920168332996
"rand1",0.6,85,"PELT",0.6,0.375,0.461538461538462,5,0.0129846074370503
"rand1",0.6,85,"SVP",0.5,0.25,0.333333333333333,4,0.0331654319731281
"rand1",0.6,85,"SVP (BIC)",0.5,0.25,0.333333333333333,4,0.0332495061078845
"rand1",0.6,86,"PELT",0.333333333333333,0.125,0.181818181818182,3,0.0432859956074761
"rand1",0.6,86,"SVP",0.25,0.125,0.166666666666667,4,0.0338433430447311
"rand1",0.6,86,"SVP (BIC)",0.333333333333333,0.125,0.181818181818182,3,0.0432859956074761
"rand1",0.6,87,"PELT",0.6,0.375,0.461538461538462,5,0.0221273220140372
"rand1",0.6,87,"SVP",0.6,0.375,0.461538461538462,5,0.0221273220140372
"rand1",0.6,87,"SVP (BIC)",0.6,0.375,0.461538461538462,5,0.0221273220140372
"rand1",0.6,88,"PELT",0.5,0.25,0.333333333333333,4,0.0672757780357283
"rand1",0.6,88,"SVP",0.5,0.125,0.2,2,0.0933448787059009
"rand1",0.6,88,"SVP (BIC)",0.5,0.125,0.2,2,0.0914589753398804
"rand1",0.6,89,"PELT",0.666666666666667,0.25,0.363636363636364,3,0.0387963552600597
"rand1",0.6,89,"SVP",0.5,0.25,0.333333333333333,4,0.0332414020371324
"rand1",0.6,89,"SVP (BIC)",0.5,0.125,0.2,2,0.0917445684803981
"rand1",0.6,90,"PELT",0.4,0.25,0.307692307692308,5,0.0165343610735943
"rand1",0.6,90,"SVP",0.5,0.25,0.333333333333333,4,0.0336393576431945
"rand1",0.6,90,"SVP (BIC)",0.5,0.25,0.333333333333333,4,0.032718088544291
"rand1",0.6,91,"PELT",0.8,0.5,0.615384615384615,5,0.0165601168965267
"rand1",0.6,91,"SVP",0.75,0.375,0.5,4,0.0369819989919879
"rand1",0.6,91,"SVP (BIC)",0.75,0.375,0.5,4,0.0361448098183003
"rand1",0.6,92,"PELT",0.666666666666667,0.5,0.571428571428572,6,0.0325244648227573
"rand1",0.6,92,"SVP",0.75,0.375,0.5,4,0.0430860172352911
"rand1",0.6,92,"SVP (BIC)",1,0.375,0.545454545454545,3,0.0388400713542574
"rand1",0.6,93,"PELT",0.6,0.375,0.461538461538462,5,0.0168416338006343
"rand1",0.6,93,"SVP",0.25,0.125,0.166666666666667,4,0.040176958865206
"rand1",0.6,93,"SVP (BIC)",0.333333333333333,0.125,0.181818181818182,3,0.0455753670324466
"rand1",0.6,94,"PELT",0.8,0.5,0.615384615384615,5,0.0244828309582712
"rand1",0.6,94,"SVP",0.75,0.375,0.5,4,0.0338616759466989
"rand1",0.6,94,"SVP (BIC)",0.75,0.375,0.5,4,0.033454461565784
"rand1",0.6,95,"PELT",0.6,0.375,0.461538461538462,5,0.0269391657977589
"rand1",0.6,95,"SVP",0.333333333333333,0.125,0.181818181818182,3,0.0917146778569018
"rand1",0.6,95,"SVP (BIC)",0.333333333333333,0.125,0.181818181818182,3,0.0910099984783369
"rand1",0.6,96,"PELT",0.666666666666667,0.5,0.571428571428572,6,0.0365860045251704
"rand1",0.6,96,"SVP",0.25,0.125,0.166666666666667,4,0.0476342404698912
"rand1",0.6,96,"SVP (BIC)",0.5,0.25,0.333333333333333,4,0.0372226099552882
"rand1",0.6,97,"PELT",0.6,0.375,0.461538461538462,5,0.0107448656236209
"rand1",0.6,97,"SVP",0.5,0.25,0.333333333333333,4,0.0317697310362018
"rand1",0.6,97,"SVP (BIC)",0.75,0.375,0.5,4,0.0303087748658339
"rand1",0.6,98,"PELT",0.4,0.25,0.307692307692308,5,0.0209131654443186
"rand1",0.6,98,"SVP",0.5,0.25,0.333333333333333,4,0.0383924688374819
"rand1",0.6,98,"SVP (BIC)",0.5,0.25,0.333333333333333,4,0.0385856462517584
"rand1",0.6,99,"PELT",0.4,0.25,0.307692307692308,5,0.0243999362255101
"rand1",0.6,99,"SVP",0.25,0.125,0.166666666666667,4,0.0456994589172749
"rand1",0.6,99,"SVP (BIC)",0.5,0.25,0.333333333333333,4,0.0322022513509511
"rand1",0.6,100,"PELT",1,0.375,0.545454545454545,3,0.0370245538079279
"rand1",0.6,100,"SVP",1,0.375,0.545454545454545,3,0.0370245538079279
"rand1",0.6,100,"SVP (BIC)",1,0.375,0.545454545454545,3,0.0370245538079279
"none",0.7,1,"PELT",1,1,1,1,0.00030826230587649
"none",0.7,1,"SVP",1,1,1,1,0.00030826230587649
"none",0.7,1,"SVP (BIC)",1,1,1,1,0.00030826230587649
"none",0.7,2,"PELT",1,1,1,1,6.05594072500695e-05
"none",0.7,2,"SVP",1,1,1,1,6.05594072500695e-05
"none",0.7,2,"SVP (BIC)",1,1,1,1,6.05594072500695e-05
"none",0.7,3,"PELT",1,1,1,1,0.00055589934330667
"none",0.7,3,"SVP",1,1,1,1,0.00055589934330667
"none",0.7,3,"SVP (BIC)",1,1,1,1,0.00055589934330667
"none",0.7,4,"PELT",1,1,1,1,0.000458581300742751
"none",0.7,4,"SVP",1,1,1,1,0.000458581300742751
"none",0.7,4,"SVP (BIC)",1,1,1,1,0.000458581300742751
"none",0.7,5,"PELT",1,1,1,1,0.000207051892482998
"none",0.7,5,"SVP",1,1,1,1,0.000207051892482998
"none",0.7,5,"SVP (BIC)",1,1,1,1,0.000207051892482998
"none",0.7,6,"PELT",1,1,1,1,0.000203291156324436
"none",0.7,6,"SVP",1,1,1,1,0.000203291156324436
"none",0.7,6,"SVP (BIC)",1,1,1,1,0.000203291156324436
"none",0.7,7,"PELT",1,1,1,1,0.0022141627687706
"none",0.7,7,"SVP",1,1,1,1,0.0022141627687706
"none",0.7,7,"SVP (BIC)",1,1,1,1,0.0022141627687706
"none",0.7,8,"PELT",1,1,1,1,4.92528634643812e-05
"none",0.7,8,"SVP",1,1,1,1,4.92528634643812e-05
"none",0.7,8,"SVP (BIC)",1,1,1,1,4.92528634643812e-05
"none",0.7,9,"PELT",1,1,1,1,3.35572997164805e-09
"none",0.7,9,"SVP",1,1,1,1,3.35572997164805e-09
"none",0.7,9,"SVP (BIC)",1,1,1,1,3.35572997164805e-09
"none",0.7,10,"PELT",1,1,1,1,0.000654165401242303
"none",0.7,10,"SVP",1,1,1,1,0.000654165401242303
"none",0.7,10,"SVP (BIC)",1,1,1,1,0.000654165401242303
"none",0.7,11,"PELT",1,1,1,1,0.000862985879572154
"none",0.7,11,"SVP",0.5,1,0.666666666666667,2,0.00641255279463478
"none",0.7,11,"SVP (BIC)",1,1,1,1,0.000862985879572154
"none",0.7,12,"PELT",1,1,1,1,0.00049397188156543
"none",0.7,12,"SVP",1,1,1,1,0.00049397188156543
"none",0.7,12,"SVP (BIC)",1,1,1,1,0.00049397188156543
"none",0.7,13,"PELT",1,1,1,1,1.06881365420035e-05
"none",0.7,13,"SVP",1,1,1,1,1.06881365420035e-05
"none",0.7,13,"SVP (BIC)",1,1,1,1,1.06881365420035e-05
"none",0.7,14,"PELT",1,1,1,1,0.00042803197473763
"none",0.7,14,"SVP",1,1,1,1,0.00042803197473763
"none",0.7,14,"SVP (BIC)",1,1,1,1,0.00042803197473763
"none",0.7,15,"PELT",1,1,1,1,0.00160723780944147
"none",0.7,15,"SVP",1,1,1,1,0.00160723780944147
"none",0.7,15,"SVP (BIC)",1,1,1,1,0.00160723780944147
"none",0.7,16,"PELT",1,1,1,1,0.000379034937177908
"none",0.7,16,"SVP",1,1,1,1,0.000379034937177908
"none",0.7,16,"SVP (BIC)",1,1,1,1,0.000379034937177908
"none",0.7,17,"PELT",1,1,1,1,0.00161907661590327
"none",0.7,17,"SVP",1,1,1,1,0.00161907661590327
"none",0.7,17,"SVP (BIC)",1,1,1,1,0.00161907661590327
"none",0.7,18,"PELT",1,1,1,1,0.00044603310865677
"none",0.7,18,"SVP",1,1,1,1,0.00044603310865677
"none",0.7,18,"SVP (BIC)",1,1,1,1,0.00044603310865677
"none",0.7,19,"PELT",1,1,1,1,0.00133513454507805
"none",0.7,19,"SVP",1,1,1,1,0.00133513454507805
"none",0.7,19,"SVP (BIC)",1,1,1,1,0.00133513454507805
"none",0.7,20,"PELT",1,1,1,1,0.000839336095877171
"none",0.7,20,"SVP",1,1,1,1,0.000839336095877171
"none",0.7,20,"SVP (BIC)",1,1,1,1,0.000839336095877171
"none",0.7,21,"PELT",1,1,1,1,0.00182826830614919
"none",0.7,21,"SVP",1,1,1,1,0.00182826830614919
"none",0.7,21,"SVP (BIC)",1,1,1,1,0.00182826830614919
"none",0.7,22,"PELT",1,1,1,1,0.000161431611448411
"none",0.7,22,"SVP",1,1,1,1,0.000161431611448411
"none",0.7,22,"SVP (BIC)",1,1,1,1,0.000161431611448411
"none",0.7,23,"PELT",1,1,1,1,0.00120176250545881
"none",0.7,23,"SVP",1,1,1,1,0.00120176250545881
"none",0.7,23,"SVP (BIC)",1,1,1,1,0.00120176250545881
"none",0.7,24,"PELT",1,1,1,1,0.000739792366861035
"none",0.7,24,"SVP",1,1,1,1,0.000739792366861035
"none",0.7,24,"SVP (BIC)",1,1,1,1,0.000739792366861035
"none",0.7,25,"PELT",1,1,1,1,2.89448304661992e-06
"none",0.7,25,"SVP",1,1,1,1,2.89448304661992e-06
"none",0.7,25,"SVP (BIC)",1,1,1,1,2.89448304661992e-06
"none",0.7,26,"PELT",1,1,1,1,0.00158614678841739
"none",0.7,26,"SVP",1,1,1,1,0.00158614678841739
"none",0.7,26,"SVP (BIC)",1,1,1,1,0.00158614678841739
"none",0.7,27,"PELT",1,1,1,1,0.000357842265510085
"none",0.7,27,"SVP",1,1,1,1,0.000357842265510085
"none",0.7,27,"SVP (BIC)",1,1,1,1,0.000357842265510085
"none",0.7,28,"PELT",1,1,1,1,0.000153403608704182
"none",0.7,28,"SVP",1,1,1,1,0.000153403608704182
"none",0.7,28,"SVP (BIC)",1,1,1,1,0.000153403608704182
"none",0.7,29,"PELT",1,1,1,1,0.00263157711991968
"none",0.7,29,"SVP",1,1,1,1,0.00263157711991968
"none",0.7,29,"SVP (BIC)",1,1,1,1,0.00263157711991968
"none",0.7,30,"PELT",1,1,1,1,2.88018307525266e-05
"none",0.7,30,"SVP",1,1,1,1,2.88018307525266e-05
"none",0.7,30,"SVP (BIC)",1,1,1,1,2.88018307525266e-05
"none",0.7,31,"PELT",1,1,1,1,0.0022023992007894
"none",0.7,31,"SVP",1,1,1,1,0.0022023992007894
"none",0.7,31,"SVP (BIC)",1,1,1,1,0.0022023992007894
"none",0.7,32,"PELT",1,1,1,1,0.000836391614942436
"none",0.7,32,"SVP",1,1,1,1,0.000836391614942436
"none",0.7,32,"SVP (BIC)",1,1,1,1,0.000836391614942436
"none",0.7,33,"PELT",1,1,1,1,9.95668376740555e-05
"none",0.7,33,"SVP",1,1,1,1,9.95668376740555e-05
"none",0.7,33,"SVP (BIC)",1,1,1,1,9.95668376740555e-05
"none",0.7,34,"PELT",1,1,1,1,0.00414191359838667
"none",0.7,34,"SVP",1,1,1,1,0.00414191359838667
"none",0.7,34,"SVP (BIC)",1,1,1,1,0.00414191359838667
"none",0.7,35,"PELT",1,1,1,1,0.00030741365585747
"none",0.7,35,"SVP",1,1,1,1,0.00030741365585747
"none",0.7,35,"SVP (BIC)",1,1,1,1,0.00030741365585747
"none",0.7,36,"PELT",1,1,1,1,0.00076122030959873
"none",0.7,36,"SVP",1,1,1,1,0.00076122030959873
"none",0.7,36,"SVP (BIC)",1,1,1,1,0.00076122030959873
"none",0.7,37,"PELT",1,1,1,1,0.000418683203328152
"none",0.7,37,"SVP",1,1,1,1,0.000418683203328152
"none",0.7,37,"SVP (BIC)",1,1,1,1,0.000418683203328152
"none",0.7,38,"PELT",1,1,1,1,0.00368155284871317
"none",0.7,38,"SVP",1,1,1,1,0.00368155284871317
"none",0.7,38,"SVP (BIC)",1,1,1,1,0.00368155284871317
"none",0.7,39,"PELT",1,1,1,1,0.00308700220160074
"none",0.7,39,"SVP",1,1,1,1,0.00308700220160074
"none",0.7,39,"SVP (BIC)",1,1,1,1,0.00308700220160074
"none",0.7,40,"PELT",1,1,1,1,0.00184787115998782
"none",0.7,40,"SVP",1,1,1,1,0.00184787115998782
"none",0.7,40,"SVP (BIC)",1,1,1,1,0.00184787115998782
"none",0.7,41,"PELT",1,1,1,1,0.00111333383015064
"none",0.7,41,"SVP",1,1,1,1,0.00111333383015064
"none",0.7,41,"SVP (BIC)",1,1,1,1,0.00111333383015064
"none",0.7,42,"PELT",1,1,1,1,0.00205561642952643
"none",0.7,42,"SVP",1,1,1,1,0.00205561642952643
"none",0.7,42,"SVP (BIC)",1,1,1,1,0.00205561642952643
"none",0.7,43,"PELT",1,1,1,1,0.00176978580598494
"none",0.7,43,"SVP",1,1,1,1,0.00176978580598494
"none",0.7,43,"SVP (BIC)",1,1,1,1,0.00176978580598494
"none",0.7,44,"PELT",1,1,1,1,0.00124914459659972
"none",0.7,44,"SVP",1,1,1,1,0.00124914459659972
"none",0.7,44,"SVP (BIC)",1,1,1,1,0.00124914459659972
"none",0.7,45,"PELT",1,1,1,1,4.66905323715545e-06
"none",0.7,45,"SVP",1,1,1,1,4.66905323715545e-06
"none",0.7,45,"SVP (BIC)",1,1,1,1,4.66905323715545e-06
"none",0.7,46,"PELT",1,1,1,1,0.000215004439323687
"none",0.7,46,"SVP",1,1,1,1,0.000215004439323687
"none",0.7,46,"SVP (BIC)",1,1,1,1,0.000215004439323687
"none",0.7,47,"PELT",1,1,1,1,0.000764468482130736
"none",0.7,47,"SVP",1,1,1,1,0.000764468482130736
"none",0.7,47,"SVP (BIC)",1,1,1,1,0.000764468482130736
"none",0.7,48,"PELT",1,1,1,1,0.00103637175895053
"none",0.7,48,"SVP",1,1,1,1,0.00103637175895053
"none",0.7,48,"SVP (BIC)",1,1,1,1,0.00103637175895053
"none",0.7,49,"PELT",1,1,1,1,0.000566432778665019
"none",0.7,49,"SVP",1,1,1,1,0.000566432778665019
"none",0.7,49,"SVP (BIC)",1,1,1,1,0.000566432778665019
"none",0.7,50,"PELT",1,1,1,1,0.000139503391046091
"none",0.7,50,"SVP",1,1,1,1,0.000139503391046091
"none",0.7,50,"SVP (BIC)",1,1,1,1,0.000139503391046091
"none",0.7,51,"PELT",1,1,1,1,0.00520779450309914
"none",0.7,51,"SVP",1,1,1,1,0.00520779450309914
"none",0.7,51,"SVP (BIC)",1,1,1,1,0.00520779450309914
"none",0.7,52,"PELT",1,1,1,1,0.00102350430209342
"none",0.7,52,"SVP",1,1,1,1,0.00102350430209342
"none",0.7,52,"SVP (BIC)",1,1,1,1,0.00102350430209342
"none",0.7,53,"PELT",1,1,1,1,0.000891789740525392
"none",0.7,53,"SVP",1,1,1,1,0.000891789740525392
"none",0.7,53,"SVP (BIC)",1,1,1,1,0.000891789740525392
"none",0.7,54,"PELT",1,1,1,1,0.00217443851388086
"none",0.7,54,"SVP",1,1,1,1,0.00217443851388086
"none",0.7,54,"SVP (BIC)",1,1,1,1,0.00217443851388086
"none",0.7,55,"PELT",1,1,1,1,0.000459782969036122
"none",0.7,55,"SVP",1,1,1,1,0.000459782969036122
"none",0.7,55,"SVP (BIC)",1,1,1,1,0.000459782969036122
"none",0.7,56,"PELT",1,1,1,1,0.000745547999273751
"none",0.7,56,"SVP",1,1,1,1,0.000745547999273751
"none",0.7,56,"SVP (BIC)",1,1,1,1,0.000745547999273751
"none",0.7,57,"PELT",1,1,1,1,0.000777715996994298
"none",0.7,57,"SVP",1,1,1,1,0.000777715996994298
"none",0.7,57,"SVP (BIC)",1,1,1,1,0.000777715996994298
"none",0.7,58,"PELT",1,1,1,1,0.00305196483404968
"none",0.7,58,"SVP",1,1,1,1,0.00305196483404968
"none",0.7,58,"SVP (BIC)",1,1,1,1,0.00305196483404968
"none",0.7,59,"PELT",1,1,1,1,6.03102525898137e-05
"none",0.7,59,"SVP",1,1,1,1,6.03102525898137e-05
"none",0.7,59,"SVP (BIC)",1,1,1,1,6.03102525898137e-05
"none",0.7,60,"PELT",1,1,1,1,0.00123245222526896
"none",0.7,60,"SVP",0.5,1,0.666666666666667,2,0.00591501734272847
"none",0.7,60,"SVP (BIC)",1,1,1,1,0.00123245222526896
"none",0.7,61,"PELT",1,1,1,1,5.34432891147989e-05
"none",0.7,61,"SVP",1,1,1,1,5.34432891147989e-05
"none",0.7,61,"SVP (BIC)",1,1,1,1,5.34432891147989e-05
"none",0.7,62,"PELT",1,1,1,1,0.000148837731930259
"none",0.7,62,"SVP",1,1,1,1,0.000148837731930259
"none",0.7,62,"SVP (BIC)",1,1,1,1,0.000148837731930259
"none",0.7,63,"PELT",1,1,1,1,0.000399907072517216
"none",0.7,63,"SVP",1,1,1,1,0.000399907072517216
"none",0.7,63,"SVP (BIC)",1,1,1,1,0.000399907072517216
"none",0.7,64,"PELT",1,1,1,1,3.04158691800482e-06
"none",0.7,64,"SVP",1,1,1,1,3.04158691800482e-06
"none",0.7,64,"SVP (BIC)",1,1,1,1,3.04158691800482e-06
"none",0.7,65,"PELT",1,1,1,1,0.00330668633449687
"none",0.7,65,"SVP",1,1,1,1,0.00330668633449687
"none",0.7,65,"SVP (BIC)",1,1,1,1,0.00330668633449687
"none",0.7,66,"PELT",1,1,1,1,0.00227631814999891
"none",0.7,66,"SVP",1,1,1,1,0.00227631814999891
"none",0.7,66,"SVP (BIC)",1,1,1,1,0.00227631814999891
"none",0.7,67,"PELT",1,1,1,1,0.000290635266100919
"none",0.7,67,"SVP",1,1,1,1,0.000290635266100919
"none",0.7,67,"SVP (BIC)",1,1,1,1,0.000290635266100919
"none",0.7,68,"PELT",1,1,1,1,0.000289071325347476
"none",0.7,68,"SVP",1,1,1,1,0.000289071325347476
"none",0.7,68,"SVP (BIC)",1,1,1,1,0.000289071325347476
"none",0.7,69,"PELT",0.5,1,0.666666666666667,2,0.0214470223127312
"none",0.7,69,"SVP",0.5,1,0.666666666666667,2,0.0214470223127312
"none",0.7,69,"SVP (BIC)",1,1,1,1,0.00116151945404365
"none",0.7,70,"PELT",1,1,1,1,4.57365141965845e-05
"none",0.7,70,"SVP",1,1,1,1,4.57365141965845e-05
"none",0.7,70,"SVP (BIC)",1,1,1,1,4.57365141965845e-05
"none",0.7,71,"PELT",1,1,1,1,0.00787190611562279
"none",0.7,71,"SVP",1,1,1,1,0.00787190611562279
"none",0.7,71,"SVP (BIC)",1,1,1,1,0.00787190611562279
"none",0.7,72,"PELT",1,1,1,1,0.000493894738782248
"none",0.7,72,"SVP",1,1,1,1,0.000493894738782248
"none",0.7,72,"SVP (BIC)",1,1,1,1,0.000493894738782248
"none",0.7,73,"PELT",1,1,1,1,0.000561883325007619
"none",0.7,73,"SVP",1,1,1,1,0.000561883325007619
"none",0.7,73,"SVP (BIC)",1,1,1,1,0.000561883325007619
"none",0.7,74,"PELT",1,1,1,1,0.000100591618578073
"none",0.7,74,"SVP",1,1,1,1,0.000100591618578073
"none",0.7,74,"SVP (BIC)",1,1,1,1,0.000100591618578073
"none",0.7,75,"PELT",1,1,1,1,9.05397129462733e-05
"none",0.7,75,"SVP",1,1,1,1,9.05397129462733e-05
"none",0.7,75,"SVP (BIC)",1,1,1,1,9.05397129462733e-05
"none",0.7,76,"PELT",1,1,1,1,0.000459892850537847
"none",0.7,76,"SVP",1,1,1,1,0.000459892850537847
"none",0.7,76,"SVP (BIC)",1,1,1,1,0.000459892850537847
"none",0.7,77,"PELT",1,1,1,1,9.09336562519508e-05
"none",0.7,77,"SVP",1,1,1,1,9.09336562519508e-05
"none",0.7,77,"SVP (BIC)",1,1,1,1,9.09336562519508e-05
"none",0.7,78,"PELT",1,1,1,1,0.000510414621741154
"none",0.7,78,"SVP",1,1,1,1,0.000510414621741154
"none",0.7,78,"SVP (BIC)",1,1,1,1,0.000510414621741154
"none",0.7,79,"PELT",1,1,1,1,0.000725556276504747
"none",0.7,79,"SVP",1,1,1,1,0.000725556276504747
"none",0.7,79,"SVP (BIC)",1,1,1,1,0.000725556276504747
"none",0.7,80,"PELT",1,1,1,1,0.00144039952754396
"none",0.7,80,"SVP",1,1,1,1,0.00144039952754396
"none",0.7,80,"SVP (BIC)",1,1,1,1,0.00144039952754396
"none",0.7,81,"PELT",1,1,1,1,0.00118585535096841
"none",0.7,81,"SVP",1,1,1,1,0.00118585535096841
"none",0.7,81,"SVP (BIC)",1,1,1,1,0.00118585535096841
"none",0.7,82,"PELT",1,1,1,1,0.00122669770449716
"none",0.7,82,"SVP",1,1,1,1,0.00122669770449716
"none",0.7,82,"SVP (BIC)",1,1,1,1,0.00122669770449716
"none",0.7,83,"PELT",1,1,1,1,0.00152191825421318
"none",0.7,83,"SVP",1,1,1,1,0.00152191825421318
"none",0.7,83,"SVP (BIC)",1,1,1,1,0.00152191825421318
"none",0.7,84,"PELT",1,1,1,1,0.00248382556703309
"none",0.7,84,"SVP",1,1,1,1,0.00248382556703309
"none",0.7,84,"SVP (BIC)",1,1,1,1,0.00248382556703309
"none",0.7,85,"PELT",1,1,1,1,0.000767718443481545
"none",0.7,85,"SVP",1,1,1,1,0.000767718443481545
"none",0.7,85,"SVP (BIC)",1,1,1,1,0.000767718443481545
"none",0.7,86,"PELT",1,1,1,1,7.55721098079533e-05
"none",0.7,86,"SVP",1,1,1,1,7.55721098079533e-05
"none",0.7,86,"SVP (BIC)",1,1,1,1,7.55721098079533e-05
"none",0.7,87,"PELT",1,1,1,1,0.000234148372945729
"none",0.7,87,"SVP",1,1,1,1,0.000234148372945729
"none",0.7,87,"SVP (BIC)",1,1,1,1,0.000234148372945729
"none",0.7,88,"PELT",1,1,1,1,0.00125670594970047
"none",0.7,88,"SVP",1,1,1,1,0.00125670594970047
"none",0.7,88,"SVP (BIC)",1,1,1,1,0.00125670594970047
"none",0.7,89,"PELT",1,1,1,1,0.00375858320135711
"none",0.7,89,"SVP",1,1,1,1,0.00375858320135711
"none",0.7,89,"SVP (BIC)",1,1,1,1,0.00375858320135711
"none",0.7,90,"PELT",1,1,1,1,0.000493202407672921
"none",0.7,90,"SVP",1,1,1,1,0.000493202407672921
"none",0.7,90,"SVP (BIC)",1,1,1,1,0.000493202407672921
"none",0.7,91,"PELT",0.5,1,0.666666666666667,2,0.0187470230937777
"none",0.7,91,"SVP",1,1,1,1,0.000144290412291114
"none",0.7,91,"SVP (BIC)",1,1,1,1,0.000144290412291114
"none",0.7,92,"PELT",1,1,1,1,0.00254512241526963
"none",0.7,92,"SVP",1,1,1,1,0.00254512241526963
"none",0.7,92,"SVP (BIC)",1,1,1,1,0.00254512241526963
"none",0.7,93,"PELT",1,1,1,1,0.00131017173000183
"none",0.7,93,"SVP",1,1,1,1,0.00131017173000183
"none",0.7,93,"SVP (BIC)",1,1,1,1,0.00131017173000183
"none",0.7,94,"PELT",1,1,1,1,0.000970957854679582
"none",0.7,94,"SVP",1,1,1,1,0.000970957854679582
"none",0.7,94,"SVP (BIC)",1,1,1,1,0.000970957854679582
"none",0.7,95,"PELT",1,1,1,1,0.000403688480910278
"none",0.7,95,"SVP",1,1,1,1,0.000403688480910278
"none",0.7,95,"SVP (BIC)",1,1,1,1,0.000403688480910278
"none",0.7,96,"PELT",1,1,1,1,7.91403043218924e-05
"none",0.7,96,"SVP",1,1,1,1,7.91403043218924e-05
"none",0.7,96,"SVP (BIC)",1,1,1,1,7.91403043218924e-05
"none",0.7,97,"PELT",1,1,1,1,1.81002687994884e-05
"none",0.7,97,"SVP",1,1,1,1,1.81002687994884e-05
"none",0.7,97,"SVP (BIC)",1,1,1,1,1.81002687994884e-05
"none",0.7,98,"PELT",1,1,1,1,0.000515601087675872
"none",0.7,98,"SVP",1,1,1,1,0.000515601087675872
"none",0.7,98,"SVP (BIC)",1,1,1,1,0.000515601087675872
"none",0.7,99,"PELT",1,1,1,1,0.00117547907844572
"none",0.7,99,"SVP",1,1,1,1,0.00117547907844572
"none",0.7,99,"SVP (BIC)",1,1,1,1,0.00117547907844572
"none",0.7,100,"PELT",1,1,1,1,0.00303582351792235
"none",0.7,100,"SVP",1,1,1,1,0.00303582351792235
"none",0.7,100,"SVP (BIC)",1,1,1,1,0.00303582351792235
"up",0.7,1,"PELT",0.625,0.625,0.625,8,0.0389654971150477
"up",0.7,1,"SVP",0.571428571428571,0.5,0.533333333333333,7,0.06602001391085
"up",0.7,1,"SVP (BIC)",0.4,0.25,0.307692307692308,5,0.120317186055127
"up",0.7,2,"PELT",0.5,0.5,0.5,8,0.0339865084554755
"up",0.7,2,"SVP",0.666666666666667,0.5,0.571428571428572,6,0.0863898093023941
"up",0.7,2,"SVP (BIC)",0.5,0.375,0.428571428571429,6,0.0806539463075776
"up",0.7,3,"PELT",0.375,0.375,0.375,8,0.0274144614337412
"up",0.7,3,"SVP",0.333333333333333,0.25,0.285714285714286,6,0.0951345543820358
"up",0.7,3,"SVP (BIC)",0.4,0.25,0.307692307692308,5,0.127575976626655
"up",0.7,4,"PELT",0.285714285714286,0.25,0.266666666666667,7,0.0680101573213476
"up",0.7,4,"SVP",0.2,0.125,0.153846153846154,5,0.123190096889517
"up",0.7,4,"SVP (BIC)",0.4,0.25,0.307692307692308,5,0.116584008257522
"up",0.7,5,"PELT",0.125,0.125,0.125,8,0.049493602604506
"up",0.7,5,"SVP",0.333333333333333,0.25,0.285714285714286,6,0.095278362268658
"up",0.7,5,"SVP (BIC)",0.2,0.125,0.153846153846154,5,0.130752210223662
"up",0.7,6,"PELT",0.625,0.625,0.625,8,0.0157719522530462
"up",0.7,6,"SVP",0.666666666666667,0.5,0.571428571428572,6,0.0784383900516648
"up",0.7,6,"SVP (BIC)",0.666666666666667,0.5,0.571428571428572,6,0.0793482504511826
"up",0.7,7,"PELT",0.285714285714286,0.25,0.266666666666667,7,0.0827449643328869
"up",0.7,7,"SVP",0.2,0.125,0.153846153846154,5,0.140404845584421
"up",0.7,7,"SVP (BIC)",0.2,0.125,0.153846153846154,5,0.120204952207281
"up",0.7,8,"PELT",0.625,0.625,0.625,8,0.0131463371450901
"up",0.7,8,"SVP",0.571428571428571,0.5,0.533333333333333,7,0.0438542675162093
"up",0.7,8,"SVP (BIC)",0.666666666666667,0.5,0.571428571428572,6,0.0731021436301069
"up",0.7,9,"PELT",0.5,0.375,0.428571428571429,6,0.080640474611712
"up",0.7,9,"SVP",0.5,0.375,0.428571428571429,6,0.080640474611712
"up",0.7,9,"SVP (BIC)",0.4,0.25,0.307692307692308,5,0.11675720457894
"up",0.7,10,"PELT",0.375,0.375,0.375,8,0.0507034069721611
"up",0.7,10,"SVP",0.333333333333333,0.25,0.285714285714286,6,0.107026912747516
"up",0.7,10,"SVP (BIC)",0.5,0.375,0.428571428571429,6,0.106396974340381
"up",0.7,11,"PELT",0.25,0.25,0.25,8,0.0361616150619608
"up",0.7,11,"SVP",0.285714285714286,0.25,0.266666666666667,7,0.0671508069353649
"up",0.7,11,"SVP (BIC)",0.2,0.125,0.153846153846154,5,0.133564818527717
"up",0.7,12,"PELT",0.5,0.5,0.5,8,0.0272218249224865
"up",0.7,12,"SVP",0.5,0.375,0.428571428571429,6,0.0956985893664917
"up",0.7,12,"SVP (BIC)",0.5,0.375,0.428571428571429,6,0.0956710331543439
"up",0.7,13,"PELT",0.142857142857143,0.125,0.133333333333333,7,0.076666785547243
"up",0.7,13,"SVP",0.333333333333333,0.25,0.285714285714286,6,0.0862066517559904
"up",0.7,13,"SVP (BIC)",0.2,0.125,0.153846153846154,5,0.152333170492204
"up",0.7,14,"PELT",0.125,0.125,0.125,8,0.0561019151960733
"up",0.7,14,"SVP",0.166666666666667,0.125,0.142857142857143,6,0.118764876349165
"up",0.7,14,"SVP (BIC)",0.166666666666667,0.125,0.142857142857143,6,0.104767671235302
"up",0.7,15,"PELT",0.714285714285714,0.625,0.666666666666667,7,0.0499363770606771
"up",0.7,15,"SVP",0.6,0.375,0.461538461538462,5,0.105946690802719
"up",0.7,15,"SVP (BIC)",0.8,0.5,0.615384615384615,5,0.0993441804119413
"up",0.7,16,"PELT",0.5,0.5,0.5,8,0.0195429770006986
"up",0.7,16,"SVP",0.5,0.375,0.428571428571429,6,0.0832470513008854
"up",0.7,16,"SVP (BIC)",0.4,0.25,0.307692307692308,5,0.121212722475929
"up",0.7,17,"PELT",0.375,0.375,0.375,8,0.0675360134985294
"up",0.7,17,"SVP",0.5,0.375,0.428571428571429,6,0.0855857695608571
"up",0.7,17,"SVP (BIC)",0.5,0.375,0.428571428571429,6,0.0851836401470623
"up",0.7,18,"PELT",0.625,0.625,0.625,8,0.0186171571757347
"up",0.7,18,"SVP",0.5,0.375,0.428571428571429,6,0.0866592271024113
"up",0.7,18,"SVP (BIC)",0.5,0.375,0.428571428571429,6,0.0866592271024113
"up",0.7,19,"PELT",0.75,0.75,0.75,8,0.0123785885091786
"up",0.7,19,"SVP",0.333333333333333,0.25,0.285714285714286,6,0.085208710418645
"up",0.7,19,"SVP (BIC)",0.2,0.125,0.153846153846154,5,0.113232090722267
"up",0.7,20,"PELT",0.285714285714286,0.25,0.266666666666667,7,0.0635244972217354
"up",0.7,20,"SVP",0.285714285714286,0.25,0.266666666666667,7,0.0635244972217354
"up",0.7,20,"SVP (BIC)",0.333333333333333,0.25,0.285714285714286,6,0.0924444804856425
"up",0.7,21,"PELT",0.571428571428571,0.5,0.533333333333333,7,0.0544249900120377
"up",0.7,21,"SVP",0.333333333333333,0.25,0.285714285714286,6,0.091243733209068
"up",0.7,21,"SVP (BIC)",0.4,0.25,0.307692307692308,5,0.144786588805895
"up",0.7,22,"PELT",0.75,0.75,0.75,8,0.0165853224784909
"up",0.7,22,"SVP",0.5,0.375,0.428571428571429,6,0.0815388154708681
"up",0.7,22,"SVP (BIC)",0.833333333333333,0.625,0.714285714285714,6,0.070226647474946
"up",0.7,23,"PELT",0.625,0.625,0.625,8,0.0343295638840705
"up",0.7,23,"SVP",0.2,0.125,0.153846153846154,5,0.122634291309973
"up",0.7,23,"SVP (BIC)",0.75,0.375,0.5,4,0.136741265411564
"up",0.7,24,"PELT",0.555555555555556,0.625,0.588235294117647,9,0.0330118086168095
"up",0.7,24,"SVP",0.571428571428571,0.5,0.533333333333333,7,0.0689788341935153
"up",0.7,24,"SVP (BIC)",0.833333333333333,0.625,0.714285714285714,6,0.0703804559182329
"up",0.7,25,"PELT",0.25,0.25,0.25,8,0.0290971028285642
"up",0.7,25,"SVP",0.333333333333333,0.25,0.285714285714286,6,0.0901218246774105
"up",0.7,25,"SVP (BIC)",0.4,0.25,0.307692307692308,5,0.123618993761746
"up",0.7,26,"PELT",0.375,0.375,0.375,8,0.0243126990016309
"up",0.7,26,"SVP",0.285714285714286,0.25,0.266666666666667,7,0.0578809472730071
"up",0.7,26,"SVP (BIC)",0.333333333333333,0.25,0.285714285714286,6,0.0929464725560621
"up",0.7,27,"PELT",0.285714285714286,0.25,0.266666666666667,7,0.0545691867217746
"up",0.7,27,"SVP",0.333333333333333,0.25,0.285714285714286,6,0.0865633339970318
"up",0.7,27,"SVP (BIC)",0.333333333333333,0.25,0.285714285714286,6,0.0865633339970318
"up",0.7,28,"PELT",0.571428571428571,0.5,0.533333333333333,7,0.0500073456880007
"up",0.7,28,"SVP",0.5,0.375,0.428571428571429,6,0.0880009815069364
"up",0.7,28,"SVP (BIC)",0.4,0.25,0.307692307692308,5,0.148674107266394
"up",0.7,29,"PELT",0.571428571428571,0.5,0.533333333333333,7,0.0479036760060922
"up",0.7,29,"SVP",0.333333333333333,0.25,0.285714285714286,6,0.0896442756207262
"up",0.7,29,"SVP (BIC)",0.333333333333333,0.25,0.285714285714286,6,0.0896442756207262
"up",0.7,30,"PELT",0.375,0.375,0.375,8,0.0273234218230362
"up",0.7,30,"SVP",0.428571428571429,0.375,0.4,7,0.054541977062321
"up",0.7,30,"SVP (BIC)",0.4,0.25,0.307692307692308,5,0.135172483846123
"up",0.7,31,"PELT",0.5,0.5,0.5,8,0.0191511631805468
"up",0.7,31,"SVP",0.571428571428571,0.5,0.533333333333333,7,0.0480974997401064
"up",0.7,31,"SVP (BIC)",0.2,0.125,0.153846153846154,5,0.138829996697767
"up",0.7,32,"PELT",0.5,0.5,0.5,8,0.0187977617112898
"up",0.7,32,"SVP",0.5,0.375,0.428571428571429,6,0.0931857027285971
"up",0.7,32,"SVP (BIC)",0.6,0.375,0.461538461538462,5,0.112394608518045
"up",0.7,33,"PELT",0.75,0.75,0.75,8,0.0177779919373626
"up",0.7,33,"SVP",0.166666666666667,0.125,0.142857142857143,6,0.104783342787053
"up",0.7,33,"SVP (BIC)",0.5,0.375,0.428571428571429,6,0.0808813217930945
"up",0.7,34,"PELT",0.5,0.5,0.5,8,0.0169535039083212
"up",0.7,34,"SVP",0.428571428571429,0.375,0.4,7,0.0444345377184434
"up",0.7,34,"SVP (BIC)",0.333333333333333,0.25,0.285714285714286,6,0.0877305377718443
"up",0.7,35,"PELT",0.166666666666667,0.125,0.142857142857143,6,0.109131181522737
"up",0.7,35,"SVP",0.166666666666667,0.125,0.142857142857143,6,0.109131181522737
"up",0.7,35,"SVP (BIC)",0.2,0.125,0.153846153846154,5,0.166481687941455
"up",0.7,36,"PELT",0.142857142857143,0.125,0.133333333333333,7,0.0655524381690713
"up",0.7,36,"SVP",0.2,0.125,0.153846153846154,5,0.12529174845905
"up",0.7,36,"SVP (BIC)",0.2,0.125,0.153846153846154,5,0.12529174845905
"up",0.7,37,"PELT",0.375,0.375,0.375,8,0.0270005052733082
"up",0.7,37,"SVP",0.5,0.375,0.428571428571429,6,0.0890231639548312
"up",0.7,37,"SVP (BIC)",0.666666666666667,0.5,0.571428571428572,6,0.0762494302682696
"up",0.7,38,"PELT",0.75,0.75,0.75,8,0.0163348014141689
"up",0.7,38,"SVP",0.666666666666667,0.5,0.571428571428572,6,0.0825154214323012
"up",0.7,38,"SVP (BIC)",0.666666666666667,0.5,0.571428571428572,6,0.0778218167069636
"up",0.7,39,"PELT",0.5,0.5,0.5,8,0.0298775449320637
"up",0.7,39,"SVP",0.5,0.375,0.428571428571429,6,0.0905644020488732
"up",0.7,39,"SVP (BIC)",0.5,0.375,0.428571428571429,6,0.0839414646541837
"up",0.7,40,"PELT",0.285714285714286,0.25,0.266666666666667,7,0.0524244697031589
"up",0.7,40,"SVP",0.333333333333333,0.25,0.285714285714286,6,0.0784451119863072
"up",0.7,40,"SVP (BIC)",0.333333333333333,0.25,0.285714285714286,6,0.0784451119863072
"up",0.7,41,"PELT",0.428571428571429,0.375,0.4,7,0.0468828185681819
"up",0.7,41,"SVP",0.166666666666667,0.125,0.142857142857143,6,0.0878149306551367
"up",0.7,41,"SVP (BIC)",0.333333333333333,0.25,0.285714285714286,6,0.0806043973096384
"up",0.7,42,"PELT",0.75,0.75,0.75,8,0.0316877443148994
"up",0.7,42,"SVP",0.714285714285714,0.625,0.666666666666667,7,0.0639242520349435
"up",0.7,42,"SVP (BIC)",0.666666666666667,0.5,0.571428571428572,6,0.0740707390034356
"up",0.7,43,"PELT",0.25,0.25,0.25,8,0.0309077504821209
"up",0.7,43,"SVP",0.333333333333333,0.25,0.285714285714286,6,0.0919977704494
"up",0.7,43,"SVP (BIC)",0.2,0.125,0.153846153846154,5,0.112072506242447
"up",0.7,44,"PELT",0.428571428571429,0.375,0.4,7,0.0505483512553944
"up",0.7,44,"SVP",0.333333333333333,0.25,0.285714285714286,6,0.0820038477580834
"up",0.7,44,"SVP (BIC)",0.2,0.125,0.153846153846154,5,0.121057989157297
"up",0.7,45,"PELT",0.428571428571429,0.375,0.4,7,0.050643939049522
"up",0.7,45,"SVP",0.5,0.375,0.428571428571429,6,0.0797954824656035
"up",0.7,45,"SVP (BIC)",0.8,0.5,0.615384615384615,5,0.102550129769304
"up",0.7,46,"PELT",0.571428571428571,0.5,0.533333333333333,7,0.0668888684770673
"up",0.7,46,"SVP",0.4,0.25,0.307692307692308,5,0.121270524985423
"up",0.7,46,"SVP (BIC)",0.4,0.25,0.307692307692308,5,0.121270524985423
"up",0.7,47,"PELT",0.571428571428571,0.5,0.533333333333333,7,0.0449486430481528
"up",0.7,47,"SVP",0.333333333333333,0.25,0.285714285714286,6,0.0863595079189765
"up",0.7,47,"SVP (BIC)",0.333333333333333,0.25,0.285714285714286,6,0.0863595079189765
"up",0.7,48,"PELT",0.5,0.5,0.5,8,0.016718174997412
"up",0.7,48,"SVP",0.285714285714286,0.25,0.266666666666667,7,0.0615301975868135
"up",0.7,48,"SVP (BIC)",0.166666666666667,0.125,0.142857142857143,6,0.0877115207152184
"up",0.7,49,"PELT",0.625,0.625,0.625,8,0.0221501149803991
"up",0.7,49,"SVP",0.333333333333333,0.25,0.285714285714286,6,0.0872146700500284
"up",0.7,49,"SVP (BIC)",0.4,0.25,0.307692307692308,5,0.122194290442486
"up",0.7,50,"PELT",0.428571428571429,0.375,0.4,7,0.0481266434932045
"up",0.7,50,"SVP",0.428571428571429,0.375,0.4,7,0.0481266434932045
"up",0.7,50,"SVP (BIC)",0.333333333333333,0.25,0.285714285714286,6,0.078086158432034
"up",0.7,51,"PELT",0.333333333333333,0.25,0.285714285714286,6,0.0849224138515946
"up",0.7,51,"SVP",0.2,0.125,0.153846153846154,5,0.140369074693635
"up",0.7,51,"SVP (BIC)",0.4,0.25,0.307692307692308,5,0.126865839092702
"up",0.7,52,"PELT",0.833333333333333,0.625,0.714285714285714,6,0.0723359574610127
"up",0.7,52,"SVP",0.833333333333333,0.625,0.714285714285714,6,0.0723359574610127
"up",0.7,52,"SVP (BIC)",0.4,0.25,0.307692307692308,5,0.114971927267417
"up",0.7,53,"PELT",0.5,0.5,0.5,8,0.0229841957858547
"up",0.7,53,"SVP",0.571428571428571,0.5,0.533333333333333,7,0.0600597557300266
"up",0.7,53,"SVP (BIC)",0.571428571428571,0.5,0.533333333333333,7,0.0600597557300266
"up",0.7,54,"PELT",0.428571428571429,0.375,0.4,7,0.0554554190833492
"up",0.7,54,"SVP",0.428571428571429,0.375,0.4,7,0.0554554190833492
"up",0.7,54,"SVP (BIC)",0.166666666666667,0.125,0.142857142857143,6,0.0953847423412027
"up",0.7,55,"PELT",0.5,0.375,0.428571428571429,6,0.0915447688290226
"up",0.7,55,"SVP",0.5,0.375,0.428571428571429,6,0.0915447688290226
"up",0.7,55,"SVP (BIC)",0.5,0.375,0.428571428571429,6,0.0915447688290226
"up",0.7,56,"PELT",0.285714285714286,0.25,0.266666666666667,7,0.0544135388532503
"up",0.7,56,"SVP",0.333333333333333,0.25,0.285714285714286,6,0.0863639971114232
"up",0.7,56,"SVP (BIC)",0.4,0.25,0.307692307692308,5,0.113399725090974
"up",0.7,57,"PELT",0.375,0.375,0.375,8,0.0388506159373923
"up",0.7,57,"SVP",0.333333333333333,0.25,0.285714285714286,6,0.0858236909382982
"up",0.7,57,"SVP (BIC)",0.5,0.375,0.428571428571429,6,0.0780564109406712
"up",0.7,58,"PELT",0.428571428571429,0.375,0.4,7,0.0491273908360477
"up",0.7,58,"SVP",0.428571428571429,0.375,0.4,7,0.0491273908360477
"up",0.7,58,"SVP (BIC)",0.2,0.125,0.153846153846154,5,0.12586674016416
"up",0.7,59,"PELT",0.375,0.375,0.375,8,0.0477583173108071
"up",0.7,59,"SVP",0.5,0.375,0.428571428571429,6,0.0913249118316845
"up",0.7,59,"SVP (BIC)",0.4,0.25,0.307692307692308,5,0.134044707237111
"up",0.7,60,"PELT",0.625,0.625,0.625,8,0.0186978619677942
"up",0.7,60,"SVP",0.5,0.375,0.428571428571429,6,0.0899107100358956
"up",0.7,60,"SVP (BIC)",0.4,0.25,0.307692307692308,5,0.11385183074751
"up",0.7,61,"PELT",0.375,0.375,0.375,8,0.02709424125076
"up",0.7,61,"SVP",0.166666666666667,0.125,0.142857142857143,6,0.108407669472282
"up",0.7,61,"SVP (BIC)",0.2,0.125,0.153846153846154,5,0.13890410555153
"up",0.7,62,"PELT",0.285714285714286,0.25,0.266666666666667,7,0.0679690556867108
"up",0.7,62,"SVP",0.285714285714286,0.25,0.266666666666667,7,0.0654796684307104
"up",0.7,62,"SVP (BIC)",0.333333333333333,0.25,0.285714285714286,6,0.0870217341059917
"up",0.7,63,"PELT",0.375,0.375,0.375,8,0.0370452162765583
"up",0.7,63,"SVP",0.5,0.375,0.428571428571429,6,0.0776902609380431
"up",0.7,63,"SVP (BIC)",0.2,0.125,0.153846153846154,5,0.129416340031881
"up",0.7,64,"PELT",0.285714285714286,0.25,0.266666666666667,7,0.0767611532758632
"up",0.7,64,"SVP",0.166666666666667,0.125,0.142857142857143,6,0.120020984447304
"up",0.7,64,"SVP (BIC)",0.2,0.125,0.153846153846154,5,0.12305645991983
"up",0.7,65,"PELT",0.75,0.75,0.75,8,0.0196152708818302
"up",0.7,65,"SVP",0.333333333333333,0.25,0.285714285714286,6,0.102410705323736
"up",0.7,65,"SVP (BIC)",0.6,0.375,0.461538461538462,5,0.113498952023138
"up",0.7,66,"PELT",0.375,0.375,0.375,8,0.0271956532457961
"up",0.7,66,"SVP",0.285714285714286,0.25,0.266666666666667,7,0.0561682110108388
"up",0.7,66,"SVP (BIC)",0.2,0.125,0.153846153846154,5,0.142019720264938
"up",0.7,67,"PELT",0.285714285714286,0.25,0.266666666666667,7,0.0694273871826577
"up",0.7,67,"SVP",0.333333333333333,0.25,0.285714285714286,6,0.0980640221719563
"up",0.7,67,"SVP (BIC)",0.333333333333333,0.25,0.285714285714286,6,0.0946502789285593
"up",0.7,68,"PELT",0.571428571428571,0.5,0.533333333333333,7,0.0532472194313329
"up",0.7,68,"SVP",0.2,0.125,0.153846153846154,5,0.131271271642546
"up",0.7,68,"SVP (BIC)",0.2,0.125,0.153846153846154,5,0.110046946381274
"up",0.7,69,"PELT",0.571428571428571,0.5,0.533333333333333,7,0.0549485225452196
"up",0.7,69,"SVP",0.333333333333333,0.25,0.285714285714286,6,0.0958149465339967
"up",0.7,69,"SVP (BIC)",0.4,0.25,0.307692307692308,5,0.112790840727474
"up",0.7,70,"PELT",0.5,0.5,0.5,8,0.0181935885695754
"up",0.7,70,"SVP",0.2,0.125,0.153846153846154,5,0.117955973233468
"up",0.7,70,"SVP (BIC)",0.4,0.25,0.307692307692308,5,0.112792211864128
"up",0.7,71,"PELT",0.571428571428571,0.5,0.533333333333333,7,0.0440132076028601
"up",0.7,71,"SVP",0.571428571428571,0.5,0.533333333333333,7,0.0440132076028601
"up",0.7,71,"SVP (BIC)",0.5,0.375,0.428571428571429,6,0.104806697094692
"up",0.7,72,"PELT",0.428571428571429,0.375,0.4,7,0.0577063256878921
"up",0.7,72,"SVP",0.333333333333333,0.25,0.285714285714286,6,0.101926156466303
"up",0.7,72,"SVP (BIC)",0.4,0.25,0.307692307692308,5,0.118018185064281
"up",0.7,73,"PELT",0.285714285714286,0.25,0.266666666666667,7,0.0672803924568816
"up",0.7,73,"SVP",0.333333333333333,0.25,0.285714285714286,6,0.0934544466545411
"up",0.7,73,"SVP (BIC)",0.333333333333333,0.25,0.285714285714286,6,0.0934544466545411
"up",0.7,74,"PELT",0.375,0.375,0.375,8,0.0278886241693087
"up",0.7,74,"SVP",0.333333333333333,0.25,0.285714285714286,6,0.104640965883281
"up",0.7,74,"SVP (BIC)",0.6,0.375,0.461538461538462,5,0.108998821693722
"up",0.7,75,"PELT",0.75,0.75,0.75,8,0.00822234182277676
"up",0.7,75,"SVP",0.571428571428571,0.5,0.533333333333333,7,0.0478394826679549
"up",0.7,75,"SVP (BIC)",0.333333333333333,0.25,0.285714285714286,6,0.0825137969292494
"up",0.7,76,"PELT",0.375,0.375,0.375,8,0.0223388050143122
"up",0.7,76,"SVP",0.166666666666667,0.125,0.142857142857143,6,0.0942149303473664
"up",0.7,76,"SVP (BIC)",0.2,0.125,0.153846153846154,5,0.133938360604504
"up",0.7,77,"PELT",0.375,0.375,0.375,8,0.0522488577032464
"up",0.7,77,"SVP",0.166666666666667,0.125,0.142857142857143,6,0.0904277713472557
"up",0.7,77,"SVP (BIC)",0.166666666666667,0.125,0.142857142857143,6,0.0893674413568967
"up",0.7,78,"PELT",0.571428571428571,0.5,0.533333333333333,7,0.0494295050667834
"up",0.7,78,"SVP",0.5,0.375,0.428571428571429,6,0.0820793250194623
"up",0.7,78,"SVP (BIC)",0.6,0.375,0.461538461538462,5,0.106648358873257
"up",0.7,79,"PELT",0.5,0.5,0.5,8,0.0286331938810608
"up",0.7,79,"SVP",0.333333333333333,0.25,0.285714285714286,6,0.0988209255205082
"up",0.7,79,"SVP (BIC)",0.5,0.375,0.428571428571429,6,0.0883569720215519
"up",0.7,80,"PELT",0.375,0.375,0.375,8,0.031270347820474
"up",0.7,80,"SVP",0.333333333333333,0.25,0.285714285714286,6,0.0830293245764246
"up",0.7,80,"SVP (BIC)",0.333333333333333,0.25,0.285714285714286,6,0.0881660466762318
"up",0.7,81,"PELT",0.625,0.625,0.625,8,0.0116939144395717
"up",0.7,81,"SVP",0.714285714285714,0.625,0.666666666666667,7,0.0450086815955909
"up",0.7,81,"SVP (BIC)",0.714285714285714,0.625,0.666666666666667,7,0.0450086815955909
"up",0.7,82,"PELT",0.5,0.5,0.5,8,0.0190653680633884
"up",0.7,82,"SVP",0.166666666666667,0.125,0.142857142857143,6,0.108651856412363
"up",0.7,82,"SVP (BIC)",0.6,0.375,0.461538461538462,5,0.109514296886815
"up",0.7,83,"PELT",0.875,0.875,0.875,8,0.0175307447692169
"up",0.7,83,"SVP",0.714285714285714,0.625,0.666666666666667,7,0.0566135160954277
"up",0.7,83,"SVP (BIC)",0.2,0.125,0.153846153846154,5,0.112316174936677
"up",0.7,84,"PELT",0.5,0.5,0.5,8,0.0206540439939717
"up",0.7,84,"SVP",0.5,0.375,0.428571428571429,6,0.0778082523053238
"up",0.7,84,"SVP (BIC)",0.6,0.375,0.461538461538462,5,0.110156953485887
"up",0.7,85,"PELT",0.5,0.5,0.5,8,0.0268215555909654
"up",0.7,85,"SVP",0.333333333333333,0.25,0.285714285714286,6,0.0964053824347004
"up",0.7,85,"SVP (BIC)",0.2,0.125,0.153846153846154,5,0.116332979269011
"up",0.7,86,"PELT",0.625,0.625,0.625,8,0.0281773687715239
"up",0.7,86,"SVP",0.571428571428571,0.5,0.533333333333333,7,0.0660472452857616
"up",0.7,86,"SVP (BIC)",0.4,0.25,0.307692307692308,5,0.131230241631593
"up",0.7,87,"PELT",0.857142857142857,0.75,0.8,7,0.0448691627936889
"up",0.7,87,"SVP",0.5,0.375,0.428571428571429,6,0.0844090266524949
"up",0.7,87,"SVP (BIC)",0.833333333333333,0.625,0.714285714285714,6,0.074873085854753
"up",0.7,88,"PELT",0.375,0.375,0.375,8,0.0393513161298712
"up",0.7,88,"SVP",0.428571428571429,0.375,0.4,7,0.0589372985266555
"up",0.7,88,"SVP (BIC)",0.5,0.375,0.428571428571429,6,0.090160741831366
"up",0.7,89,"PELT",0.428571428571429,0.375,0.4,7,0.0470510081726698
"up",0.7,89,"SVP",0.333333333333333,0.25,0.285714285714286,6,0.0835507785281661
"up",0.7,89,"SVP (BIC)",0.2,0.125,0.153846153846154,5,0.12963624374423
"up",0.7,90,"PELT",0.5,0.5,0.5,8,0.0142820923711425
"up",0.7,90,"SVP",0.428571428571429,0.375,0.4,7,0.0562349305897745
"up",0.7,90,"SVP (BIC)",0.5,0.375,0.428571428571429,6,0.0731019747098206
"up",0.7,91,"PELT",0.5,0.5,0.5,8,0.032402060800617
"up",0.7,91,"SVP",0.6,0.375,0.461538461538462,5,0.112610085984508
"up",0.7,91,"SVP (BIC)",0.6,0.375,0.461538461538462,5,0.105974068578696
"up",0.7,92,"PELT",0.625,0.625,0.625,8,0.0292036941489797
"up",0.7,92,"SVP",0.333333333333333,0.25,0.285714285714286,6,0.0987504591021711
"up",0.7,92,"SVP (BIC)",0.6,0.375,0.461538461538462,5,0.116726783897557
"up",0.7,93,"PELT",0.571428571428571,0.5,0.533333333333333,7,0.073727329610038
"up",0.7,93,"SVP",0.571428571428571,0.5,0.533333333333333,7,0.073727329610038
"up",0.7,93,"SVP (BIC)",0.5,0.375,0.428571428571429,6,0.101359030419913
"up",0.7,94,"PELT",0.428571428571429,0.375,0.4,7,0.0466055343762765
"up",0.7,94,"SVP",0.666666666666667,0.5,0.571428571428572,6,0.0669440150018984
"up",0.7,94,"SVP (BIC)",0.8,0.5,0.615384615384615,5,0.105294467544917
"up",0.7,95,"PELT",0.444444444444444,0.5,0.470588235294118,9,0.0309584530695534
"up",0.7,95,"SVP",0.571428571428571,0.5,0.533333333333333,7,0.0447732881827599
"up",0.7,95,"SVP (BIC)",0.4,0.25,0.307692307692308,5,0.123584920097474
"up",0.7,96,"PELT",0.375,0.375,0.375,8,0.0250130408179687
"up",0.7,96,"SVP",0.333333333333333,0.25,0.285714285714286,6,0.095540378729016
"up",0.7,96,"SVP (BIC)",0.2,0.125,0.153846153846154,5,0.123249613518903
"up",0.7,97,"PELT",0.625,0.625,0.625,8,0.0205308920480793
"up",0.7,97,"SVP",0.666666666666667,0.5,0.571428571428572,6,0.0806623594034421
"up",0.7,97,"SVP (BIC)",0.6,0.375,0.461538461538462,5,0.117078957055759
"up",0.7,98,"PELT",0.333333333333333,0.375,0.352941176470588,9,0.0595849888832816
"up",0.7,98,"SVP",0.5,0.375,0.428571428571429,6,0.076623197684361
"up",0.7,98,"SVP (BIC)",0.666666666666667,0.5,0.571428571428572,6,0.070535145756369
"up",0.7,99,"PELT",0.5,0.5,0.5,8,0.0356708106982137
"up",0.7,99,"SVP",0.6,0.375,0.461538461538462,5,0.108001606919888
"up",0.7,99,"SVP (BIC)",0.6,0.375,0.461538461538462,5,0.108001606919888
"up",0.7,100,"PELT",0.5,0.5,0.5,8,0.0307241494465322
"up",0.7,100,"SVP",0.428571428571429,0.375,0.4,7,0.0606314801850685
"up",0.7,100,"SVP (BIC)",0.6,0.375,0.461538461538462,5,0.117928749579547
"updown",0.7,1,"PELT",0.5,0.5,0.5,8,0.0249035863615767
"updown",0.7,1,"SVP",0.75,0.375,0.5,4,0.0817458003521181
"updown",0.7,1,"SVP (BIC)",0.333333333333333,0.125,0.181818181818182,3,0.115303303102649
"updown",0.7,2,"PELT",0.5,0.5,0.5,8,0.0396974526589274
"updown",0.7,2,"SVP",0.285714285714286,0.25,0.266666666666667,7,0.0788798533725884
"updown",0.7,2,"SVP (BIC)",0.4,0.25,0.307692307692308,5,0.101661575085357
"updown",0.7,3,"PELT",0.25,0.25,0.25,8,0.0569606146905445
"updown",0.7,3,"SVP",0.166666666666667,0.125,0.142857142857143,6,0.111135963174573
"updown",0.7,3,"SVP (BIC)",0.2,0.125,0.153846153846154,5,0.117472889059911
"updown",0.7,4,"PELT",0.625,0.625,0.625,8,0.0395938916754241
"updown",0.7,4,"SVP",0.571428571428571,0.5,0.533333333333333,7,0.0631838244255138
"updown",0.7,4,"SVP (BIC)",0.333333333333333,0.125,0.181818181818182,3,0.115417216733706
"updown",0.7,5,"PELT",0.875,0.875,0.875,8,0.0268356599320924
"updown",0.7,5,"SVP",0.4,0.25,0.307692307692308,5,0.101708493934356
"updown",0.7,5,"SVP (BIC)",0.5,0.25,0.333333333333333,4,0.101926663127045
"updown",0.7,6,"PELT",0.75,0.75,0.75,8,0.0197699713209804
"updown",0.7,6,"SVP",0.8,0.5,0.615384615384615,5,0.0679941115690781
"updown",0.7,6,"SVP (BIC)",0.5,0.125,0.2,2,0.113825620763227
"updown",0.7,7,"PELT",0.142857142857143,0.125,0.133333333333333,7,0.0794869876039777
"updown",0.7,7,"SVP",0.2,0.125,0.153846153846154,5,0.101073245658181
"updown",0.7,7,"SVP (BIC)",0.333333333333333,0.125,0.181818181818182,3,0.110579833225712
"updown",0.7,8,"PELT",0.5,0.5,0.5,8,0.0233428751931436
"updown",0.7,8,"SVP",0.5,0.125,0.2,2,0.11052523938207
"updown",0.7,8,"SVP (BIC)",1,0.125,0.222222222222222,1,0.122698242732963
"updown",0.7,9,"PELT",0.375,0.375,0.375,8,0.0140224293848653
"updown",0.7,9,"SVP",0.333333333333333,0.125,0.181818181818182,3,0.108681020322914
"updown",0.7,9,"SVP (BIC)",1,0.125,0.222222222222222,1,0.122503647423324
"updown",0.7,10,"PELT",0.625,0.625,0.625,8,0.0222629615204406
"updown",0.7,10,"SVP",0.5,0.25,0.333333333333333,4,0.0951886460481095
"updown",0.7,10,"SVP (BIC)",0.333333333333333,0.125,0.181818181818182,3,0.112458672219934
"updown",0.7,11,"PELT",0.444444444444444,0.5,0.470588235294118,9,0.052370978663277
"updown",0.7,11,"SVP",0.428571428571429,0.375,0.4,7,0.057513569604616
"updown",0.7,11,"SVP (BIC)",0.6,0.375,0.461538461538462,5,0.0750599332136632
"updown",0.7,12,"PELT",0.625,0.625,0.625,8,0.0237648159038966
"updown",0.7,12,"SVP",0.6,0.375,0.461538461538462,5,0.078189363270859
"updown",0.7,12,"SVP (BIC)",0.333333333333333,0.125,0.181818181818182,3,0.106303635269466
"updown",0.7,13,"PELT",0.666666666666667,0.5,0.571428571428572,6,0.0542165224123808
"updown",0.7,13,"SVP",0.2,0.125,0.153846153846154,5,0.0762304294813286
"updown",0.7,13,"SVP (BIC)",0.5,0.125,0.2,2,0.107888187698384
"updown",0.7,14,"PELT",0.75,0.75,0.75,8,0.0163967844298047
"updown",0.7,14,"SVP",1,0.5,0.666666666666667,4,0.0788237392462769
"updown",0.7,14,"SVP (BIC)",0.666666666666667,0.25,0.363636363636364,3,0.0981934134830274
"updown",0.7,15,"PELT",0.5,0.5,0.5,8,0.0493941597160455
"updown",0.7,15,"SVP",0.4,0.25,0.307692307692308,5,0.113389759810875
"updown",0.7,15,"SVP (BIC)",0.333333333333333,0.125,0.181818181818182,3,0.108822837896845
"updown",0.7,16,"PELT",0.25,0.25,0.25,8,0.0299771171605713
"updown",0.7,16,"SVP",0.25,0.125,0.166666666666667,4,0.0844906159582041
"updown",0.7,16,"SVP (BIC)",0.5,0.125,0.2,2,0.110279085266373
"updown",0.7,17,"PELT",0.375,0.375,0.375,8,0.0382549049279969
"updown",0.7,17,"SVP",0.333333333333333,0.25,0.285714285714286,6,0.0888435871407034
"updown",0.7,17,"SVP (BIC)",0.5,0.25,0.333333333333333,4,0.0918913815199045
"updown",0.7,18,"PELT",0.444444444444444,0.5,0.470588235294118,9,0.0455469083770254
"updown",0.7,18,"SVP",0.75,0.375,0.5,4,0.0896271167489832
"updown",0.7,18,"SVP (BIC)",0.666666666666667,0.25,0.363636363636364,3,0.0997740060185883
"updown",0.7,19,"PELT",0.444444444444444,0.5,0.470588235294118,9,0.0378949115567645
"updown",0.7,19,"SVP",0.5,0.375,0.428571428571429,6,0.0690777012460753
"updown",0.7,19,"SVP (BIC)",0.5,0.125,0.2,2,0.117978236156112
"updown",0.7,20,"PELT",0.5,0.5,0.5,8,0.0352534261116901
"updown",0.7,20,"SVP",0.6,0.375,0.461538461538462,5,0.0884570874865166
"updown",0.7,20,"SVP (BIC)",0.5,0.125,0.2,2,0.119096801452125
"updown",0.7,21,"PELT",0.333333333333333,0.25,0.285714285714286,6,0.0741301399281784
"updown",0.7,21,"SVP",0.333333333333333,0.125,0.181818181818182,3,0.107174086999127
"updown",0.7,21,"SVP (BIC)",0.5,0.125,0.2,2,0.106923808024694
"updown",0.7,22,"PELT",0.5,0.5,0.5,8,0.0232101088430119
"updown",0.7,22,"SVP",0.5,0.125,0.2,2,0.106929529501966
"updown",0.7,22,"SVP (BIC)",1,0.25,0.4,2,0.107010902727587
"updown",0.7,23,"PELT",0.5,0.5,0.5,8,0.0411449785874098
"updown",0.7,23,"SVP",0.5,0.5,0.5,8,0.0411449785874098
"updown",0.7,23,"SVP (BIC)",0.333333333333333,0.125,0.181818181818182,3,0.11464456659503
"updown",0.7,24,"PELT",0.625,0.625,0.625,8,0.023321705415448
"updown",0.7,24,"SVP",0.428571428571429,0.375,0.4,7,0.0764668797221987
"updown",0.7,24,"SVP (BIC)",0.333333333333333,0.125,0.181818181818182,3,0.11489459810519
"updown",0.7,25,"PELT",0.5,0.375,0.428571428571429,6,0.0582674722260805
"updown",0.7,25,"SVP",0.333333333333333,0.125,0.181818181818182,3,0.112290363598871
"updown",0.7,25,"SVP (BIC)",0.5,0.125,0.2,2,0.113814144131388
"updown",0.7,26,"PELT",0.166666666666667,0.125,0.142857142857143,6,0.0648656850880053
"updown",0.7,26,"SVP",0.333333333333333,0.125,0.181818181818182,3,0.123306675429497
"updown",0.7,26,"SVP (BIC)",0.5,0.125,0.2,2,0.113367290819839
"updown",0.7,27,"PELT",0.375,0.375,0.375,8,0.0250100108285669
"updown",0.7,27,"SVP",0.5,0.25,0.333333333333333,4,0.0856815829452699
"updown",0.7,27,"SVP (BIC)",0.333333333333333,0.125,0.181818181818182,3,0.116890718496623
"updown",0.7,28,"PELT",0.625,0.625,0.625,8,0.0256823423504181
"updown",0.7,28,"SVP",0.25,0.125,0.166666666666667,4,0.124149375510129
"updown",0.7,28,"SVP (BIC)",0.5,0.125,0.2,2,0.111874338991488
"updown",0.7,29,"PELT",0.5,0.375,0.428571428571429,6,0.0736402315764796
"updown",0.7,29,"SVP",0.666666666666667,0.25,0.363636363636364,3,0.094291269421258
"updown",0.7,29,"SVP (BIC)",1,0.125,0.222222222222222,1,0.123064729616244
"updown",0.7,30,"PELT",0.625,0.625,0.625,8,0.0137566577160397
"updown",0.7,30,"SVP",0.285714285714286,0.25,0.266666666666667,7,0.0689528843042179
"updown",0.7,30,"SVP (BIC)",0.5,0.125,0.2,2,0.11316894850462
"updown",0.7,31,"PELT",0.375,0.375,0.375,8,0.036161922410066
"updown",0.7,31,"SVP",0.25,0.125,0.166666666666667,4,0.110801915407624
"updown",0.7,31,"SVP (BIC)",0.666666666666667,0.25,0.363636363636364,3,0.111524391177438
"updown",0.7,32,"PELT",0.375,0.375,0.375,8,0.0368677970204167
"updown",0.7,32,"SVP",0.2,0.125,0.153846153846154,5,0.0915860080503527
"updown",0.7,32,"SVP (BIC)",0.666666666666667,0.25,0.363636363636364,3,0.0992904838807954
"updown",0.7,33,"PELT",0.5,0.5,0.5,8,0.051298988454852
"updown",0.7,33,"SVP",0.428571428571429,0.375,0.4,7,0.0749134535516653
"updown",0.7,33,"SVP (BIC)",0.8,0.5,0.615384615384615,5,0.101820301558802
"updown",0.7,34,"PELT",0.5,0.125,0.2,2,0.106635012562959
"updown",0.7,34,"SVP",0.5,0.125,0.2,2,0.106635012562959
"updown",0.7,34,"SVP (BIC)",1,0.125,0.222222222222222,1,0.12330966776521
"updown",0.7,35,"PELT",0.5,0.5,0.5,8,0.0440952609774382
"updown",0.7,35,"SVP",0.5,0.375,0.428571428571429,6,0.0904915407391746
"updown",0.7,35,"SVP (BIC)",0.25,0.125,0.166666666666667,4,0.103396568381037
"updown",0.7,36,"PELT",0.375,0.375,0.375,8,0.0433486044642055
"updown",0.7,36,"SVP",0.5,0.375,0.428571428571429,6,0.0583755450118575
"updown",0.7,36,"SVP (BIC)",0.333333333333333,0.125,0.181818181818182,3,0.11768664560717
"updown",0.7,37,"PELT",0.125,0.125,0.125,8,0.0438996543509808
"updown",0.7,37,"SVP",0.25,0.125,0.166666666666667,4,0.108158852323976
"updown",0.7,37,"SVP (BIC)",0.5,0.125,0.2,2,0.110315243042456
"updown",0.7,38,"PELT",0.25,0.25,0.25,8,0.0314961721549755
"updown",0.7,38,"SVP",0.5,0.25,0.333333333333333,4,0.0858812085590238
"updown",0.7,38,"SVP (BIC)",0.333333333333333,0.125,0.181818181818182,3,0.102779926254774
"updown",0.7,39,"PELT",0.5,0.375,0.428571428571429,6,0.0610429058616214
"updown",0.7,39,"SVP",0.4,0.25,0.307692307692308,5,0.094985062706776
"updown",0.7,39,"SVP (BIC)",0.5,0.25,0.333333333333333,4,0.103765547643708
"updown",0.7,40,"PELT",0.375,0.375,0.375,8,0.0210485779541097
"updown",0.7,40,"SVP",0.4,0.25,0.307692307692308,5,0.0783445257304586
"updown",0.7,40,"SVP (BIC)",0.5,0.125,0.2,2,0.114545483183469
"updown",0.7,41,"PELT",0.5,0.5,0.5,8,0.0320604896084074
"updown",0.7,41,"SVP",0.5,0.375,0.428571428571429,6,0.0580037846315931
"updown",0.7,41,"SVP (BIC)",0.666666666666667,0.25,0.363636363636364,3,0.10422651945479
"updown",0.7,42,"PELT",0.5,0.5,0.5,8,0.0393901658446799
"updown",0.7,42,"SVP",0.4,0.25,0.307692307692308,5,0.074567601121845
"updown",0.7,42,"SVP (BIC)",0.333333333333333,0.125,0.181818181818182,3,0.115345248951179
"updown",0.7,43,"PELT",0.25,0.25,0.25,8,0.0562494048300059
"updown",0.7,43,"SVP",0.285714285714286,0.25,0.266666666666667,7,0.0793739857558857
"updown",0.7,43,"SVP (BIC)",0.25,0.125,0.166666666666667,4,0.0912213933053128
"updown",0.7,44,"PELT",0.25,0.25,0.25,8,0.0392400869234427
"updown",0.7,44,"SVP",0.75,0.375,0.5,4,0.0808119594713117
"updown",0.7,44,"SVP (BIC)",1,0.25,0.4,2,0.109843559566077
"updown",0.7,45,"PELT",0.428571428571429,0.375,0.4,7,0.0496488221067158
"updown",0.7,45,"SVP",0.75,0.375,0.5,4,0.0951954294479403
"updown",0.7,45,"SVP (BIC)",0.333333333333333,0.125,0.181818181818182,3,0.0985406793263135
"updown",0.7,46,"PELT",0.666666666666667,0.5,0.571428571428572,6,0.0717477638793949
"updown",0.7,46,"SVP",0.666666666666667,0.25,0.363636363636364,3,0.100315075535736
"updown",0.7,46,"SVP (BIC)",0.333333333333333,0.125,0.181818181818182,3,0.106960668121577
"updown",0.7,47,"PELT",0.666666666666667,0.5,0.571428571428572,6,0.0586540510801628
"updown",0.7,47,"SVP",0.4,0.25,0.307692307692308,5,0.0924490528260582
"updown",0.7,47,"SVP (BIC)",0.333333333333333,0.125,0.181818181818182,3,0.117017952940323
"updown",0.7,48,"PELT",0.75,0.75,0.75,8,0.0181804341104326
"updown",0.7,48,"SVP",0.5,0.375,0.428571428571429,6,0.0792525991284708
"updown",0.7,48,"SVP (BIC)",0.666666666666667,0.25,0.363636363636364,3,0.100080152180476
"updown",0.7,49,"PELT",0.75,0.75,0.75,8,0.022163681066576
"updown",0.7,49,"SVP",0.6,0.375,0.461538461538462,5,0.0873001066123739
"updown",0.7,49,"SVP (BIC)",0.666666666666667,0.25,0.363636363636364,3,0.113101955520289
"updown",0.7,50,"PELT",0.5,0.25,0.333333333333333,4,0.0815768608596386
"updown",0.7,50,"SVP",0.333333333333333,0.125,0.181818181818182,3,0.104920210803758
"updown",0.7,50,"SVP (BIC)",0.5,0.125,0.2,2,0.108938149581226
"updown",0.7,51,"PELT",0.375,0.375,0.375,8,0.0272261829540184
"updown",0.7,51,"SVP",0.333333333333333,0.125,0.181818181818182,3,0.105384783049788
"updown",0.7,51,"SVP (BIC)",0.5,0.125,0.2,2,0.111105612572991
"updown",0.7,52,"PELT",0.75,0.75,0.75,8,0.0280669688973118
"updown",0.7,52,"SVP",0.666666666666667,0.5,0.571428571428572,6,0.0703522366723974
"updown",0.7,52,"SVP (BIC)",0.75,0.375,0.5,4,0.102609147770595
"updown",0.7,53,"PELT",0.444444444444444,0.5,0.470588235294118,9,0.0434856294379115
"updown",0.7,53,"SVP",0.4,0.25,0.307692307692308,5,0.103430967544415
"updown",0.7,53,"SVP (BIC)",0.333333333333333,0.125,0.181818181818182,3,0.115605373304654
"updown",0.7,54,"PELT",0.625,0.625,0.625,8,0.0267189330320195
"updown",0.7,54,"SVP",0.666666666666667,0.5,0.571428571428572,6,0.0629333092055613
"updown",0.7,54,"SVP (BIC)",0.5,0.25,0.333333333333333,4,0.099261671325735
"updown",0.7,55,"PELT",0.333333333333333,0.25,0.285714285714286,6,0.0650590538560799
"updown",0.7,55,"SVP",0.4,0.25,0.307692307692308,5,0.0930716570694797
"updown",0.7,55,"SVP (BIC)",0.333333333333333,0.125,0.181818181818182,3,0.101032871113997
"updown",0.7,56,"PELT",0.333333333333333,0.25,0.285714285714286,6,0.0660722138819674
"updown",0.7,56,"SVP",0.2,0.125,0.153846153846154,5,0.0963126536596749
"updown",0.7,56,"SVP (BIC)",0.5,0.125,0.2,2,0.119185152961638
"updown",0.7,57,"PELT",0.25,0.25,0.25,8,0.0266586861940753
"updown",0.7,57,"SVP",0.2,0.125,0.153846153846154,5,0.0935951997479059
"updown",0.7,57,"SVP (BIC)",0.25,0.125,0.166666666666667,4,0.0892801373662723
"updown",0.7,58,"PELT",0.777777777777778,0.875,0.823529411764706,9,0.0278587428838651
"updown",0.7,58,"SVP",0.75,0.375,0.5,4,0.0817109725960712
"updown",0.7,58,"SVP (BIC)",0.5,0.125,0.2,2,0.118013220706946
"updown",0.7,59,"PELT",0.625,0.625,0.625,8,0.03697897781068
"updown",0.7,59,"SVP",0.666666666666667,0.5,0.571428571428572,6,0.0620557647861811
"updown",0.7,59,"SVP (BIC)",0.5,0.25,0.333333333333333,4,0.0985323905981273
"updown",0.7,60,"PELT",0.125,0.125,0.125,8,0.0286067481860549
"updown",0.7,60,"SVP",0.4,0.25,0.307692307692308,5,0.0886025037470897
"updown",0.7,60,"SVP (BIC)",0.333333333333333,0.125,0.181818181818182,3,0.112901953707412
"updown",0.7,61,"PELT",0.333333333333333,0.25,0.285714285714286,6,0.0653940624126404
"updown",0.7,61,"SVP",0.5,0.25,0.333333333333333,4,0.0904473331068656
"updown",0.7,61,"SVP (BIC)",0.5,0.125,0.2,2,0.10896006773273
"updown",0.7,62,"PELT",0.222222222222222,0.25,0.235294117647059,9,0.100876973536374
"updown",0.7,62,"SVP",0.142857142857143,0.125,0.133333333333333,7,0.0953987454285415
"updown",0.7,62,"SVP (BIC)",0.333333333333333,0.125,0.181818181818182,3,0.116923151150816
"updown",0.7,63,"PELT",0.5,0.5,0.5,8,0.034058857506408
"updown",0.7,63,"SVP",0.166666666666667,0.125,0.142857142857143,6,0.0801113607519342
"updown",0.7,63,"SVP (BIC)",1,0.125,0.222222222222222,1,0.12277064007647
"updown",0.7,64,"PELT",0.125,0.125,0.125,8,0.0267356416906785
"updown",0.7,64,"SVP",0.2,0.125,0.153846153846154,5,0.0812689525636155
"updown",0.7,64,"SVP (BIC)",0.5,0.125,0.2,2,0.111407304721597
"updown",0.7,65,"PELT",0.428571428571429,0.375,0.4,7,0.0546434438389517
"updown",0.7,65,"SVP",0.5,0.375,0.428571428571429,6,0.0606823365216415
"updown",0.7,65,"SVP (BIC)",0.5,0.125,0.2,2,0.123543956728938
"updown",0.7,66,"PELT",0.375,0.375,0.375,8,0.0510994310811919
"updown",0.7,66,"SVP",0.4,0.25,0.307692307692308,5,0.091199888646061
"updown",0.7,66,"SVP (BIC)",0.333333333333333,0.125,0.181818181818182,3,0.119691405799235
"updown",0.7,67,"PELT",0.333333333333333,0.25,0.285714285714286,6,0.0979160518537955
"updown",0.7,67,"SVP",0.333333333333333,0.125,0.181818181818182,3,0.110698568077343
"updown",0.7,67,"SVP (BIC)",1,0.25,0.4,2,0.117176956898736
"updown",0.7,68,"PELT",0.375,0.375,0.375,8,0.0345437292210475
"updown",0.7,68,"SVP",0.4,0.25,0.307692307692308,5,0.102659015817727
"updown",0.7,68,"SVP (BIC)",0.5,0.25,0.333333333333333,4,0.112842813300406
"updown",0.7,69,"PELT",0.25,0.25,0.25,8,0.0321842853964652
"updown",0.7,69,"SVP",0.142857142857143,0.125,0.133333333333333,7,0.0815299383206835
"updown",0.7,69,"SVP (BIC)",0.25,0.125,0.166666666666667,4,0.109052770275963
"updown",0.7,70,"PELT",0.5,0.5,0.5,8,0.0289343094788278
"updown",0.7,70,"SVP",0.6,0.375,0.461538461538462,5,0.0852248361867772
"updown",0.7,70,"SVP (BIC)",0.5,0.125,0.2,2,0.11714880490486
"updown",0.7,71,"PELT",0.625,0.625,0.625,8,0.0190238053387739
"updown",0.7,71,"SVP",0.4,0.25,0.307692307692308,5,0.0787725428234684
"updown",0.7,71,"SVP (BIC)",0.5,0.125,0.2,2,0.120047328021102
"updown",0.7,72,"PELT",0.625,0.625,0.625,8,0.0337899299817529
"updown",0.7,72,"SVP",0.571428571428571,0.5,0.533333333333333,7,0.0565860740807218
"updown",0.7,72,"SVP (BIC)",0.333333333333333,0.125,0.181818181818182,3,0.0994602396187388
"updown",0.7,73,"PELT",0.666666666666667,0.5,0.571428571428572,6,0.0680292953319033
"updown",0.7,73,"SVP",0.6,0.375,0.461538461538462,5,0.0930835959424733
"updown",0.7,73,"SVP (BIC)",1,0.375,0.545454545454545,3,0.0985997655813594
"updown",0.7,74,"PELT",0.5,0.25,0.333333333333333,4,0.0861712134105346
"updown",0.7,74,"SVP",0.333333333333333,0.125,0.181818181818182,3,0.112878803040371
"updown",0.7,74,"SVP (BIC)",0.5,0.125,0.2,2,0.11341670601153
"updown",0.7,75,"PELT",0.625,0.625,0.625,8,0.0344143413626453
"updown",0.7,75,"SVP",0.333333333333333,0.25,0.285714285714286,6,0.090913759056989
"updown",0.7,75,"SVP (BIC)",0.5,0.25,0.333333333333333,4,0.1032409050254
"updown",0.7,76,"PELT",0.666666666666667,0.5,0.571428571428572,6,0.0682905374592113
"updown",0.7,76,"SVP",0.666666666666667,0.25,0.363636363636364,3,0.113646654908836
"updown",0.7,76,"SVP (BIC)",0.5,0.125,0.2,2,0.114252601946977
"updown",0.7,77,"PELT",0.166666666666667,0.125,0.142857142857143,6,0.0689408950376959
"updown",0.7,77,"SVP",0.166666666666667,0.125,0.142857142857143,6,0.0689408950376959
"updown",0.7,77,"SVP (BIC)",0.333333333333333,0.125,0.181818181818182,3,0.117163232543153
"updown",0.7,78,"PELT",0.25,0.25,0.25,8,0.0217203633433296
"updown",0.7,78,"SVP",0.333333333333333,0.25,0.285714285714286,6,0.0613614719998576
"updown",0.7,78,"SVP (BIC)",0.333333333333333,0.125,0.181818181818182,3,0.11152085885179
"updown",0.7,79,"PELT",0.25,0.25,0.25,8,0.0642498549248956
"updown",0.7,79,"SVP",0.166666666666667,0.125,0.142857142857143,6,0.071761338093994
"updown",0.7,79,"SVP (BIC)",0.333333333333333,0.125,0.181818181818182,3,0.123554706083392
"updown",0.7,80,"PELT",0.625,0.625,0.625,8,0.0431349544443182
"updown",0.7,80,"SVP",0.75,0.375,0.5,4,0.0781757721773449
"updown",0.7,80,"SVP (BIC)",0.5,0.125,0.2,2,0.10987615749098
"updown",0.7,81,"PELT",0.714285714285714,0.625,0.666666666666667,7,0.0491106436963447
"updown",0.7,81,"SVP",0.833333333333333,0.625,0.714285714285714,6,0.0571916840131124
"updown",0.7,81,"SVP (BIC)",0.5,0.25,0.333333333333333,4,0.100098686709948
"updown",0.7,82,"PELT",0.75,0.75,0.75,8,0.0269120840005868
"updown",0.7,82,"SVP",0.6,0.375,0.461538461538462,5,0.097790259041509
"updown",0.7,82,"SVP (BIC)",0.5,0.25,0.333333333333333,4,0.105726830099018
"updown",0.7,83,"PELT",0.333333333333333,0.25,0.285714285714286,6,0.0869042259198357
"updown",0.7,83,"SVP",0.25,0.125,0.166666666666667,4,0.106469945040261
"updown",0.7,83,"SVP (BIC)",0.666666666666667,0.25,0.363636363636364,3,0.111210253745244
"updown",0.7,84,"PELT",0.333333333333333,0.25,0.285714285714286,6,0.0619900104731791
"updown",0.7,84,"SVP",0.25,0.125,0.166666666666667,4,0.0991423176985819
"updown",0.7,84,"SVP (BIC)",0.5,0.125,0.2,2,0.130996629312675
"updown",0.7,85,"PELT",0.5,0.5,0.5,8,0.0344006340844163
"updown",0.7,85,"SVP",0.285714285714286,0.25,0.266666666666667,7,0.0855106430413415
"updown",0.7,85,"SVP (BIC)",0.6,0.375,0.461538461538462,5,0.101365874557488
"updown",0.7,86,"PELT",0.625,0.625,0.625,8,0.0254248088243946
"updown",0.7,86,"SVP",0.6,0.375,0.461538461538462,5,0.0802129980001168
"updown",0.7,86,"SVP (BIC)",1,0.25,0.4,2,0.108015208905698
"updown",0.7,87,"PELT",0.5,0.5,0.5,8,0.0310704305323273
"updown",0.7,87,"SVP",0.285714285714286,0.25,0.266666666666667,7,0.0725557903749359
"updown",0.7,87,"SVP (BIC)",0.333333333333333,0.125,0.181818181818182,3,0.111884979252657
"updown",0.7,88,"PELT",0.444444444444444,0.5,0.470588235294118,9,0.0523977325852626
"updown",0.7,88,"SVP",0.428571428571429,0.375,0.4,7,0.0547402661316297
"updown",0.7,88,"SVP (BIC)",0.5,0.375,0.428571428571429,6,0.0637491017217115
"updown",0.7,89,"PELT",0.5,0.5,0.5,8,0.0261120818970554
"updown",0.7,89,"SVP",0.6,0.375,0.461538461538462,5,0.0898663210425471
"updown",0.7,89,"SVP (BIC)",0.666666666666667,0.25,0.363636363636364,3,0.0990555577709063
"updown",0.7,90,"PELT",0.333333333333333,0.25,0.285714285714286,6,0.0659983749748456
"updown",0.7,90,"SVP",0.2,0.125,0.153846153846154,5,0.092021700969453
"updown",0.7,90,"SVP (BIC)",0.333333333333333,0.125,0.181818181818182,3,0.110258309332554
"updown",0.7,91,"PELT",0.625,0.625,0.625,8,0.016916223934049
"updown",0.7,91,"SVP",0.5,0.25,0.333333333333333,4,0.0889073417342335
"updown",0.7,91,"SVP (BIC)",0.666666666666667,0.25,0.363636363636364,3,0.107269213088025
"updown",0.7,92,"PELT",0.375,0.375,0.375,8,0.0616236546337191
"updown",0.7,92,"SVP",0.285714285714286,0.25,0.266666666666667,7,0.0912583405971796
"updown",0.7,92,"SVP (BIC)",0.4,0.25,0.307692307692308,5,0.101979756704173
"updown",0.7,93,"PELT",0.5,0.5,0.5,8,0.0253240698132929
"updown",0.7,93,"SVP",0.75,0.375,0.5,4,0.0817162752624521
"updown",0.7,93,"SVP (BIC)",0.666666666666667,0.25,0.363636363636364,3,0.117283000728139
"updown",0.7,94,"PELT",0.333333333333333,0.125,0.181818181818182,3,0.0976831213765532
"updown",0.7,94,"SVP",0.5,0.125,0.2,2,0.113518217808229
"updown",0.7,94,"SVP (BIC)",0.5,0.125,0.2,2,0.107887698368305
"updown",0.7,95,"PELT",0.625,0.625,0.625,8,0.0367480132075928
"updown",0.7,95,"SVP",0.571428571428571,0.5,0.533333333333333,7,0.0780251618329863
"updown",0.7,95,"SVP (BIC)",0.333333333333333,0.125,0.181818181818182,3,0.123119969585427
"updown",0.7,96,"PELT",0.375,0.375,0.375,8,0.061178379994703
"updown",0.7,96,"SVP",0.285714285714286,0.25,0.266666666666667,7,0.089716151853486
"updown",0.7,96,"SVP (BIC)",0.6,0.375,0.461538461538462,5,0.0845083333449005
"updown",0.7,97,"PELT",0.5,0.5,0.5,8,0.0367838606539099
"updown",0.7,97,"SVP",0.5,0.375,0.428571428571429,6,0.0680874355679801
"updown",0.7,97,"SVP (BIC)",0.666666666666667,0.25,0.363636363636364,3,0.126623401180518
"updown",0.7,98,"PELT",0.625,0.625,0.625,8,0.0182501808915967
"updown",0.7,98,"SVP",0.6,0.375,0.461538461538462,5,0.0876721390212923
"updown",0.7,98,"SVP (BIC)",0.666666666666667,0.25,0.363636363636364,3,0.0977506638727093
"updown",0.7,99,"PELT",0.6,0.375,0.461538461538462,5,0.0887803067297655
"updown",0.7,99,"SVP",0.75,0.375,0.5,4,0.0919418522104698
"updown",0.7,99,"SVP (BIC)",0.5,0.125,0.2,2,0.127836450730896
"updown",0.7,100,"PELT",0.625,0.625,0.625,8,0.0202766790007158
"updown",0.7,100,"SVP",0.333333333333333,0.25,0.285714285714286,6,0.08663461465087
"updown",0.7,100,"SVP (BIC)",0.5,0.125,0.2,2,0.117018920224049
"rand1",0.7,1,"PELT",0.8,0.5,0.615384615384615,5,0.0285650216708837
"rand1",0.7,1,"SVP",0.8,0.5,0.615384615384615,5,0.0285650216708837
"rand1",0.7,1,"SVP (BIC)",0.5,0.25,0.333333333333333,4,0.0635062922658326
"rand1",0.7,2,"PELT",0.6,0.375,0.461538461538462,5,0.0284452205567151
"rand1",0.7,2,"SVP",0.6,0.375,0.461538461538462,5,0.0284452205567151
"rand1",0.7,2,"SVP (BIC)",0.6,0.375,0.461538461538462,5,0.0284452205567151
"rand1",0.7,3,"PELT",0.833333333333333,0.625,0.714285714285714,6,0.0222501139291394
"rand1",0.7,3,"SVP",1,0.625,0.769230769230769,5,0.0201935920333911
"rand1",0.7,3,"SVP (BIC)",0.75,0.375,0.5,4,0.0527491425598898
"rand1",0.7,4,"PELT",1,0.625,0.769230769230769,5,0.0120129188147593
"rand1",0.7,4,"SVP",0.75,0.375,0.5,4,0.0455718330179321
"rand1",0.7,4,"SVP (BIC)",0.75,0.375,0.5,4,0.0467982318182799
"rand1",0.7,5,"PELT",0.428571428571429,0.375,0.4,7,0.040413556465224
"rand1",0.7,5,"SVP",0.6,0.375,0.461538461538462,5,0.0227546387129305
"rand1",0.7,5,"SVP (BIC)",0.6,0.375,0.461538461538462,5,0.0227546387129305
"rand1",0.7,6,"PELT",0.8,0.5,0.615384615384615,5,0.0165099744253122
"rand1",0.7,6,"SVP",0.8,0.5,0.615384615384615,5,0.0165099744253122
"rand1",0.7,6,"SVP (BIC)",0.75,0.375,0.5,4,0.0462299325027197
"rand1",0.7,7,"PELT",0.6,0.375,0.461538461538462,5,0.0215461464070762
"rand1",0.7,7,"SVP",0.6,0.375,0.461538461538462,5,0.0215461464070762
"rand1",0.7,7,"SVP (BIC)",0.6,0.375,0.461538461538462,5,0.0215461464070762
"rand1",0.7,8,"PELT",0.4,0.25,0.307692307692308,5,0.0398233798384427
"rand1",0.7,8,"SVP",0.25,0.125,0.166666666666667,4,0.0616152508721931
"rand1",0.7,8,"SVP (BIC)",0.25,0.125,0.166666666666667,4,0.0589170388311711
"rand1",0.7,9,"PELT",0.4,0.25,0.307692307692308,5,0.0196116417820455
"rand1",0.7,9,"SVP",0.25,0.125,0.166666666666667,4,0.0461129330160067
"rand1",0.7,9,"SVP (BIC)",0.25,0.125,0.166666666666667,4,0.0451267487944182
"rand1",0.7,10,"PELT",0.666666666666667,0.5,0.571428571428572,6,0.0319434253605127
"rand1",0.7,10,"SVP",0.4,0.25,0.307692307692308,5,0.0679096767699587
"rand1",0.7,10,"SVP (BIC)",0.4,0.25,0.307692307692308,5,0.0635264363010003
"rand1",0.7,11,"PELT",0.571428571428571,0.5,0.533333333333333,7,0.0477793772716579
"rand1",0.7,11,"SVP",0.2,0.125,0.153846153846154,5,0.0977690400964317
"rand1",0.7,11,"SVP (BIC)",0.75,0.375,0.5,4,0.0550862076103253
"rand1",0.7,12,"PELT",1,0.625,0.769230769230769,5,0.0127650361805661
"rand1",0.7,12,"SVP",1,0.625,0.769230769230769,5,0.0127650361805661
"rand1",0.7,12,"SVP (BIC)",0.75,0.375,0.5,4,0.042170272253808
"rand1",0.7,13,"PELT",0.8,0.5,0.615384615384615,5,0.0225616411365606
"rand1",0.7,13,"SVP",0.8,0.5,0.615384615384615,5,0.0225616411365606
"rand1",0.7,13,"SVP (BIC)",0.8,0.5,0.615384615384615,5,0.0225616411365606
"rand1",0.7,14,"PELT",1,0.625,0.769230769230769,5,0.00964801519391403
"rand1",0.7,14,"SVP",1,0.625,0.769230769230769,5,0.00964801519391403
"rand1",0.7,14,"SVP (BIC)",0.75,0.375,0.5,4,0.0433797045187311
"rand1",0.7,15,"PELT",0.4,0.25,0.307692307692308,5,0.0240672637652771
"rand1",0.7,15,"SVP",0.5,0.25,0.333333333333333,4,0.0449876060031656
"rand1",0.7,15,"SVP (BIC)",0.75,0.375,0.5,4,0.0432857802551796
"rand1",0.7,16,"PELT",0.6,0.375,0.461538461538462,5,0.0314105150869113
"rand1",0.7,16,"SVP",0.5,0.25,0.333333333333333,4,0.0520420625891174
"rand1",0.7,16,"SVP (BIC)",0.5,0.25,0.333333333333333,4,0.0513412033908795
"rand1",0.7,17,"PELT",0.8,0.5,0.615384615384615,5,0.0224916274775907
"rand1",0.7,17,"SVP",0.8,0.5,0.615384615384615,5,0.0224916274775907
"rand1",0.7,17,"SVP (BIC)",0.75,0.375,0.5,4,0.0483297244146313
"rand1",0.7,18,"PELT",0.6,0.375,0.461538461538462,5,0.0247359211405696
"rand1",0.7,18,"SVP",0.5,0.25,0.333333333333333,4,0.052668526470711
"rand1",0.7,18,"SVP (BIC)",0.5,0.25,0.333333333333333,4,0.0521193613498714
"rand1",0.7,19,"PELT",0.833333333333333,0.625,0.714285714285714,6,0.0172133724351536
"rand1",0.7,19,"SVP",0.5,0.25,0.333333333333333,4,0.0491147015552824
"rand1",0.7,19,"SVP (BIC)",0.75,0.375,0.5,4,0.048288702584314
"rand1",0.7,20,"PELT",0.833333333333333,0.625,0.714285714285714,6,0.028683009591034
"rand1",0.7,20,"SVP",0.75,0.375,0.5,4,0.0465689354176282
"rand1",0.7,20,"SVP (BIC)",0.75,0.375,0.5,4,0.04701519351266
"rand1",0.7,21,"PELT",0.6,0.375,0.461538461538462,5,0.021525944986276
"rand1",0.7,21,"SVP",0.6,0.375,0.461538461538462,5,0.021525944986276
"rand1",0.7,21,"SVP (BIC)",0.25,0.125,0.166666666666667,4,0.0776014279004681
"rand1",0.7,22,"PELT",0.8,0.5,0.615384615384615,5,0.0133078732338975
"rand1",0.7,22,"SVP",0.8,0.5,0.615384615384615,5,0.0133078732338975
"rand1",0.7,22,"SVP (BIC)",0.75,0.375,0.5,4,0.0426309457417632
"rand1",0.7,23,"PELT",1,0.625,0.769230769230769,5,0.0125495831783996
"rand1",0.7,23,"SVP",0.5,0.25,0.333333333333333,4,0.0500189519559635
"rand1",0.7,23,"SVP (BIC)",0.5,0.25,0.333333333333333,4,0.0585211458841703
"rand1",0.7,24,"PELT",0.8,0.5,0.615384615384615,5,0.0131403826082676
"rand1",0.7,24,"SVP",0.8,0.5,0.615384615384615,5,0.0131403826082676
"rand1",0.7,24,"SVP (BIC)",0.5,0.25,0.333333333333333,4,0.0430017273085343
"rand1",0.7,25,"PELT",0.4,0.25,0.307692307692308,5,0.0364791853678025
"rand1",0.7,25,"SVP",0.4,0.25,0.307692307692308,5,0.0364791853678025
"rand1",0.7,25,"SVP (BIC)",0.4,0.25,0.307692307692308,5,0.0364791853678025
"rand1",0.7,26,"PELT",0.8,0.5,0.615384615384615,5,0.0168927543374958
"rand1",0.7,26,"SVP",0.8,0.5,0.615384615384615,5,0.0168927543374958
"rand1",0.7,26,"SVP (BIC)",0.5,0.25,0.333333333333333,4,0.0481915543492921
"rand1",0.7,27,"PELT",0.6,0.375,0.461538461538462,5,0.0223908873371589
"rand1",0.7,27,"SVP",0.6,0.375,0.461538461538462,5,0.0223908873371589
"rand1",0.7,27,"SVP (BIC)",0.75,0.375,0.5,4,0.0473708196196922
"rand1",0.7,28,"PELT",0.666666666666667,0.5,0.571428571428572,6,0.0291479259143468
"rand1",0.7,28,"SVP",0.75,0.375,0.5,4,0.0411141702406472
"rand1",0.7,28,"SVP (BIC)",0.75,0.375,0.5,4,0.0406973637224271
"rand1",0.7,29,"PELT",0.8,0.5,0.615384615384615,5,0.0184651786850332
"rand1",0.7,29,"SVP",0.8,0.5,0.615384615384615,5,0.0184651786850332
"rand1",0.7,29,"SVP (BIC)",0.5,0.25,0.333333333333333,4,0.0495081275011644
"rand1",0.7,30,"PELT",0.6,0.375,0.461538461538462,5,0.0197873078377846
"rand1",0.7,30,"SVP",0.5,0.25,0.333333333333333,4,0.048807613993759
"rand1",0.7,30,"SVP (BIC)",0.5,0.25,0.333333333333333,4,0.048014577629641
"rand1",0.7,31,"PELT",1,0.625,0.769230769230769,5,0.00980864648452812
"rand1",0.7,31,"SVP",1,0.625,0.769230769230769,5,0.00980864648452812
"rand1",0.7,31,"SVP (BIC)",0.75,0.375,0.5,4,0.0461828345605986
"rand1",0.7,32,"PELT",0.8,0.5,0.615384615384615,5,0.0315308684314425
"rand1",0.7,32,"SVP",0.8,0.5,0.615384615384615,5,0.0315308684314425
"rand1",0.7,32,"SVP (BIC)",0.8,0.5,0.615384615384615,5,0.0315308684314425
"rand1",0.7,33,"PELT",0.6,0.375,0.461538461538462,5,0.0388373252613673
"rand1",0.7,33,"SVP",0.75,0.375,0.5,4,0.0458107442256799
"rand1",0.7,33,"SVP (BIC)",0.333333333333333,0.125,0.181818181818182,3,0.125780984204119
"rand1",0.7,34,"PELT",0.8,0.5,0.615384615384615,5,0.0219073392546611
"rand1",0.7,34,"SVP",0.75,0.375,0.5,4,0.0449291124570253
"rand1",0.7,34,"SVP (BIC)",0.75,0.375,0.5,4,0.0435897834246447
"rand1",0.7,35,"PELT",0.8,0.5,0.615384615384615,5,0.0191177599034091
"rand1",0.7,35,"SVP",0.75,0.375,0.5,4,0.0459107370039872
"rand1",0.7,35,"SVP (BIC)",0.75,0.375,0.5,4,0.0458373906056369
"rand1",0.7,36,"PELT",0.8,0.5,0.615384615384615,5,0.0165578695207941
"rand1",0.7,36,"SVP",0.8,0.5,0.615384615384615,5,0.0165578695207941
"rand1",0.7,36,"SVP (BIC)",0.5,0.25,0.333333333333333,4,0.0521468084987889
"rand1",0.7,37,"PELT",0.8,0.5,0.615384615384615,5,0.0161558759947209
"rand1",0.7,37,"SVP",0.8,0.5,0.615384615384615,5,0.0161558759947209
"rand1",0.7,37,"SVP (BIC)",0.5,0.25,0.333333333333333,4,0.0466537069757344
"rand1",0.7,38,"PELT",0.4,0.25,0.307692307692308,5,0.0218077628147743
"rand1",0.7,38,"SVP",0.4,0.25,0.307692307692308,5,0.0218077628147743
"rand1",0.7,38,"SVP (BIC)",0.4,0.25,0.307692307692308,5,0.0218077628147743
"rand1",0.7,39,"PELT",0.4,0.25,0.307692307692308,5,0.0478558893844874
"rand1",0.7,39,"SVP",0.4,0.25,0.307692307692308,5,0.0478558893844874
"rand1",0.7,39,"SVP (BIC)",0.4,0.25,0.307692307692308,5,0.0478558893844874
"rand1",0.7,40,"PELT",0.8,0.5,0.615384615384615,5,0.013061554974444
"rand1",0.7,40,"SVP",0.75,0.375,0.5,4,0.0398472840405805
"rand1",0.7,40,"SVP (BIC)",0.75,0.375,0.5,4,0.0398472840405805
"rand1",0.7,41,"PELT",0.8,0.5,0.615384615384615,5,0.0198618790941444
"rand1",0.7,41,"SVP",0.5,0.25,0.333333333333333,4,0.0519515164366981
"rand1",0.7,41,"SVP (BIC)",0.5,0.25,0.333333333333333,4,0.0513170509579107
"rand1",0.7,42,"PELT",0.8,0.5,0.615384615384615,5,0.023872506740963
"rand1",0.7,42,"SVP",0.5,0.25,0.333333333333333,4,0.0564223631383319
"rand1",0.7,42,"SVP (BIC)",0.75,0.375,0.5,4,0.0541698093839355
"rand1",0.7,43,"PELT",1,0.625,0.769230769230769,5,0.0130353118753919
"rand1",0.7,43,"SVP",1,0.625,0.769230769230769,5,0.0130353118753919
"rand1",0.7,43,"SVP (BIC)",0.75,0.375,0.5,4,0.0449518535418632
"rand1",0.7,44,"PELT",0.6,0.375,0.461538461538462,5,0.0276298398804082
"rand1",0.7,44,"SVP",1,0.5,0.666666666666667,4,0.0451078021041983
"rand1",0.7,44,"SVP (BIC)",1,0.5,0.666666666666667,4,0.0451078021041983
"rand1",0.7,45,"PELT",0.6,0.375,0.461538461538462,5,0.0261882450310528
"rand1",0.7,45,"SVP",0.6,0.375,0.461538461538462,5,0.0261882450310528
"rand1",0.7,45,"SVP (BIC)",0.5,0.25,0.333333333333333,4,0.0525508408385692
"rand1",0.7,46,"PELT",0.8,0.5,0.615384615384615,5,0.0156925859872184
"rand1",0.7,46,"SVP",0.5,0.25,0.333333333333333,4,0.0495294513684316
"rand1",0.7,46,"SVP (BIC)",0.5,0.25,0.333333333333333,4,0.0483472638800524
"rand1",0.7,47,"PELT",0.6,0.375,0.461538461538462,5,0.0384558456551067
"rand1",0.7,47,"SVP",0.5,0.25,0.333333333333333,4,0.0695247599639801
"rand1",0.7,47,"SVP (BIC)",0.5,0.25,0.333333333333333,4,0.0695247599639801
"rand1",0.7,48,"PELT",0.6,0.375,0.461538461538462,5,0.0233017231110465
"rand1",0.7,48,"SVP",0.6,0.375,0.461538461538462,5,0.0233017231110465
"rand1",0.7,48,"SVP (BIC)",0.5,0.25,0.333333333333333,4,0.0524395399988467
"rand1",0.7,49,"PELT",0.5,0.375,0.428571428571429,6,0.0460581789197356
"rand1",0.7,49,"SVP",0.6,0.375,0.461538461538462,5,0.0354936737859146
"rand1",0.7,49,"SVP (BIC)",0.25,0.125,0.166666666666667,4,0.0565598305270709
"rand1",0.7,50,"PELT",0.6,0.375,0.461538461538462,5,0.025242984049128
"rand1",0.7,50,"SVP",0.5,0.25,0.333333333333333,4,0.0465544824640621
"rand1",0.7,50,"SVP (BIC)",0.75,0.375,0.5,4,0.0469029460826381
"rand1",0.7,51,"PELT",0.8,0.5,0.615384615384615,5,0.0186236020776408
"rand1",0.7,51,"SVP",0.75,0.375,0.5,4,0.0521459950102926
"rand1",0.7,51,"SVP (BIC)",0.75,0.375,0.5,4,0.0530024851150299
"rand1",0.7,52,"PELT",0.6,0.375,0.461538461538462,5,0.0188162915911743
"rand1",0.7,52,"SVP",0.6,0.375,0.461538461538462,5,0.0188162915911743
"rand1",0.7,52,"SVP (BIC)",0.6,0.375,0.461538461538462,5,0.0188162915911743
"rand1",0.7,53,"PELT",0.8,0.5,0.615384615384615,5,0.0136577907188313
"rand1",0.7,53,"SVP",0.8,0.5,0.615384615384615,5,0.0136577907188313
"rand1",0.7,53,"SVP (BIC)",0.75,0.375,0.5,4,0.0433269281099228
"rand1",0.7,54,"PELT",1,0.625,0.769230769230769,5,0.0110389519936803
"rand1",0.7,54,"SVP",0.75,0.375,0.5,4,0.0428576455001635
"rand1",0.7,54,"SVP (BIC)",0.75,0.375,0.5,4,0.0419764947493617
"rand1",0.7,55,"PELT",0.6,0.375,0.461538461538462,5,0.0211267298324556
"rand1",0.7,55,"SVP",0.6,0.375,0.461538461538462,5,0.0211267298324556
"rand1",0.7,55,"SVP (BIC)",0.5,0.25,0.333333333333333,4,0.0505116097323568
"rand1",0.7,56,"PELT",0.6,0.375,0.461538461538462,5,0.0186730897329178
"rand1",0.7,56,"SVP",0.6,0.375,0.461538461538462,5,0.0186730897329178
"rand1",0.7,56,"SVP (BIC)",0.5,0.25,0.333333333333333,4,0.0537034126497372
"rand1",0.7,57,"PELT",0.6,0.375,0.461538461538462,5,0.0129448967448017
"rand1",0.7,57,"SVP",0.5,0.25,0.333333333333333,4,0.0440823727428594
"rand1",0.7,57,"SVP (BIC)",0.5,0.25,0.333333333333333,4,0.0432927896320404
"rand1",0.7,58,"PELT",0.2,0.125,0.153846153846154,5,0.0347928213224174
"rand1",0.7,58,"SVP",0.2,0.125,0.153846153846154,5,0.0347928213224174
"rand1",0.7,58,"SVP (BIC)",0.5,0.25,0.333333333333333,4,0.044688196296055
"rand1",0.7,59,"PELT",0.6,0.375,0.461538461538462,5,0.017496655159762
"rand1",0.7,59,"SVP",0.4,0.25,0.307692307692308,5,0.0512041253244374
"rand1",0.7,59,"SVP (BIC)",0.5,0.25,0.333333333333333,4,0.0482201237010009
"rand1",0.7,60,"PELT",0.4,0.25,0.307692307692308,5,0.0312005515273312
"rand1",0.7,60,"SVP",0.5,0.25,0.333333333333333,4,0.0526040604905248
"rand1",0.7,60,"SVP (BIC)",0.5,0.25,0.333333333333333,4,0.0526040604905248
"rand1",0.7,61,"PELT",0.8,0.5,0.615384615384615,5,0.0255521741943547
"rand1",0.7,61,"SVP",0.8,0.5,0.615384615384615,5,0.0255521741943547
"rand1",0.7,61,"SVP (BIC)",0.75,0.375,0.5,4,0.0501024204064659
"rand1",0.7,62,"PELT",0.8,0.5,0.615384615384615,5,0.0174659436339784
"rand1",0.7,62,"SVP",0.8,0.5,0.615384615384615,5,0.0174659436339784
"rand1",0.7,62,"SVP (BIC)",0.75,0.375,0.5,4,0.0553768760111069
"rand1",0.7,63,"PELT",0.6,0.375,0.461538461538462,5,0.0188900813700462
"rand1",0.7,63,"SVP",0.6,0.375,0.461538461538462,5,0.0188900813700462
"rand1",0.7,63,"SVP (BIC)",0.75,0.375,0.5,4,0.0424270446264727
"rand1",0.7,64,"PELT",0.6,0.375,0.461538461538462,5,0.0162220054981791
"rand1",0.7,64,"SVP",0.6,0.375,0.461538461538462,5,0.0162220054981791
"rand1",0.7,64,"SVP (BIC)",0.5,0.25,0.333333333333333,4,0.0432951736366665
"rand1",0.7,65,"PELT",0.8,0.5,0.615384615384615,5,0.0319188513182276
"rand1",0.7,65,"SVP",0.75,0.375,0.5,4,0.0462120735650277
"rand1",0.7,65,"SVP (BIC)",0.75,0.375,0.5,4,0.0521674776343183
"rand1",0.7,66,"PELT",0.6,0.375,0.461538461538462,5,0.0219155863836615
"rand1",0.7,66,"SVP",0.6,0.375,0.461538461538462,5,0.0219155863836615
"rand1",0.7,66,"SVP (BIC)",0.25,0.125,0.166666666666667,4,0.0554760111265233
"rand1",0.7,67,"PELT",0.8,0.5,0.615384615384615,5,0.0220510530020394
"rand1",0.7,67,"SVP",0.75,0.375,0.5,4,0.0438891873937291
"rand1",0.7,67,"SVP (BIC)",1,0.5,0.666666666666667,4,0.04320534963946
"rand1",0.7,68,"PELT",0.6,0.375,0.461538461538462,5,0.0314543024747114
"rand1",0.7,68,"SVP",0.6,0.375,0.461538461538462,5,0.0314543024747114
"rand1",0.7,68,"SVP (BIC)",0.5,0.25,0.333333333333333,4,0.0552194137402902
"rand1",0.7,69,"PELT",0.6,0.375,0.461538461538462,5,0.0262506537177168
"rand1",0.7,69,"SVP",0.5,0.25,0.333333333333333,4,0.052546836211951
"rand1",0.7,69,"SVP (BIC)",0.5,0.25,0.333333333333333,4,0.0514338795044664
"rand1",0.7,70,"PELT",0.8,0.5,0.615384615384615,5,0.00880792758190048
"rand1",0.7,70,"SVP",0.8,0.5,0.615384615384615,5,0.00880792758190048
"rand1",0.7,70,"SVP (BIC)",0.75,0.375,0.5,4,0.0422648613748523
"rand1",0.7,71,"PELT",0.8,0.5,0.615384615384615,5,0.0134376009751947
"rand1",0.7,71,"SVP",0.5,0.25,0.333333333333333,4,0.0468219273522906
"rand1",0.7,71,"SVP (BIC)",0.5,0.25,0.333333333333333,4,0.0443542610902915
"rand1",0.7,72,"PELT",0.666666666666667,0.25,0.363636363636364,3,0.0560118410394652
"rand1",0.7,72,"SVP",0.75,0.375,0.5,4,0.0451680615806028
"rand1",0.7,72,"SVP (BIC)",0.666666666666667,0.25,0.363636363636364,3,0.0560118410394652
"rand1",0.7,73,"PELT",0.8,0.5,0.615384615384615,5,0.0215301753901284
"rand1",0.7,73,"SVP",0.8,0.5,0.615384615384615,5,0.0215301753901284
"rand1",0.7,73,"SVP (BIC)",0.5,0.25,0.333333333333333,4,0.0545025068606697
"rand1",0.7,74,"PELT",0.6,0.375,0.461538461538462,5,0.0225465919608675
"rand1",0.7,74,"SVP",0.25,0.125,0.166666666666667,4,0.0548737906522901
"rand1",0.7,74,"SVP (BIC)",0.25,0.125,0.166666666666667,4,0.0532245306029633
"rand1",0.7,75,"PELT",0.8,0.5,0.615384615384615,5,0.015518370776498
"rand1",0.7,75,"SVP",0.25,0.125,0.166666666666667,4,0.0499920220361143
"rand1",0.7,75,"SVP (BIC)",0.25,0.125,0.166666666666667,4,0.0484841813727899
"rand1",0.7,76,"PELT",0.6,0.375,0.461538461538462,5,0.0164046570628986
"rand1",0.7,76,"SVP",0.75,0.375,0.5,4,0.0431381464736512
"rand1",0.7,76,"SVP (BIC)",0.75,0.375,0.5,4,0.0417848909412919
"rand1",0.7,77,"PELT",0.6,0.375,0.461538461538462,5,0.0245828339687685
"rand1",0.7,77,"SVP",0.6,0.375,0.461538461538462,5,0.0245828339687685
"rand1",0.7,77,"SVP (BIC)",0.5,0.25,0.333333333333333,4,0.0562998265236888
"rand1",0.7,78,"PELT",0.5,0.25,0.333333333333333,4,0.0488233519990797
"rand1",0.7,78,"SVP",0.5,0.25,0.333333333333333,4,0.0488233519990797
"rand1",0.7,78,"SVP (BIC)",0.5,0.25,0.333333333333333,4,0.0488233519990797
"rand1",0.7,79,"PELT",0.8,0.5,0.615384615384615,5,0.0295640145599806
"rand1",0.7,79,"SVP",0.5,0.25,0.333333333333333,4,0.0647991422041844
"rand1",0.7,79,"SVP (BIC)",0.666666666666667,0.25,0.363636363636364,3,0.0694039580715591
"rand1",0.7,80,"PELT",0.8,0.5,0.615384615384615,5,0.019187074384941
"rand1",0.7,80,"SVP",0.75,0.375,0.5,4,0.0453250096513202
"rand1",0.7,80,"SVP (BIC)",0.75,0.375,0.5,4,0.0447502636489866
"rand1",0.7,81,"PELT",1,0.625,0.769230769230769,5,0.0158745915343558
"rand1",0.7,81,"SVP",1,0.625,0.769230769230769,5,0.0158745915343558
"rand1",0.7,81,"SVP (BIC)",0.75,0.375,0.5,4,0.0444224407945187
"rand1",0.7,82,"PELT",1,0.625,0.769230769230769,5,0.00979556843901661
"rand1",0.7,82,"SVP",1,0.625,0.769230769230769,5,0.00979556843901661
"rand1",0.7,82,"SVP (BIC)",0.75,0.375,0.5,4,0.040145230736701
"rand1",0.7,83,"PELT",0.8,0.5,0.615384615384615,5,0.0196186762867531
"rand1",0.7,83,"SVP",0.75,0.375,0.5,4,0.0527264044279155
"rand1",0.7,83,"SVP (BIC)",1,0.375,0.545454545454545,3,0.0492347048136382
"rand1",0.7,84,"PELT",0.8,0.5,0.615384615384615,5,0.0160718293551264
"rand1",0.7,84,"SVP",0.75,0.375,0.5,4,0.04237407099291
"rand1",0.7,84,"SVP (BIC)",0.75,0.375,0.5,4,0.04237407099291
"rand1",0.7,85,"PELT",0.8,0.5,0.615384615384615,5,0.0237033470885398
"rand1",0.7,85,"SVP",0.8,0.5,0.615384615384615,5,0.0237033470885398
"rand1",0.7,85,"SVP (BIC)",0.75,0.375,0.5,4,0.043448520876248
"rand1",0.7,86,"PELT",0.333333333333333,0.25,0.285714285714286,6,0.039240149031984
"rand1",0.7,86,"SVP",0.25,0.125,0.166666666666667,4,0.06407464535015
"rand1",0.7,86,"SVP (BIC)",0.5,0.25,0.333333333333333,4,0.051065146083824
"rand1",0.7,87,"PELT",0.6,0.375,0.461538461538462,5,0.0454821831392804
"rand1",0.7,87,"SVP",0.6,0.375,0.461538461538462,5,0.0454821831392804
"rand1",0.7,87,"SVP (BIC)",0.6,0.375,0.461538461538462,5,0.0454821831392804
"rand1",0.7,88,"PELT",0.8,0.5,0.615384615384615,5,0.0173466170670423
"rand1",0.7,88,"SVP",0.5,0.25,0.333333333333333,4,0.0483706429912605
"rand1",0.7,88,"SVP (BIC)",0.5,0.25,0.333333333333333,4,0.0626524131027904
"rand1",0.7,89,"PELT",0.6,0.375,0.461538461538462,5,0.0267517024336432
"rand1",0.7,89,"SVP",1,0.5,0.666666666666667,4,0.0406761611372818
"rand1",0.7,89,"SVP (BIC)",1,0.5,0.666666666666667,4,0.0404171209510222
"rand1",0.7,90,"PELT",0.8,0.5,0.615384615384615,5,0.0180088695194461
"rand1",0.7,90,"SVP",0.8,0.5,0.615384615384615,5,0.0180088695194461
"rand1",0.7,90,"SVP (BIC)",0.8,0.5,0.615384615384615,5,0.0180088695194461
"rand1",0.7,91,"PELT",0.5,0.375,0.428571428571429,6,0.0385567474827947
"rand1",0.7,91,"SVP",0.6,0.375,0.461538461538462,5,0.0232435357311206
"rand1",0.7,91,"SVP (BIC)",0.5,0.25,0.333333333333333,4,0.052324542982058
"rand1",0.7,92,"PELT",0.666666666666667,0.25,0.363636363636364,3,0.0522562292732199
"rand1",0.7,92,"SVP",0.5,0.25,0.333333333333333,4,0.0533852748370776
"rand1",0.7,92,"SVP (BIC)",0.666666666666667,0.25,0.363636363636364,3,0.0522562292732199
"rand1",0.7,93,"PELT",1,0.625,0.769230769230769,5,0.00813082051504105
"rand1",0.7,93,"SVP",0.75,0.375,0.5,4,0.040284309277928
"rand1",0.7,93,"SVP (BIC)",0.75,0.375,0.5,4,0.0500369307693469
"rand1",0.7,94,"PELT",1,0.625,0.769230769230769,5,0.0126620065805791
"rand1",0.7,94,"SVP",1,0.625,0.769230769230769,5,0.0126620065805791
"rand1",0.7,94,"SVP (BIC)",0.75,0.375,0.5,4,0.0436482276764586
"rand1",0.7,95,"PELT",0.6,0.375,0.461538461538462,5,0.0242502821037737
"rand1",0.7,95,"SVP",0.5,0.25,0.333333333333333,4,0.0479928978232295
"rand1",0.7,95,"SVP (BIC)",0.75,0.375,0.5,4,0.047155525602894
"rand1",0.7,96,"PELT",0.8,0.5,0.615384615384615,5,0.035419905933005
"rand1",0.7,96,"SVP",0.8,0.5,0.615384615384615,5,0.035419905933005
"rand1",0.7,96,"SVP (BIC)",0.8,0.5,0.615384615384615,5,0.035419905933005
"rand1",0.7,97,"PELT",0.8,0.5,0.615384615384615,5,0.0194605431294329
"rand1",0.7,97,"SVP",0.8,0.5,0.615384615384615,5,0.0194605431294329
"rand1",0.7,97,"SVP (BIC)",0.75,0.375,0.5,4,0.0426465964712141
"rand1",0.7,98,"PELT",0.6,0.375,0.461538461538462,5,0.0146170884675909
"rand1",0.7,98,"SVP",0.75,0.375,0.5,4,0.0432833747829715
"rand1",0.7,98,"SVP (BIC)",0.75,0.375,0.5,4,0.0421830163715494
"rand1",0.7,99,"PELT",0.6,0.375,0.461538461538462,5,0.0273907729834233
"rand1",0.7,99,"SVP",0.6,0.375,0.461538461538462,5,0.0273907729834233
"rand1",0.7,99,"SVP (BIC)",0.6,0.375,0.461538461538462,5,0.0273907729834233
"rand1",0.7,100,"PELT",0.8,0.5,0.615384615384615,5,0.0193317265397367
"rand1",0.7,100,"SVP",0.8,0.5,0.615384615384615,5,0.0193317265397367
"rand1",0.7,100,"SVP (BIC)",0.5,0.25,0.333333333333333,4,0.0518462512969369
"none",0.8,1,"PELT",1,1,1,1,0.000120393820327686
"none",0.8,1,"SVP",1,1,1,1,0.000120393820327686
"none",0.8,1,"SVP (BIC)",1,1,1,1,0.000120393820327686
"none",0.8,2,"PELT",1,1,1,1,0.000168995485345087
"none",0.8,2,"SVP",1,1,1,1,0.000168995485345087
"none",0.8,2,"SVP (BIC)",1,1,1,1,0.000168995485345087
"none",0.8,3,"PELT",1,1,1,1,1.42183198848553e-05
"none",0.8,3,"SVP",1,1,1,1,1.42183198848553e-05
"none",0.8,3,"SVP (BIC)",1,1,1,1,1.42183198848553e-05
"none",0.8,4,"PELT",1,1,1,1,3.22036834303707e-05
"none",0.8,4,"SVP",1,1,1,1,3.22036834303707e-05
"none",0.8,4,"SVP (BIC)",1,1,1,1,3.22036834303707e-05
"none",0.8,5,"PELT",1,1,1,1,0.00038820721556757
"none",0.8,5,"SVP",1,1,1,1,0.00038820721556757
"none",0.8,5,"SVP (BIC)",1,1,1,1,0.00038820721556757
"none",0.8,6,"PELT",1,1,1,1,0.000427159401150632
"none",0.8,6,"SVP",1,1,1,1,0.000427159401150632
"none",0.8,6,"SVP (BIC)",1,1,1,1,0.000427159401150632
"none",0.8,7,"PELT",1,1,1,1,0.000252196452864459
"none",0.8,7,"SVP",1,1,1,1,0.000252196452864459
"none",0.8,7,"SVP (BIC)",1,1,1,1,0.000252196452864459
"none",0.8,8,"PELT",1,1,1,1,0.00070290057564856
"none",0.8,8,"SVP",1,1,1,1,0.00070290057564856
"none",0.8,8,"SVP (BIC)",1,1,1,1,0.00070290057564856
"none",0.8,9,"PELT",1,1,1,1,0.00293122176917821
"none",0.8,9,"SVP",1,1,1,1,0.00293122176917821
"none",0.8,9,"SVP (BIC)",1,1,1,1,0.00293122176917821
"none",0.8,10,"PELT",1,1,1,1,2.38943614646922e-05
"none",0.8,10,"SVP",1,1,1,1,2.38943614646922e-05
"none",0.8,10,"SVP (BIC)",1,1,1,1,2.38943614646922e-05
"none",0.8,11,"PELT",1,1,1,1,0.000204622060483545
"none",0.8,11,"SVP",1,1,1,1,0.000204622060483545
"none",0.8,11,"SVP (BIC)",1,1,1,1,0.000204622060483545
"none",0.8,12,"PELT",1,1,1,1,1.27421637673891e-06
"none",0.8,12,"SVP",1,1,1,1,1.27421637673891e-06
"none",0.8,12,"SVP (BIC)",1,1,1,1,1.27421637673891e-06
"none",0.8,13,"PELT",1,1,1,1,0.00031188125879732
"none",0.8,13,"SVP",1,1,1,1,0.00031188125879732
"none",0.8,13,"SVP (BIC)",1,1,1,1,0.00031188125879732
"none",0.8,14,"PELT",1,1,1,1,0.00291085541397673
"none",0.8,14,"SVP",1,1,1,1,0.00291085541397673
"none",0.8,14,"SVP (BIC)",1,1,1,1,0.00291085541397673
"none",0.8,15,"PELT",1,1,1,1,0.000260304191500504
"none",0.8,15,"SVP",1,1,1,1,0.000260304191500504
"none",0.8,15,"SVP (BIC)",1,1,1,1,0.000260304191500504
"none",0.8,16,"PELT",1,1,1,1,0.000237432088646708
"none",0.8,16,"SVP",1,1,1,1,0.000237432088646708
"none",0.8,16,"SVP (BIC)",1,1,1,1,0.000237432088646708
"none",0.8,17,"PELT",1,1,1,1,0.000909294181193867
"none",0.8,17,"SVP",1,1,1,1,0.000909294181193867
"none",0.8,17,"SVP (BIC)",1,1,1,1,0.000909294181193867
"none",0.8,18,"PELT",1,1,1,1,0.000324776223807949
"none",0.8,18,"SVP",1,1,1,1,0.000324776223807949
"none",0.8,18,"SVP (BIC)",1,1,1,1,0.000324776223807949
"none",0.8,19,"PELT",1,1,1,1,4.7639737431101e-06
"none",0.8,19,"SVP",1,1,1,1,4.7639737431101e-06
"none",0.8,19,"SVP (BIC)",1,1,1,1,4.7639737431101e-06
"none",0.8,20,"PELT",1,1,1,1,0.004686619331177
"none",0.8,20,"SVP",1,1,1,1,0.004686619331177
"none",0.8,20,"SVP (BIC)",1,1,1,1,0.004686619331177
"none",0.8,21,"PELT",1,1,1,1,0.000306026873409185
"none",0.8,21,"SVP",1,1,1,1,0.000306026873409185
"none",0.8,21,"SVP (BIC)",1,1,1,1,0.000306026873409185
"none",0.8,22,"PELT",1,1,1,1,4.90261821490738e-05
"none",0.8,22,"SVP",1,1,1,1,4.90261821490738e-05
"none",0.8,22,"SVP (BIC)",1,1,1,1,4.90261821490738e-05
"none",0.8,23,"PELT",0.5,1,0.666666666666667,2,0.0155725415654892
"none",0.8,23,"SVP",1,1,1,1,0.00146155591922871
"none",0.8,23,"SVP (BIC)",1,1,1,1,0.00146155591922871
"none",0.8,24,"PELT",1,1,1,1,0.000902779675745335
"none",0.8,24,"SVP",1,1,1,1,0.000902779675745335
"none",0.8,24,"SVP (BIC)",1,1,1,1,0.000902779675745335
"none",0.8,25,"PELT",1,1,1,1,0.000630931014547377
"none",0.8,25,"SVP",1,1,1,1,0.000630931014547377
"none",0.8,25,"SVP (BIC)",1,1,1,1,0.000630931014547377
"none",0.8,26,"PELT",1,1,1,1,9.98495535026518e-06
"none",0.8,26,"SVP",1,1,1,1,9.98495535026518e-06
"none",0.8,26,"SVP (BIC)",1,1,1,1,9.98495535026518e-06
"none",0.8,27,"PELT",1,1,1,1,0.000238436747557397
"none",0.8,27,"SVP",0.5,1,0.666666666666667,2,0.00583429273421879
"none",0.8,27,"SVP (BIC)",1,1,1,1,0.000238436747557397
"none",0.8,28,"PELT",1,1,1,1,0.000172379957190228
"none",0.8,28,"SVP",1,1,1,1,0.000172379957190228
"none",0.8,28,"SVP (BIC)",1,1,1,1,0.000172379957190228
"none",0.8,29,"PELT",1,1,1,1,0.000176851228515548
"none",0.8,29,"SVP",1,1,1,1,0.000176851228515548
"none",0.8,29,"SVP (BIC)",1,1,1,1,0.000176851228515548
"none",0.8,30,"PELT",1,1,1,1,0.000277125089247481
"none",0.8,30,"SVP",1,1,1,1,0.000277125089247481
"none",0.8,30,"SVP (BIC)",1,1,1,1,0.000277125089247481
"none",0.8,31,"PELT",1,1,1,1,0.00415760676700845
"none",0.8,31,"SVP",1,1,1,1,0.00415760676700845
"none",0.8,31,"SVP (BIC)",1,1,1,1,0.00415760676700845
"none",0.8,32,"PELT",1,1,1,1,0.00100011584452836
"none",0.8,32,"SVP",0.5,1,0.666666666666667,2,0.00192864390537522
"none",0.8,32,"SVP (BIC)",1,1,1,1,0.00100011584452836
"none",0.8,33,"PELT",1,1,1,1,0.00098116359253425
"none",0.8,33,"SVP",1,1,1,1,0.00098116359253425
"none",0.8,33,"SVP (BIC)",1,1,1,1,0.00098116359253425
"none",0.8,34,"PELT",1,1,1,1,0.000736869122624034
"none",0.8,34,"SVP",1,1,1,1,0.000736869122624034
"none",0.8,34,"SVP (BIC)",1,1,1,1,0.000736869122624034
"none",0.8,35,"PELT",1,1,1,1,0.00176354913168261
"none",0.8,35,"SVP",1,1,1,1,0.00176354913168261
"none",0.8,35,"SVP (BIC)",1,1,1,1,0.00176354913168261
"none",0.8,36,"PELT",1,1,1,1,0.00452143708831881
"none",0.8,36,"SVP",1,1,1,1,0.00452143708831881
"none",0.8,36,"SVP (BIC)",1,1,1,1,0.00452143708831881
"none",0.8,37,"PELT",1,1,1,1,0.000281046503773895
"none",0.8,37,"SVP",1,1,1,1,0.000281046503773895
"none",0.8,37,"SVP (BIC)",1,1,1,1,0.000281046503773895
"none",0.8,38,"PELT",1,1,1,1,9.36218122346793e-06
"none",0.8,38,"SVP",1,1,1,1,9.36218122346793e-06
"none",0.8,38,"SVP (BIC)",1,1,1,1,9.36218122346793e-06
"none",0.8,39,"PELT",1,1,1,1,0.00837763253079075
"none",0.8,39,"SVP",1,1,1,1,0.00837763253079075
"none",0.8,39,"SVP (BIC)",1,1,1,1,0.00837763253079075
"none",0.8,40,"PELT",1,1,1,1,0.000455517453211811
"none",0.8,40,"SVP",1,1,1,1,0.000455517453211811
"none",0.8,40,"SVP (BIC)",1,1,1,1,0.000455517453211811
"none",0.8,41,"PELT",1,1,1,1,0.000665442711048407
"none",0.8,41,"SVP",1,1,1,1,0.000665442711048407
"none",0.8,41,"SVP (BIC)",1,1,1,1,0.000665442711048407
"none",0.8,42,"PELT",1,1,1,1,0.00071400276555652
"none",0.8,42,"SVP",1,1,1,1,0.00071400276555652
"none",0.8,42,"SVP (BIC)",1,1,1,1,0.00071400276555652
"none",0.8,43,"PELT",1,1,1,1,0.00509076478838345
"none",0.8,43,"SVP",1,1,1,1,0.00509076478838345
"none",0.8,43,"SVP (BIC)",1,1,1,1,0.00509076478838345
"none",0.8,44,"PELT",1,1,1,1,0.000120639330517482
"none",0.8,44,"SVP",1,1,1,1,0.000120639330517482
"none",0.8,44,"SVP (BIC)",1,1,1,1,0.000120639330517482
"none",0.8,45,"PELT",1,1,1,1,0.00479503761287201
"none",0.8,45,"SVP",1,1,1,1,0.00479503761287201
"none",0.8,45,"SVP (BIC)",1,1,1,1,0.00479503761287201
"none",0.8,46,"PELT",1,1,1,1,0.00103315928793788
"none",0.8,46,"SVP",1,1,1,1,0.00103315928793788
"none",0.8,46,"SVP (BIC)",1,1,1,1,0.00103315928793788
"none",0.8,47,"PELT",1,1,1,1,0.00391614993129812
"none",0.8,47,"SVP",1,1,1,1,0.00391614993129812
"none",0.8,47,"SVP (BIC)",1,1,1,1,0.00391614993129812
"none",0.8,48,"PELT",1,1,1,1,0.00150785671986743
"none",0.8,48,"SVP",1,1,1,1,0.00150785671986743
"none",0.8,48,"SVP (BIC)",1,1,1,1,0.00150785671986743
"none",0.8,49,"PELT",1,1,1,1,0.000780844593628629
"none",0.8,49,"SVP",1,1,1,1,0.000780844593628629
"none",0.8,49,"SVP (BIC)",1,1,1,1,0.000780844593628629
"none",0.8,50,"PELT",1,1,1,1,0.000560191430286447
"none",0.8,50,"SVP",1,1,1,1,0.000560191430286447
"none",0.8,50,"SVP (BIC)",1,1,1,1,0.000560191430286447
"none",0.8,51,"PELT",1,1,1,1,2.18138057537848e-05
"none",0.8,51,"SVP",1,1,1,1,2.18138057537848e-05
"none",0.8,51,"SVP (BIC)",1,1,1,1,2.18138057537848e-05
"none",0.8,52,"PELT",1,1,1,1,5.28548439020739e-05
"none",0.8,52,"SVP",1,1,1,1,5.28548439020739e-05
"none",0.8,52,"SVP (BIC)",1,1,1,1,5.28548439020739e-05
"none",0.8,53,"PELT",1,1,1,1,0.00195464012511557
"none",0.8,53,"SVP",1,1,1,1,0.00195464012511557
"none",0.8,53,"SVP (BIC)",1,1,1,1,0.00195464012511557
"none",0.8,54,"PELT",1,1,1,1,0.000290390065457386
"none",0.8,54,"SVP",1,1,1,1,0.000290390065457386
"none",0.8,54,"SVP (BIC)",1,1,1,1,0.000290390065457386
"none",0.8,55,"PELT",1,1,1,1,0.000713671782852577
"none",0.8,55,"SVP",1,1,1,1,0.000713671782852577
"none",0.8,55,"SVP (BIC)",1,1,1,1,0.000713671782852577
"none",0.8,56,"PELT",1,1,1,1,1.27069545777834e-08
"none",0.8,56,"SVP",1,1,1,1,1.27069545777834e-08
"none",0.8,56,"SVP (BIC)",1,1,1,1,1.27069545777834e-08
"none",0.8,57,"PELT",1,1,1,1,0.000497955076492932
"none",0.8,57,"SVP",1,1,1,1,0.000497955076492932
"none",0.8,57,"SVP (BIC)",1,1,1,1,0.000497955076492932
"none",0.8,58,"PELT",1,1,1,1,0.000807161465247047
"none",0.8,58,"SVP",1,1,1,1,0.000807161465247047
"none",0.8,58,"SVP (BIC)",1,1,1,1,0.000807161465247047
"none",0.8,59,"PELT",1,1,1,1,0.000133819616591769
"none",0.8,59,"SVP",1,1,1,1,0.000133819616591769
"none",0.8,59,"SVP (BIC)",1,1,1,1,0.000133819616591769
"none",0.8,60,"PELT",1,1,1,1,1.7070822985158e-05
"none",0.8,60,"SVP",1,1,1,1,1.7070822985158e-05
"none",0.8,60,"SVP (BIC)",1,1,1,1,1.7070822985158e-05
"none",0.8,61,"PELT",1,1,1,1,3.07897520193281e-05
"none",0.8,61,"SVP",1,1,1,1,3.07897520193281e-05
"none",0.8,61,"SVP (BIC)",1,1,1,1,3.07897520193281e-05
"none",0.8,62,"PELT",1,1,1,1,5.32230763012236e-06
"none",0.8,62,"SVP",1,1,1,1,5.32230763012236e-06
"none",0.8,62,"SVP (BIC)",1,1,1,1,5.32230763012236e-06
"none",0.8,63,"PELT",1,1,1,1,4.05290226217805e-05
"none",0.8,63,"SVP",1,1,1,1,4.05290226217805e-05
"none",0.8,63,"SVP (BIC)",1,1,1,1,4.05290226217805e-05
"none",0.8,64,"PELT",1,1,1,1,2.3919639963278e-05
"none",0.8,64,"SVP",1,1,1,1,2.3919639963278e-05
"none",0.8,64,"SVP (BIC)",1,1,1,1,2.3919639963278e-05
"none",0.8,65,"PELT",1,1,1,1,0.000275830550756334
"none",0.8,65,"SVP",1,1,1,1,0.000275830550756334
"none",0.8,65,"SVP (BIC)",1,1,1,1,0.000275830550756334
"none",0.8,66,"PELT",1,1,1,1,2.78607612299242e-06
"none",0.8,66,"SVP",1,1,1,1,2.78607612299242e-06
"none",0.8,66,"SVP (BIC)",1,1,1,1,2.78607612299242e-06
"none",0.8,67,"PELT",1,1,1,1,9.83698353431523e-05
"none",0.8,67,"SVP",1,1,1,1,9.83698353431523e-05
"none",0.8,67,"SVP (BIC)",1,1,1,1,9.83698353431523e-05
"none",0.8,68,"PELT",1,1,1,1,0.000883016077681914
"none",0.8,68,"SVP",1,1,1,1,0.000883016077681914
"none",0.8,68,"SVP (BIC)",1,1,1,1,0.000883016077681914
"none",0.8,69,"PELT",1,1,1,1,0.000855612493068522
"none",0.8,69,"SVP",1,1,1,1,0.000855612493068522
"none",0.8,69,"SVP (BIC)",1,1,1,1,0.000855612493068522
"none",0.8,70,"PELT",1,1,1,1,0.00321579129993293
"none",0.8,70,"SVP",1,1,1,1,0.00321579129993293
"none",0.8,70,"SVP (BIC)",1,1,1,1,0.00321579129993293
"none",0.8,71,"PELT",1,1,1,1,0.000167658773089583
"none",0.8,71,"SVP",1,1,1,1,0.000167658773089583
"none",0.8,71,"SVP (BIC)",1,1,1,1,0.000167658773089583
"none",0.8,72,"PELT",1,1,1,1,0.000386661167307742
"none",0.8,72,"SVP",1,1,1,1,0.000386661167307742
"none",0.8,72,"SVP (BIC)",1,1,1,1,0.000386661167307742
"none",0.8,73,"PELT",1,1,1,1,0.000590064568700445
"none",0.8,73,"SVP",1,1,1,1,0.000590064568700445
"none",0.8,73,"SVP (BIC)",1,1,1,1,0.000590064568700445
"none",0.8,74,"PELT",1,1,1,1,0.00212181762235373
"none",0.8,74,"SVP",1,1,1,1,0.00212181762235373
"none",0.8,74,"SVP (BIC)",1,1,1,1,0.00212181762235373
"none",0.8,75,"PELT",1,1,1,1,7.48026815052112e-06
"none",0.8,75,"SVP",1,1,1,1,7.48026815052112e-06
"none",0.8,75,"SVP (BIC)",1,1,1,1,7.48026815052112e-06
"none",0.8,76,"PELT",1,1,1,1,0.000508023699662372
"none",0.8,76,"SVP",1,1,1,1,0.000508023699662372
"none",0.8,76,"SVP (BIC)",1,1,1,1,0.000508023699662372
"none",0.8,77,"PELT",1,1,1,1,6.25258232094748e-05
"none",0.8,77,"SVP",1,1,1,1,6.25258232094748e-05
"none",0.8,77,"SVP (BIC)",1,1,1,1,6.25258232094748e-05
"none",0.8,78,"PELT",1,1,1,1,0.000647996258934512
"none",0.8,78,"SVP",1,1,1,1,0.000647996258934512
"none",0.8,78,"SVP (BIC)",1,1,1,1,0.000647996258934512
"none",0.8,79,"PELT",1,1,1,1,0.000148526552753154
"none",0.8,79,"SVP",1,1,1,1,0.000148526552753154
"none",0.8,79,"SVP (BIC)",1,1,1,1,0.000148526552753154
"none",0.8,80,"PELT",1,1,1,1,0.000205695400265221
"none",0.8,80,"SVP",1,1,1,1,0.000205695400265221
"none",0.8,80,"SVP (BIC)",1,1,1,1,0.000205695400265221
"none",0.8,81,"PELT",1,1,1,1,0.00344914891977858
"none",0.8,81,"SVP",1,1,1,1,0.00344914891977858
"none",0.8,81,"SVP (BIC)",1,1,1,1,0.00344914891977858
"none",0.8,82,"PELT",1,1,1,1,0.000324630004310184
"none",0.8,82,"SVP",1,1,1,1,0.000324630004310184
"none",0.8,82,"SVP (BIC)",1,1,1,1,0.000324630004310184
"none",0.8,83,"PELT",1,1,1,1,3.27229085102699e-05
"none",0.8,83,"SVP",1,1,1,1,3.27229085102699e-05
"none",0.8,83,"SVP (BIC)",1,1,1,1,3.27229085102699e-05
"none",0.8,84,"PELT",1,1,1,1,0.000151762748215865
"none",0.8,84,"SVP",1,1,1,1,0.000151762748215865
"none",0.8,84,"SVP (BIC)",1,1,1,1,0.000151762748215865
"none",0.8,85,"PELT",1,1,1,1,4.41547027351621e-05
"none",0.8,85,"SVP",1,1,1,1,4.41547027351621e-05
"none",0.8,85,"SVP (BIC)",1,1,1,1,4.41547027351621e-05
"none",0.8,86,"PELT",1,1,1,1,0.00035181791024222
"none",0.8,86,"SVP",1,1,1,1,0.00035181791024222
"none",0.8,86,"SVP (BIC)",1,1,1,1,0.00035181791024222
"none",0.8,87,"PELT",1,1,1,1,0.000996231386199819
"none",0.8,87,"SVP",1,1,1,1,0.000996231386199819
"none",0.8,87,"SVP (BIC)",1,1,1,1,0.000996231386199819
"none",0.8,88,"PELT",1,1,1,1,0.00224673729251126
"none",0.8,88,"SVP",1,1,1,1,0.00224673729251126
"none",0.8,88,"SVP (BIC)",1,1,1,1,0.00224673729251126
"none",0.8,89,"PELT",1,1,1,1,0.00599850713837017
"none",0.8,89,"SVP",1,1,1,1,0.00599850713837017
"none",0.8,89,"SVP (BIC)",1,1,1,1,0.00599850713837017
"none",0.8,90,"PELT",1,1,1,1,9.03864771103944e-05
"none",0.8,90,"SVP",1,1,1,1,9.03864771103944e-05
"none",0.8,90,"SVP (BIC)",1,1,1,1,9.03864771103944e-05
"none",0.8,91,"PELT",1,1,1,1,0.000162203717234218
"none",0.8,91,"SVP",1,1,1,1,0.000162203717234218
"none",0.8,91,"SVP (BIC)",1,1,1,1,0.000162203717234218
"none",0.8,92,"PELT",1,1,1,1,1.73804717704669e-05
"none",0.8,92,"SVP",1,1,1,1,1.73804717704669e-05
"none",0.8,92,"SVP (BIC)",1,1,1,1,1.73804717704669e-05
"none",0.8,93,"PELT",1,1,1,1,0.000204217573369332
"none",0.8,93,"SVP",1,1,1,1,0.000204217573369332
"none",0.8,93,"SVP (BIC)",1,1,1,1,0.000204217573369332
"none",0.8,94,"PELT",1,1,1,1,2.12879296023304e-05
"none",0.8,94,"SVP",1,1,1,1,2.12879296023304e-05
"none",0.8,94,"SVP (BIC)",1,1,1,1,2.12879296023304e-05
"none",0.8,95,"PELT",1,1,1,1,0.000103891012037423
"none",0.8,95,"SVP",1,1,1,1,0.000103891012037423
"none",0.8,95,"SVP (BIC)",1,1,1,1,0.000103891012037423
"none",0.8,96,"PELT",1,1,1,1,0.000399050156127732
"none",0.8,96,"SVP",1,1,1,1,0.000399050156127732
"none",0.8,96,"SVP (BIC)",1,1,1,1,0.000399050156127732
"none",0.8,97,"PELT",1,1,1,1,0.00304408870988486
"none",0.8,97,"SVP",1,1,1,1,0.00304408870988486
"none",0.8,97,"SVP (BIC)",1,1,1,1,0.00304408870988486
"none",0.8,98,"PELT",1,1,1,1,0.00199189968524356
"none",0.8,98,"SVP",1,1,1,1,0.00199189968524356
"none",0.8,98,"SVP (BIC)",1,1,1,1,0.00199189968524356
"none",0.8,99,"PELT",1,1,1,1,0.000550304730587431
"none",0.8,99,"SVP",1,1,1,1,0.000550304730587431
"none",0.8,99,"SVP (BIC)",1,1,1,1,0.000550304730587431
"none",0.8,100,"PELT",1,1,1,1,3.91702128647809e-06
"none",0.8,100,"SVP",1,1,1,1,3.91702128647809e-06
"none",0.8,100,"SVP (BIC)",1,1,1,1,3.91702128647809e-06
"up",0.8,1,"PELT",0.375,0.375,0.375,8,0.0350821102977538
"up",0.8,1,"SVP",0.375,0.375,0.375,8,0.0350821102977538
"up",0.8,1,"SVP (BIC)",0.428571428571429,0.375,0.4,7,0.0685291741630515
"up",0.8,2,"PELT",0.5,0.5,0.5,8,0.0191532219847687
"up",0.8,2,"SVP",0.166666666666667,0.125,0.142857142857143,6,0.130249942771112
"up",0.8,2,"SVP (BIC)",0.333333333333333,0.25,0.285714285714286,6,0.114012669491946
"up",0.8,3,"PELT",0.375,0.375,0.375,8,0.0408657149736808
"up",0.8,3,"SVP",0.333333333333333,0.25,0.285714285714286,6,0.10143801534835
"up",0.8,3,"SVP (BIC)",0.333333333333333,0.25,0.285714285714286,6,0.10928655001065
"up",0.8,4,"PELT",0.875,0.875,0.875,8,0.0321836497758733
"up",0.8,4,"SVP",0.875,0.875,0.875,8,0.0321836497758733
"up",0.8,4,"SVP (BIC)",0.666666666666667,0.5,0.571428571428572,6,0.107323689340367
"up",0.8,5,"PELT",0.375,0.375,0.375,8,0.0252578878560643
"up",0.8,5,"SVP",0.375,0.375,0.375,8,0.0252578878560643
"up",0.8,5,"SVP (BIC)",0.375,0.375,0.375,8,0.0252578878560643
"up",0.8,6,"PELT",0.75,0.75,0.75,8,0.0119800083040454
"up",0.8,6,"SVP",0.571428571428571,0.5,0.533333333333333,7,0.0671684454307382
"up",0.8,6,"SVP (BIC)",0.571428571428571,0.5,0.533333333333333,7,0.0671684454307382
"up",0.8,7,"PELT",0.5,0.5,0.5,8,0.0229072123678356
"up",0.8,7,"SVP",0.428571428571429,0.375,0.4,7,0.0715594764973714
"up",0.8,7,"SVP (BIC)",0.6,0.375,0.461538461538462,5,0.155270779293657
"up",0.8,8,"PELT",0.75,0.75,0.75,8,0.0251094588538564
"up",0.8,8,"SVP",0.571428571428571,0.5,0.533333333333333,7,0.0669807130318749
"up",0.8,8,"SVP (BIC)",0.714285714285714,0.625,0.666666666666667,7,0.0562279789173053
"up",0.8,9,"PELT",0.75,0.75,0.75,8,0.0345775277730518
"up",0.8,9,"SVP",0.714285714285714,0.625,0.666666666666667,7,0.0710549626026893
"up",0.8,9,"SVP (BIC)",0.571428571428571,0.5,0.533333333333333,7,0.0691764125209096
"up",0.8,10,"PELT",0.625,0.625,0.625,8,0.0299333241852582
"up",0.8,10,"SVP",0.5,0.375,0.428571428571429,6,0.10941537924549
"up",0.8,10,"SVP (BIC)",0.5,0.375,0.428571428571429,6,0.101712986213124
"up",0.8,11,"PELT",0.625,0.625,0.625,8,0.0242287593862802
"up",0.8,11,"SVP",0.571428571428571,0.5,0.533333333333333,7,0.0744132597036145
"up",0.8,11,"SVP (BIC)",0.666666666666667,0.5,0.571428571428572,6,0.113767089173126
"up",0.8,12,"PELT",0.375,0.375,0.375,8,0.0430667841466767
"up",0.8,12,"SVP",0.285714285714286,0.25,0.266666666666667,7,0.0852491519659085
"up",0.8,12,"SVP (BIC)",0.166666666666667,0.125,0.142857142857143,6,0.146897515250725
"up",0.8,13,"PELT",0.5,0.5,0.5,8,0.0227177751448214
"up",0.8,13,"SVP",0.571428571428571,0.5,0.533333333333333,7,0.0526860963804527
"up",0.8,13,"SVP (BIC)",0.571428571428571,0.5,0.533333333333333,7,0.0526860963804527
"up",0.8,14,"PELT",0.875,0.875,0.875,8,0.0127436438841261
"up",0.8,14,"SVP",0.714285714285714,0.625,0.666666666666667,7,0.0618642355778531
"up",0.8,14,"SVP (BIC)",0.666666666666667,0.5,0.571428571428572,6,0.101992591800347
"up",0.8,15,"PELT",0.375,0.375,0.375,8,0.0371853298298376
"up",0.8,15,"SVP",0.375,0.375,0.375,8,0.0371853298298376
"up",0.8,15,"SVP (BIC)",0.428571428571429,0.375,0.4,7,0.0669475400319273
"up",0.8,16,"PELT",0.625,0.625,0.625,8,0.0209094094975647
"up",0.8,16,"SVP",0.571428571428571,0.5,0.533333333333333,7,0.0633795774478795
"up",0.8,16,"SVP (BIC)",0.5,0.375,0.428571428571429,6,0.111206525821484
"up",0.8,17,"PELT",0.25,0.25,0.25,8,0.0249421140935447
"up",0.8,17,"SVP",0.25,0.25,0.25,8,0.0249421140935447
"up",0.8,17,"SVP (BIC)",0.4,0.25,0.307692307692308,5,0.149222251034822
"up",0.8,18,"PELT",0.5,0.5,0.5,8,0.0269553545178935
"up",0.8,18,"SVP",0.571428571428571,0.5,0.533333333333333,7,0.0717120400411821
"up",0.8,18,"SVP (BIC)",0.333333333333333,0.25,0.285714285714286,6,0.110882968039166
"up",0.8,19,"PELT",0.75,0.75,0.75,8,0.0148927985324585
"up",0.8,19,"SVP",0.714285714285714,0.625,0.666666666666667,7,0.0673975887794075
"up",0.8,19,"SVP (BIC)",0.4,0.25,0.307692307692308,5,0.144736776943248
"up",0.8,20,"PELT",0.5,0.5,0.5,8,0.0370277355123944
"up",0.8,20,"SVP",0.571428571428571,0.5,0.533333333333333,7,0.0776920062175698
"up",0.8,20,"SVP (BIC)",0.5,0.375,0.428571428571429,6,0.110443667816611
"up",0.8,21,"PELT",0.625,0.625,0.625,8,0.0214023200355569
"up",0.8,21,"SVP",0.285714285714286,0.25,0.266666666666667,7,0.0853098568565285
"up",0.8,21,"SVP (BIC)",0.333333333333333,0.25,0.285714285714286,6,0.124263336968039
"up",0.8,22,"PELT",1,1,1,8,0.00844063517960534
"up",0.8,22,"SVP",1,1,1,8,0.00844063517960534
"up",0.8,22,"SVP (BIC)",1,0.875,0.933333333333333,7,0.0456074993374027
"up",0.8,23,"PELT",0.75,0.75,0.75,8,0.0287240256983474
"up",0.8,23,"SVP",0.571428571428571,0.5,0.533333333333333,7,0.0807768782824145
"up",0.8,23,"SVP (BIC)",0.5,0.375,0.428571428571429,6,0.11848919066189
"up",0.8,24,"PELT",0.625,0.625,0.625,8,0.0177274714394377
"up",0.8,24,"SVP",0.625,0.625,0.625,8,0.0177274714394377
"up",0.8,24,"SVP (BIC)",0.428571428571429,0.375,0.4,7,0.0689041791304036
"up",0.8,25,"PELT",0.625,0.625,0.625,8,0.018884836578457
"up",0.8,25,"SVP",0.625,0.625,0.625,8,0.018884836578457
"up",0.8,25,"SVP (BIC)",0.5,0.375,0.428571428571429,6,0.109022978704897
"up",0.8,26,"PELT",0.875,0.875,0.875,8,0.0191407069605409
"up",0.8,26,"SVP",0.875,0.875,0.875,8,0.0191407069605409
"up",0.8,26,"SVP (BIC)",0.833333333333333,0.625,0.714285714285714,6,0.100606341688557
"up",0.8,27,"PELT",0.444444444444444,0.5,0.470588235294118,9,0.0634013763542307
"up",0.8,27,"SVP",0.5,0.5,0.5,8,0.0466265986531671
"up",0.8,27,"SVP (BIC)",0.5,0.375,0.428571428571429,6,0.109349020130206
"up",0.8,28,"PELT",0.375,0.375,0.375,8,0.0338893939814302
"up",0.8,28,"SVP",0.428571428571429,0.375,0.4,7,0.0653942149616256
"up",0.8,28,"SVP (BIC)",0.6,0.375,0.461538461538462,5,0.14569901931772
"up",0.8,29,"PELT",0.5,0.5,0.5,8,0.0140840964727092
"up",0.8,29,"SVP",0.428571428571429,0.375,0.4,7,0.0724856657646912
"up",0.8,29,"SVP (BIC)",0.166666666666667,0.125,0.142857142857143,6,0.128578981122043
"up",0.8,30,"PELT",0.5,0.5,0.5,8,0.0214966033734563
"up",0.8,30,"SVP",0.571428571428571,0.5,0.533333333333333,7,0.0640024866031546
"up",0.8,30,"SVP (BIC)",0.5,0.375,0.428571428571429,6,0.108048500630852
"up",0.8,31,"PELT",0.625,0.625,0.625,8,0.031519682851728
"up",0.8,31,"SVP",0.714285714285714,0.625,0.666666666666667,7,0.0594188613361274
"up",0.8,31,"SVP (BIC)",0.666666666666667,0.5,0.571428571428572,6,0.111010240332248
"up",0.8,32,"PELT",0.75,0.75,0.75,8,0.0410024050205758
"up",0.8,32,"SVP",0.75,0.75,0.75,8,0.0410024050205758
"up",0.8,32,"SVP (BIC)",0.5,0.375,0.428571428571429,6,0.106436026178092
"up",0.8,33,"PELT",0.5,0.5,0.5,8,0.0545883540131112
"up",0.8,33,"SVP",0.428571428571429,0.375,0.4,7,0.0825900726926173
"up",0.8,33,"SVP (BIC)",0.666666666666667,0.5,0.571428571428572,6,0.11071971752057
"up",0.8,34,"PELT",0.5,0.5,0.5,8,0.0321698460409385
"up",0.8,34,"SVP",0.428571428571429,0.375,0.4,7,0.0829855080736582
"up",0.8,34,"SVP (BIC)",0.666666666666667,0.5,0.571428571428572,6,0.120138898755107
"up",0.8,35,"PELT",0.444444444444444,0.5,0.470588235294118,9,0.0698637878178194
"up",0.8,35,"SVP",0.428571428571429,0.375,0.4,7,0.0806632373873159
"up",0.8,35,"SVP (BIC)",0.333333333333333,0.25,0.285714285714286,6,0.137642084910464
"up",0.8,36,"PELT",0.5,0.5,0.5,8,0.0373820932247125
"up",0.8,36,"SVP",0.5,0.375,0.428571428571429,6,0.139136986798707
"up",0.8,36,"SVP (BIC)",0.5,0.375,0.428571428571429,6,0.139136986798707
"up",0.8,37,"PELT",0.5,0.5,0.5,8,0.0288723684073594
"up",0.8,37,"SVP",0.285714285714286,0.25,0.266666666666667,7,0.0842276019683575
"up",0.8,37,"SVP (BIC)",0.285714285714286,0.25,0.266666666666667,7,0.0772561275318713
"up",0.8,38,"PELT",0.444444444444444,0.5,0.470588235294118,9,0.043199478109976
"up",0.8,38,"SVP",0.5,0.5,0.5,8,0.0197109953224193
"up",0.8,38,"SVP (BIC)",0.285714285714286,0.25,0.266666666666667,7,0.0777906339494213
"up",0.8,39,"PELT",0.5,0.5,0.5,8,0.0519330124233598
"up",0.8,39,"SVP",0.571428571428571,0.5,0.533333333333333,7,0.0861340990638222
"up",0.8,39,"SVP (BIC)",0.5,0.375,0.428571428571429,6,0.126759179867194
"up",0.8,40,"PELT",0.875,0.875,0.875,8,0.0111607757372909
"up",0.8,40,"SVP",0.571428571428571,0.5,0.533333333333333,7,0.0727471266203976
"up",0.8,40,"SVP (BIC)",0.666666666666667,0.5,0.571428571428572,6,0.109705733182598
"up",0.8,41,"PELT",0.625,0.625,0.625,8,0.0168870413437657
"up",0.8,41,"SVP",0.625,0.625,0.625,8,0.0168870413437657
"up",0.8,41,"SVP (BIC)",0.5,0.375,0.428571428571429,6,0.130162390897417
"up",0.8,42,"PELT",0.625,0.625,0.625,8,0.0296724817226771
"up",0.8,42,"SVP",0.714285714285714,0.625,0.666666666666667,7,0.0616241361341784
"up",0.8,42,"SVP (BIC)",0.333333333333333,0.25,0.285714285714286,6,0.11824000203564
"up",0.8,43,"PELT",0.75,0.75,0.75,8,0.0213353581744674
"up",0.8,43,"SVP",0.75,0.75,0.75,8,0.0213353581744674
"up",0.8,43,"SVP (BIC)",0.714285714285714,0.625,0.666666666666667,7,0.0628763298741443
"up",0.8,44,"PELT",0.625,0.625,0.625,8,0.0207361850961606
"up",0.8,44,"SVP",0.625,0.625,0.625,8,0.0207361850961606
"up",0.8,44,"SVP (BIC)",0.571428571428571,0.5,0.533333333333333,7,0.0661690775675816
"up",0.8,45,"PELT",0.5,0.5,0.5,8,0.025791618142474
"up",0.8,45,"SVP",0.5,0.5,0.5,8,0.025791618142474
"up",0.8,45,"SVP (BIC)",0.333333333333333,0.25,0.285714285714286,6,0.113060624598943
"up",0.8,46,"PELT",0.875,0.875,0.875,8,0.0104754779613446
"up",0.8,46,"SVP",0.5,0.375,0.428571428571429,6,0.114972327690514
"up",0.8,46,"SVP (BIC)",0.5,0.375,0.428571428571429,6,0.114972327690514
"up",0.8,47,"PELT",0.375,0.375,0.375,8,0.0439089794832478
"up",0.8,47,"SVP",0.428571428571429,0.375,0.4,7,0.0696272285102414
"up",0.8,47,"SVP (BIC)",0.5,0.375,0.428571428571429,6,0.104308386356859
"up",0.8,48,"PELT",0.625,0.625,0.625,8,0.022304668252518
"up",0.8,48,"SVP",0.625,0.625,0.625,8,0.022304668252518
"up",0.8,48,"SVP (BIC)",0.571428571428571,0.5,0.533333333333333,7,0.0660796759454552
"up",0.8,49,"PELT",0.625,0.625,0.625,8,0.0541868457036718
"up",0.8,49,"SVP",0.714285714285714,0.625,0.666666666666667,7,0.0650845896141953
"up",0.8,49,"SVP (BIC)",0.666666666666667,0.5,0.571428571428572,6,0.10816618438028
"up",0.8,50,"PELT",0.75,0.75,0.75,8,0.0180135863580112
"up",0.8,50,"SVP",0.333333333333333,0.25,0.285714285714286,6,0.114209749769889
"up",0.8,50,"SVP (BIC)",0.5,0.375,0.428571428571429,6,0.100666530545682
"up",0.8,51,"PELT",0.625,0.625,0.625,8,0.0241053809147124
"up",0.8,51,"SVP",0.714285714285714,0.625,0.666666666666667,7,0.084736951243904
"up",0.8,51,"SVP (BIC)",0.666666666666667,0.5,0.571428571428572,6,0.101153836622156
"up",0.8,52,"PELT",0.625,0.625,0.625,8,0.0246627931768814
"up",0.8,52,"SVP",0.625,0.625,0.625,8,0.0246627931768814
"up",0.8,52,"SVP (BIC)",0.571428571428571,0.5,0.533333333333333,7,0.0939261085957687
"up",0.8,53,"PELT",0.5,0.5,0.5,8,0.0349468698320962
"up",0.8,53,"SVP",0.285714285714286,0.25,0.266666666666667,7,0.0786684427922387
"up",0.8,53,"SVP (BIC)",0.5,0.375,0.428571428571429,6,0.113088129646083
"up",0.8,54,"PELT",0.5,0.5,0.5,8,0.0249369168993366
"up",0.8,54,"SVP",0.5,0.5,0.5,8,0.0249369168993366
"up",0.8,54,"SVP (BIC)",0.428571428571429,0.375,0.4,7,0.079774727296197
"up",0.8,55,"PELT",0.625,0.625,0.625,8,0.03038262251688
"up",0.8,55,"SVP",0.625,0.625,0.625,8,0.03038262251688
"up",0.8,55,"SVP (BIC)",0.5,0.375,0.428571428571429,6,0.116548314686464
"up",0.8,56,"PELT",0.625,0.625,0.625,8,0.0215986601186686
"up",0.8,56,"SVP",0.285714285714286,0.25,0.266666666666667,7,0.113272446894294
"up",0.8,56,"SVP (BIC)",0.4,0.25,0.307692307692308,5,0.147817212601492
"up",0.8,57,"PELT",0.571428571428571,0.5,0.533333333333333,7,0.0710497186476629
"up",0.8,57,"SVP",0.571428571428571,0.5,0.533333333333333,7,0.0710497186476629
"up",0.8,57,"SVP (BIC)",0.333333333333333,0.25,0.285714285714286,6,0.114346608603846
"up",0.8,58,"PELT",0.875,0.875,0.875,8,0.0169695083742094
"up",0.8,58,"SVP",0.857142857142857,0.75,0.8,7,0.0531305561017612
"up",0.8,58,"SVP (BIC)",0.857142857142857,0.75,0.8,7,0.0531305561017612
"up",0.8,59,"PELT",0.5,0.5,0.5,8,0.0302944202376446
"up",0.8,59,"SVP",0.428571428571429,0.375,0.4,7,0.0656278871315003
"up",0.8,59,"SVP (BIC)",0.428571428571429,0.375,0.4,7,0.0656278871315003
"up",0.8,60,"PELT",0.5,0.5,0.5,8,0.0736930342690556
"up",0.8,60,"SVP",0.333333333333333,0.25,0.285714285714286,6,0.152706068714785
"up",0.8,60,"SVP (BIC)",0.5,0.375,0.428571428571429,6,0.128264883096402
"up",0.8,61,"PELT",0.75,0.75,0.75,8,0.0336184470703043
"up",0.8,61,"SVP",0.5,0.375,0.428571428571429,6,0.127280708415747
"up",0.8,61,"SVP (BIC)",0.4,0.25,0.307692307692308,5,0.155035044235499
"up",0.8,62,"PELT",0.375,0.375,0.375,8,0.0303171601927055
"up",0.8,62,"SVP",0.428571428571429,0.375,0.4,7,0.0697728973451661
"up",0.8,62,"SVP (BIC)",0.333333333333333,0.25,0.285714285714286,6,0.109062817376295
"up",0.8,63,"PELT",0.25,0.25,0.25,8,0.0743274688439803
"up",0.8,63,"SVP",0.285714285714286,0.25,0.266666666666667,7,0.10482719676924
"up",0.8,63,"SVP (BIC)",0.285714285714286,0.25,0.266666666666667,7,0.0931362135445038
"up",0.8,64,"PELT",0.625,0.625,0.625,8,0.0297394514784521
"up",0.8,64,"SVP",0.5,0.375,0.428571428571429,6,0.102224915597078
"up",0.8,64,"SVP (BIC)",0.5,0.375,0.428571428571429,6,0.0972350359722517
"up",0.8,65,"PELT",0.5,0.5,0.5,8,0.0327384478947011
"up",0.8,65,"SVP",0.571428571428571,0.5,0.533333333333333,7,0.0759922717459592
"up",0.8,65,"SVP (BIC)",0.571428571428571,0.5,0.533333333333333,7,0.0703613533061929
"up",0.8,66,"PELT",0.714285714285714,0.625,0.666666666666667,7,0.0658604826565218
"up",0.8,66,"SVP",0.714285714285714,0.625,0.666666666666667,7,0.0658604826565218
"up",0.8,66,"SVP (BIC)",0.5,0.375,0.428571428571429,6,0.11686785286814
"up",0.8,67,"PELT",0.5,0.5,0.5,8,0.022905956432711
"up",0.8,67,"SVP",0.5,0.5,0.5,8,0.022905956432711
"up",0.8,67,"SVP (BIC)",0.666666666666667,0.5,0.571428571428572,6,0.0949945090973501
"up",0.8,68,"PELT",0.875,0.875,0.875,8,0.0121486912563355
"up",0.8,68,"SVP",0.857142857142857,0.75,0.8,7,0.0564417996977361
"up",0.8,68,"SVP (BIC)",1,0.875,0.933333333333333,7,0.048549077278071
"up",0.8,69,"PELT",0.571428571428571,0.5,0.533333333333333,7,0.056785926270201
"up",0.8,69,"SVP",0.5,0.375,0.428571428571429,6,0.0970898084147123
"up",0.8,69,"SVP (BIC)",0.333333333333333,0.25,0.285714285714286,6,0.101405431085023
"up",0.8,70,"PELT",0.75,0.75,0.75,8,0.0186915556050711
"up",0.8,70,"SVP",0.166666666666667,0.125,0.142857142857143,6,0.145990764732801
"up",0.8,70,"SVP (BIC)",0.333333333333333,0.25,0.285714285714286,6,0.101012981999037
"up",0.8,71,"PELT",0.5,0.5,0.5,8,0.0371743998460119
"up",0.8,71,"SVP",0.428571428571429,0.375,0.4,7,0.0754866264447684
"up",0.8,71,"SVP (BIC)",0.333333333333333,0.25,0.285714285714286,6,0.12023936257985
"up",0.8,72,"PELT",1,1,1,8,0.0112663456884256
"up",0.8,72,"SVP",1,1,1,8,0.0112663456884256
"up",0.8,72,"SVP (BIC)",0.666666666666667,0.5,0.571428571428572,6,0.101933272873309
"up",0.8,73,"PELT",0.5,0.5,0.5,8,0.0266340208022731
"up",0.8,73,"SVP",0.428571428571429,0.375,0.4,7,0.0736788474301604
"up",0.8,73,"SVP (BIC)",0.5,0.375,0.428571428571429,6,0.100515494873769
"up",0.8,74,"PELT",0.875,0.875,0.875,8,0.0133896892869184
"up",0.8,74,"SVP",0.714285714285714,0.625,0.666666666666667,7,0.0673674811282058
"up",0.8,74,"SVP (BIC)",0.5,0.375,0.428571428571429,6,0.10916331037206
"up",0.8,75,"PELT",0.25,0.25,0.25,8,0.035990480391432
"up",0.8,75,"SVP",0.285714285714286,0.25,0.266666666666667,7,0.0772345504124748
"up",0.8,75,"SVP (BIC)",0.2,0.125,0.153846153846154,5,0.152203346281238
"up",0.8,76,"PELT",0.375,0.375,0.375,8,0.0337021990860632
"up",0.8,76,"SVP",0.428571428571429,0.375,0.4,7,0.0812655339674097
"up",0.8,76,"SVP (BIC)",0.333333333333333,0.25,0.285714285714286,6,0.121943191516721
"up",0.8,77,"PELT",0.75,0.75,0.75,8,0.0207476305795466
"up",0.8,77,"SVP",0.571428571428571,0.5,0.533333333333333,7,0.0707969156042671
"up",0.8,77,"SVP (BIC)",0.5,0.375,0.428571428571429,6,0.120726207286972
"up",0.8,78,"PELT",0.625,0.625,0.625,8,0.0207229209992405
"up",0.8,78,"SVP",0.625,0.625,0.625,8,0.0207229209992405
"up",0.8,78,"SVP (BIC)",0.5,0.375,0.428571428571429,6,0.12955304478253
"up",0.8,79,"PELT",0.625,0.625,0.625,8,0.0277790821342701
"up",0.8,79,"SVP",0.571428571428571,0.5,0.533333333333333,7,0.0683846080667887
"up",0.8,79,"SVP (BIC)",0.333333333333333,0.25,0.285714285714286,6,0.112777673856471
"up",0.8,80,"PELT",0.5,0.5,0.5,8,0.0346590587302436
"up",0.8,80,"SVP",0.5,0.5,0.5,8,0.0346590587302436
"up",0.8,80,"SVP (BIC)",0.428571428571429,0.375,0.4,7,0.083279109057991
"up",0.8,81,"PELT",0.75,0.75,0.75,8,0.0176457303087867
"up",0.8,81,"SVP",0.571428571428571,0.5,0.533333333333333,7,0.0691921455108944
"up",0.8,81,"SVP (BIC)",0.333333333333333,0.25,0.285714285714286,6,0.11905426919568
"up",0.8,82,"PELT",0.5,0.5,0.5,8,0.0296191476261671
"up",0.8,82,"SVP",0.333333333333333,0.25,0.285714285714286,6,0.101679358418713
"up",0.8,82,"SVP (BIC)",0.2,0.125,0.153846153846154,5,0.176625400519531
"up",0.8,83,"PELT",0.75,0.75,0.75,8,0.0221817391886672
"up",0.8,83,"SVP",0.714285714285714,0.625,0.666666666666667,7,0.0640056333876548
"up",0.8,83,"SVP (BIC)",0.2,0.125,0.153846153846154,5,0.174222874813409
"up",0.8,84,"PELT",0.375,0.375,0.375,8,0.0291725145808877
"up",0.8,84,"SVP",0.428571428571429,0.375,0.4,7,0.0594906655864393
"up",0.8,84,"SVP (BIC)",0.333333333333333,0.25,0.285714285714286,6,0.103249889813462
"up",0.8,85,"PELT",0.666666666666667,0.75,0.705882352941177,9,0.0559981399065021
"up",0.8,85,"SVP",0.75,0.75,0.75,8,0.0375999141156709
"up",0.8,85,"SVP (BIC)",0.75,0.75,0.75,8,0.0375999141156709
"up",0.8,86,"PELT",0.625,0.625,0.625,8,0.0218446257461491
"up",0.8,86,"SVP",0.571428571428571,0.5,0.533333333333333,7,0.074554094397315
"up",0.8,86,"SVP (BIC)",0.5,0.375,0.428571428571429,6,0.109751973493164
"up",0.8,87,"PELT",0.5,0.5,0.5,8,0.0568981625394375
"up",0.8,87,"SVP",0.571428571428571,0.5,0.533333333333333,7,0.0919736723807983
"up",0.8,87,"SVP (BIC)",0.571428571428571,0.5,0.533333333333333,7,0.0919736723807983
"up",0.8,88,"PELT",0.25,0.25,0.25,8,0.0328036662529416
"up",0.8,88,"SVP",0.222222222222222,0.25,0.235294117647059,9,0.041642399055416
"up",0.8,88,"SVP (BIC)",0.285714285714286,0.25,0.266666666666667,7,0.0695022152289712
"up",0.8,89,"PELT",0.25,0.25,0.25,8,0.0527209682297383
"up",0.8,89,"SVP",0.285714285714286,0.25,0.266666666666667,7,0.0747451165323639
"up",0.8,89,"SVP (BIC)",0.333333333333333,0.25,0.285714285714286,6,0.104623835163344
"up",0.8,90,"PELT",0.75,0.75,0.75,8,0.031764742972905
"up",0.8,90,"SVP",0.571428571428571,0.5,0.533333333333333,7,0.0724211303824762
"up",0.8,90,"SVP (BIC)",0.5,0.375,0.428571428571429,6,0.114450845647116
"up",0.8,91,"PELT",0.875,0.875,0.875,8,0.0148562443114146
"up",0.8,91,"SVP",0.875,0.875,0.875,8,0.0148562443114146
"up",0.8,91,"SVP (BIC)",0.666666666666667,0.5,0.571428571428572,6,0.0919240439064755
"up",0.8,92,"PELT",0.555555555555556,0.625,0.588235294117647,9,0.057769813067717
"up",0.8,92,"SVP",0.571428571428571,0.5,0.533333333333333,7,0.0727378142178348
"up",0.8,92,"SVP (BIC)",0.5,0.375,0.428571428571429,6,0.125169020297893
"up",0.8,93,"PELT",0.555555555555556,0.625,0.588235294117647,9,0.0355327591095078
"up",0.8,93,"SVP",0.75,0.75,0.75,8,0.0127867128118367
"up",0.8,93,"SVP (BIC)",0.333333333333333,0.25,0.285714285714286,6,0.104659062909086
"up",0.8,94,"PELT",0.75,0.75,0.75,8,0.0335715623376114
"up",0.8,94,"SVP",0.75,0.75,0.75,8,0.0335715623376114
"up",0.8,94,"SVP (BIC)",0.75,0.75,0.75,8,0.0335715623376114
"up",0.8,95,"PELT",0.625,0.625,0.625,8,0.0167095978634605
"up",0.8,95,"SVP",0.571428571428571,0.5,0.533333333333333,7,0.071038217208937
"up",0.8,95,"SVP (BIC)",0.571428571428571,0.5,0.533333333333333,7,0.0651230691712826
"up",0.8,96,"PELT",0.5,0.5,0.5,8,0.0201078935246611
"up",0.8,96,"SVP",0.571428571428571,0.5,0.533333333333333,7,0.065973009096681
"up",0.8,96,"SVP (BIC)",0.333333333333333,0.25,0.285714285714286,6,0.10874729222984
"up",0.8,97,"PELT",0.375,0.375,0.375,8,0.0473075085577951
"up",0.8,97,"SVP",0.375,0.375,0.375,8,0.0473075085577951
"up",0.8,97,"SVP (BIC)",0.333333333333333,0.25,0.285714285714286,6,0.124243218637879
"up",0.8,98,"PELT",0.75,0.75,0.75,8,0.0288544523382258
"up",0.8,98,"SVP",0.75,0.75,0.75,8,0.0288544523382258
"up",0.8,98,"SVP (BIC)",0.666666666666667,0.5,0.571428571428572,6,0.103279512432809
"up",0.8,99,"PELT",0.375,0.375,0.375,8,0.0289585127313177
"up",0.8,99,"SVP",0.375,0.375,0.375,8,0.0289585127313177
"up",0.8,99,"SVP (BIC)",0.333333333333333,0.25,0.285714285714286,6,0.114307853807527
"up",0.8,100,"PELT",0.375,0.375,0.375,8,0.0516093627428511
"up",0.8,100,"SVP",0.428571428571429,0.375,0.4,7,0.085908915315921
"up",0.8,100,"SVP (BIC)",0.333333333333333,0.25,0.285714285714286,6,0.122665001949869
"updown",0.8,1,"PELT",0.666666666666667,0.5,0.571428571428572,6,0.0891498451342861
"updown",0.8,1,"SVP",0.666666666666667,0.5,0.571428571428572,6,0.0891498451342861
"updown",0.8,1,"SVP (BIC)",0.25,0.125,0.166666666666667,4,0.141206128524368
"updown",0.8,2,"PELT",0.625,0.625,0.625,8,0.018376119792986
"updown",0.8,2,"SVP",0.714285714285714,0.625,0.666666666666667,7,0.0555765639278296
"updown",0.8,2,"SVP (BIC)",0.4,0.25,0.307692307692308,5,0.111743930521335
"updown",0.8,3,"PELT",0.625,0.625,0.625,8,0.0566138318643187
"updown",0.8,3,"SVP",0.625,0.625,0.625,8,0.0566138318643187
"updown",0.8,3,"SVP (BIC)",0.5,0.125,0.2,2,0.160037348604403
"updown",0.8,4,"PELT",0.625,0.625,0.625,8,0.0168037226016523
"updown",0.8,4,"SVP",0.5,0.25,0.333333333333333,4,0.116261032384394
"updown",0.8,4,"SVP (BIC)",0.666666666666667,0.25,0.363636363636364,3,0.137196517238001
"updown",0.8,5,"PELT",0.625,0.625,0.625,8,0.0255949918730208
"updown",0.8,5,"SVP",0.625,0.625,0.625,8,0.0255949918730208
"updown",0.8,5,"SVP (BIC)",0.5,0.25,0.333333333333333,4,0.147798712308818
"updown",0.8,6,"PELT",0.625,0.625,0.625,8,0.0199645237565623
"updown",0.8,6,"SVP",0.333333333333333,0.25,0.285714285714286,6,0.111368713530064
"updown",0.8,6,"SVP (BIC)",0.666666666666667,0.25,0.363636363636364,3,0.131901469115187
"updown",0.8,7,"PELT",0.75,0.75,0.75,8,0.0267887202602069
"updown",0.8,7,"SVP",0.75,0.75,0.75,8,0.0267887202602069
"updown",0.8,7,"SVP (BIC)",0.75,0.75,0.75,8,0.0267887202602069
"updown",0.8,8,"PELT",0.875,0.875,0.875,8,0.0116848232195274
"updown",0.8,8,"SVP",0.714285714285714,0.625,0.666666666666667,7,0.0542941724729368
"updown",0.8,8,"SVP (BIC)",0.4,0.25,0.307692307692308,5,0.112456438736021
"updown",0.8,9,"PELT",0.5,0.5,0.5,8,0.0753864060166712
"updown",0.8,9,"SVP",0.4,0.25,0.307692307692308,5,0.123003282393319
"updown",0.8,9,"SVP (BIC)",0.333333333333333,0.125,0.181818181818182,3,0.136682024579862
"updown",0.8,10,"PELT",0.555555555555556,0.625,0.588235294117647,9,0.0532283322680641
"updown",0.8,10,"SVP",0.5,0.375,0.428571428571429,6,0.0969951577033253
"updown",0.8,10,"SVP (BIC)",0.5,0.25,0.333333333333333,4,0.141932316717982
"updown",0.8,11,"PELT",0.625,0.625,0.625,8,0.0314507258402972
"updown",0.8,11,"SVP",0.571428571428571,0.5,0.533333333333333,7,0.0716611107129437
"updown",0.8,11,"SVP (BIC)",0.8,0.5,0.615384615384615,5,0.100442624492765
"updown",0.8,12,"PELT",0.5,0.5,0.5,8,0.0403311590803521
"updown",0.8,12,"SVP",0.428571428571429,0.375,0.4,7,0.0820432974733032
"updown",0.8,12,"SVP (BIC)",0.4,0.25,0.307692307692308,5,0.107113531573682
"updown",0.8,13,"PELT",0.875,0.875,0.875,8,0.008086184576542
"updown",0.8,13,"SVP",0.571428571428571,0.5,0.533333333333333,7,0.0582474029660701
"updown",0.8,13,"SVP (BIC)",0.5,0.125,0.2,2,0.147899662305965
"updown",0.8,14,"PELT",0.875,0.875,0.875,8,0.0142280859739657
"updown",0.8,14,"SVP",0.666666666666667,0.5,0.571428571428572,6,0.0798160194542792
"updown",0.8,14,"SVP (BIC)",0.6,0.375,0.461538461538462,5,0.0949446298479705
"updown",0.8,15,"PELT",0.625,0.625,0.625,8,0.0232582410782009
"updown",0.8,15,"SVP",0.625,0.625,0.625,8,0.0232582410782009
"updown",0.8,15,"SVP (BIC)",0.4,0.25,0.307692307692308,5,0.12002975393407
"updown",0.8,16,"PELT",0.555555555555556,0.625,0.588235294117647,9,0.0429497927252099
"updown",0.8,16,"SVP",0.5,0.375,0.428571428571429,6,0.0729158801164519
"updown",0.8,16,"SVP (BIC)",0.333333333333333,0.125,0.181818181818182,3,0.134809132486873
"updown",0.8,17,"PELT",0.25,0.25,0.25,8,0.0213530077564417
"updown",0.8,17,"SVP",0.285714285714286,0.25,0.266666666666667,7,0.06836228328553
"updown",0.8,17,"SVP (BIC)",0.333333333333333,0.125,0.181818181818182,3,0.131035262229253
"updown",0.8,18,"PELT",0.5,0.375,0.428571428571429,6,0.0728878756940246
"updown",0.8,18,"SVP",0.75,0.375,0.5,4,0.117228389532705
"updown",0.8,18,"SVP (BIC)",1,0.375,0.545454545454545,3,0.12511133763767
"updown",0.8,19,"PELT",0.666666666666667,0.5,0.571428571428572,6,0.0618175134742005
"updown",0.8,19,"SVP",0.25,0.125,0.166666666666667,4,0.109016691013464
"updown",0.8,19,"SVP (BIC)",1,0.375,0.545454545454545,3,0.12099954338508
"updown",0.8,20,"PELT",0.5,0.5,0.5,8,0.0179173438160818
"updown",0.8,20,"SVP",0.25,0.125,0.166666666666667,4,0.117759974907677
"updown",0.8,20,"SVP (BIC)",0.333333333333333,0.125,0.181818181818182,3,0.141964484555977
"updown",0.8,21,"PELT",0.555555555555556,0.625,0.588235294117647,9,0.0474654189325514
"updown",0.8,21,"SVP",0.428571428571429,0.375,0.4,7,0.0581339066818846
"updown",0.8,21,"SVP (BIC)",0.333333333333333,0.125,0.181818181818182,3,0.144469201594703
"updown",0.8,22,"PELT",0.625,0.625,0.625,8,0.0214533941494199
"updown",0.8,22,"SVP",0.5,0.375,0.428571428571429,6,0.103934443478414
"updown",0.8,22,"SVP (BIC)",0.333333333333333,0.125,0.181818181818182,3,0.150552833481348
"updown",0.8,23,"PELT",0.25,0.25,0.25,8,0.0390755906949535
"updown",0.8,23,"SVP",0.5,0.375,0.428571428571429,6,0.0771460928497695
"updown",0.8,23,"SVP (BIC)",0.333333333333333,0.125,0.181818181818182,3,0.136633347793036
"updown",0.8,24,"PELT",0.5,0.5,0.5,8,0.0282247311790679
"updown",0.8,24,"SVP",0.333333333333333,0.125,0.181818181818182,3,0.139818241638119
"updown",0.8,24,"SVP (BIC)",0.5,0.125,0.2,2,0.139094152781602
"updown",0.8,25,"PELT",0.75,0.75,0.75,8,0.0219396283758061
"updown",0.8,25,"SVP",0.75,0.75,0.75,8,0.0219396283758061
"updown",0.8,25,"SVP (BIC)",0.6,0.375,0.461538461538462,5,0.109179894433591
"updown",0.8,26,"PELT",0.875,0.875,0.875,8,0.0148028929899364
"updown",0.8,26,"SVP",0.875,0.875,0.875,8,0.0148028929899364
"updown",0.8,26,"SVP (BIC)",0.5,0.375,0.428571428571429,6,0.098549435375759
"updown",0.8,27,"PELT",0.375,0.375,0.375,8,0.030284582127879
"updown",0.8,27,"SVP",0.375,0.375,0.375,8,0.030284582127879
"updown",0.8,27,"SVP (BIC)",0.142857142857143,0.125,0.133333333333333,7,0.0723296235778099
"updown",0.8,28,"PELT",0.625,0.625,0.625,8,0.0270921604159948
"updown",0.8,28,"SVP",0.166666666666667,0.125,0.142857142857143,6,0.119106352655755
"updown",0.8,28,"SVP (BIC)",0.333333333333333,0.125,0.181818181818182,3,0.140431280515377
"updown",0.8,29,"PELT",0.5,0.5,0.5,8,0.0471758976936411
"updown",0.8,29,"SVP",0.2,0.125,0.153846153846154,5,0.129683885006832
"updown",0.8,29,"SVP (BIC)",0.5,0.125,0.2,2,0.141642267599535
"updown",0.8,30,"PELT",0.375,0.375,0.375,8,0.0335167230150322
"updown",0.8,30,"SVP",0.428571428571429,0.375,0.4,7,0.059193160692478
"updown",0.8,30,"SVP (BIC)",0.4,0.25,0.307692307692308,5,0.113459815264845
"updown",0.8,31,"PELT",0.375,0.375,0.375,8,0.049572318944692
"updown",0.8,31,"SVP",0.5,0.375,0.428571428571429,6,0.0787847703633229
"updown",0.8,31,"SVP (BIC)",0.5,0.25,0.333333333333333,4,0.114678163337321
"updown",0.8,32,"PELT",0.375,0.375,0.375,8,0.0345843899755087
"updown",0.8,32,"SVP",0.25,0.125,0.166666666666667,4,0.136087775766264
"updown",0.8,32,"SVP (BIC)",0.333333333333333,0.125,0.181818181818182,3,0.1271852403309
"updown",0.8,33,"PELT",0.5,0.375,0.428571428571429,6,0.0705584610684315
"updown",0.8,33,"SVP",0.4,0.25,0.307692307692308,5,0.108030243649466
"updown",0.8,33,"SVP (BIC)",0.333333333333333,0.125,0.181818181818182,3,0.146310747713198
"updown",0.8,34,"PELT",0.5,0.5,0.5,8,0.0237606015597392
"updown",0.8,34,"SVP",0.285714285714286,0.25,0.266666666666667,7,0.0616581222910167
"updown",0.8,34,"SVP (BIC)",0.25,0.125,0.166666666666667,4,0.123776300880647
"updown",0.8,35,"PELT",0.625,0.625,0.625,8,0.0201016309403951
"updown",0.8,35,"SVP",0.4,0.25,0.307692307692308,5,0.124165287714656
"updown",0.8,35,"SVP (BIC)",0.5,0.125,0.2,2,0.153401905902126
"updown",0.8,36,"PELT",0.75,0.75,0.75,8,0.02150566687035
"updown",0.8,36,"SVP",0.75,0.75,0.75,8,0.02150566687035
"updown",0.8,36,"SVP (BIC)",0.2,0.125,0.153846153846154,5,0.147216899764512
"updown",0.8,37,"PELT",0.5,0.5,0.5,8,0.0207816561228684
"updown",0.8,37,"SVP",0.5,0.5,0.5,8,0.0207816561228684
"updown",0.8,37,"SVP (BIC)",0.2,0.125,0.153846153846154,5,0.146067591054356
"updown",0.8,38,"PELT",0.571428571428571,0.5,0.533333333333333,7,0.0600721529624695
"updown",0.8,38,"SVP",0.666666666666667,0.25,0.363636363636364,3,0.13523353512991
"updown",0.8,38,"SVP (BIC)",1,0.25,0.4,2,0.144937171368887
"updown",0.8,39,"PELT",0.555555555555556,0.625,0.588235294117647,9,0.0426738334252715
"updown",0.8,39,"SVP",0.625,0.625,0.625,8,0.0273917720636739
"updown",0.8,39,"SVP (BIC)",0.333333333333333,0.25,0.285714285714286,6,0.116287981713122
"updown",0.8,40,"PELT",0.625,0.625,0.625,8,0.0234737325349582
"updown",0.8,40,"SVP",0.571428571428571,0.5,0.533333333333333,7,0.0573641496419295
"updown",0.8,40,"SVP (BIC)",1,0.25,0.4,2,0.140325407303635
"updown",0.8,41,"PELT",0.5,0.5,0.5,8,0.0274716621513051
"updown",0.8,41,"SVP",0.4,0.25,0.307692307692308,5,0.10409649853527
"updown",0.8,41,"SVP (BIC)",0.666666666666667,0.25,0.363636363636364,3,0.126835864663929
"updown",0.8,42,"PELT",0.375,0.375,0.375,8,0.0715592541498601
"updown",0.8,42,"SVP",0.285714285714286,0.25,0.266666666666667,7,0.100401126355726
"updown",0.8,42,"SVP (BIC)",0.4,0.25,0.307692307692308,5,0.117817274502286
"updown",0.8,43,"PELT",0.75,0.75,0.75,8,0.0203954921324082
"updown",0.8,43,"SVP",0.5,0.375,0.428571428571429,6,0.0904265668476946
"updown",0.8,43,"SVP (BIC)",0.333333333333333,0.125,0.181818181818182,3,0.141411167556088
"updown",0.8,44,"PELT",0.5,0.5,0.5,8,0.0265520475428008
"updown",0.8,44,"SVP",0.5,0.375,0.428571428571429,6,0.0819953319901282
"updown",0.8,44,"SVP (BIC)",0.25,0.125,0.166666666666667,4,0.129968825962965
"updown",0.8,45,"PELT",0.375,0.375,0.375,8,0.0434760670182776
"updown",0.8,45,"SVP",0.285714285714286,0.25,0.266666666666667,7,0.0858215923327643
"updown",0.8,45,"SVP (BIC)",0.333333333333333,0.25,0.285714285714286,6,0.123634355855975
"updown",0.8,46,"PELT",0.75,0.75,0.75,8,0.0266723672867197
"updown",0.8,46,"SVP",0.75,0.75,0.75,8,0.0266723672867197
"updown",0.8,46,"SVP (BIC)",0.2,0.125,0.153846153846154,5,0.119667257267321
"updown",0.8,47,"PELT",0.5,0.5,0.5,8,0.0331160669472708
"updown",0.8,47,"SVP",0.5,0.5,0.5,8,0.0331160669472708
"updown",0.8,47,"SVP (BIC)",0.5,0.375,0.428571428571429,6,0.0780206720563583
"updown",0.8,48,"PELT",0.25,0.25,0.25,8,0.0266834415550988
"updown",0.8,48,"SVP",0.166666666666667,0.125,0.142857142857143,6,0.111039040866581
"updown",0.8,48,"SVP (BIC)",0.5,0.125,0.2,2,0.146340744618438
"updown",0.8,49,"PELT",0.5,0.5,0.5,8,0.0398326425704916
"updown",0.8,49,"SVP",0.428571428571429,0.375,0.4,7,0.0746622284374121
"updown",0.8,49,"SVP (BIC)",0.25,0.125,0.166666666666667,4,0.137080708553473
"updown",0.8,50,"PELT",0.625,0.625,0.625,8,0.0207089215376774
"updown",0.8,50,"SVP",0.625,0.625,0.625,8,0.0207089215376774
"updown",0.8,50,"SVP (BIC)",0.166666666666667,0.125,0.142857142857143,6,0.121661793953015
"updown",0.8,51,"PELT",0.375,0.375,0.375,8,0.0242723709841492
"updown",0.8,51,"SVP",0.333333333333333,0.25,0.285714285714286,6,0.0868199243537714
"updown",0.8,51,"SVP (BIC)",0.25,0.125,0.166666666666667,4,0.112969721493492
"updown",0.8,52,"PELT",0.75,0.75,0.75,8,0.0222951749886017
"updown",0.8,52,"SVP",0.4,0.25,0.307692307692308,5,0.122633296125997
"updown",0.8,52,"SVP (BIC)",0.5,0.25,0.333333333333333,4,0.124824933929131
"updown",0.8,53,"PELT",0.428571428571429,0.375,0.4,7,0.0843429186950087
"updown",0.8,53,"SVP",0.2,0.125,0.153846153846154,5,0.11101003811564
"updown",0.8,53,"SVP (BIC)",0.333333333333333,0.125,0.181818181818182,3,0.137063759798141
"updown",0.8,54,"PELT",0.5,0.375,0.428571428571429,6,0.112202638859238
"updown",0.8,54,"SVP",0.25,0.125,0.166666666666667,4,0.121717180120975
"updown",0.8,54,"SVP (BIC)",0.666666666666667,0.25,0.363636363636364,3,0.125607807804749
"updown",0.8,55,"PELT",0.375,0.375,0.375,8,0.0224161313298692
"updown",0.8,55,"SVP",0.4,0.25,0.307692307692308,5,0.117030540960805
"updown",0.8,55,"SVP (BIC)",0.333333333333333,0.125,0.181818181818182,3,0.139114128091161
"updown",0.8,56,"PELT",0.5,0.5,0.5,8,0.0403247813637506
"updown",0.8,56,"SVP",0.571428571428571,0.5,0.533333333333333,7,0.0785351270232244
"updown",0.8,56,"SVP (BIC)",0.75,0.375,0.5,4,0.104570963915818
"updown",0.8,57,"PELT",0.625,0.625,0.625,8,0.0303993692198952
"updown",0.8,57,"SVP",0.666666666666667,0.5,0.571428571428572,6,0.067251643743057
"updown",0.8,57,"SVP (BIC)",0.333333333333333,0.125,0.181818181818182,3,0.143543532313837
"updown",0.8,58,"PELT",0.375,0.375,0.375,8,0.031706591613949
"updown",0.8,58,"SVP",0.375,0.375,0.375,8,0.031706591613949
"updown",0.8,58,"SVP (BIC)",0.166666666666667,0.125,0.142857142857143,6,0.114573994747577
"updown",0.8,59,"PELT",0.222222222222222,0.25,0.235294117647059,9,0.0808754740536376
"updown",0.8,59,"SVP",0.5,0.25,0.333333333333333,4,0.126993423025612
"updown",0.8,59,"SVP (BIC)",0.5,0.125,0.2,2,0.140762925625296
"updown",0.8,60,"PELT",0.5,0.5,0.5,8,0.0287424671293319
"updown",0.8,60,"SVP",0.5,0.5,0.5,8,0.0287424671293319
"updown",0.8,60,"SVP (BIC)",0.25,0.125,0.166666666666667,4,0.135499772833048
"updown",0.8,61,"PELT",0.375,0.375,0.375,8,0.027090828769958
"updown",0.8,61,"SVP",0.375,0.375,0.375,8,0.027090828769958
"updown",0.8,61,"SVP (BIC)",0.166666666666667,0.125,0.142857142857143,6,0.101489231484777
"updown",0.8,62,"PELT",0.375,0.375,0.375,8,0.0313207888578115
"updown",0.8,62,"SVP",0.375,0.375,0.375,8,0.0313207888578115
"updown",0.8,62,"SVP (BIC)",0.333333333333333,0.25,0.285714285714286,6,0.0976786283022112
"updown",0.8,63,"PELT",0.555555555555556,0.625,0.588235294117647,9,0.0604811211987183
"updown",0.8,63,"SVP",0.625,0.625,0.625,8,0.0529618808123415
"updown",0.8,63,"SVP (BIC)",0.4,0.25,0.307692307692308,5,0.123730531755192
"updown",0.8,64,"PELT",0.75,0.75,0.75,8,0.0228171571807501
"updown",0.8,64,"SVP",0.75,0.75,0.75,8,0.0228171571807501
"updown",0.8,64,"SVP (BIC)",0.6,0.375,0.461538461538462,5,0.113680420489288
"updown",0.8,65,"PELT",0.5,0.5,0.5,8,0.023194609521404
"updown",0.8,65,"SVP",0.5,0.5,0.5,8,0.023194609521404
"updown",0.8,65,"SVP (BIC)",0.5,0.375,0.428571428571429,6,0.107830546899869
"updown",0.8,66,"PELT",0.333333333333333,0.25,0.285714285714286,6,0.0870389160522886
"updown",0.8,66,"SVP",0.5,0.375,0.428571428571429,6,0.0845056180986728
"updown",0.8,66,"SVP (BIC)",0.666666666666667,0.25,0.363636363636364,3,0.136943649168852
"updown",0.8,67,"PELT",0.75,0.75,0.75,8,0.0256947151413306
"updown",0.8,67,"SVP",0.625,0.625,0.625,8,0.0495455969743255
"updown",0.8,67,"SVP (BIC)",0.333333333333333,0.25,0.285714285714286,6,0.118975254412236
"updown",0.8,68,"PELT",0.5,0.5,0.5,8,0.026398076668389
"updown",0.8,68,"SVP",0.333333333333333,0.25,0.285714285714286,6,0.106456927069986
"updown",0.8,68,"SVP (BIC)",0.5,0.25,0.333333333333333,4,0.114098102561281
"updown",0.8,69,"PELT",0.5,0.5,0.5,8,0.024087800049734
"updown",0.8,69,"SVP",0.333333333333333,0.125,0.181818181818182,3,0.142698347846376
"updown",0.8,69,"SVP (BIC)",1,0.125,0.222222222222222,1,0.160003296340694
"updown",0.8,70,"PELT",0.5,0.5,0.5,8,0.026489902955217
"updown",0.8,70,"SVP",0.5,0.375,0.428571428571429,6,0.076899681376805
"updown",0.8,70,"SVP (BIC)",0.5,0.125,0.2,2,0.157963796284781
"updown",0.8,71,"PELT",0.25,0.25,0.25,8,0.0549262944011113
"updown",0.8,71,"SVP",0.25,0.25,0.25,8,0.0549262944011113
"updown",0.8,71,"SVP (BIC)",0.166666666666667,0.125,0.142857142857143,6,0.118069135347709
"updown",0.8,72,"PELT",0.875,0.875,0.875,8,0.00691405019392086
"updown",0.8,72,"SVP",0.875,0.875,0.875,8,0.00691405019392086
"updown",0.8,72,"SVP (BIC)",0.8,0.5,0.615384615384615,5,0.102595909529647
"updown",0.8,73,"PELT",0.625,0.625,0.625,8,0.0463887852681183
"updown",0.8,73,"SVP",0.625,0.625,0.625,8,0.0463887852681183
"updown",0.8,73,"SVP (BIC)",0.2,0.125,0.153846153846154,5,0.153767673612755
"updown",0.8,74,"PELT",0.625,0.625,0.625,8,0.0525634412621191
"updown",0.8,74,"SVP",0.428571428571429,0.375,0.4,7,0.0962354839885948
"updown",0.8,74,"SVP (BIC)",0.2,0.125,0.153846153846154,5,0.152374372321382
"updown",0.8,75,"PELT",0.75,0.75,0.75,8,0.0227989473069633
"updown",0.8,75,"SVP",0.5,0.375,0.428571428571429,6,0.0995638654602179
"updown",0.8,75,"SVP (BIC)",0.5,0.25,0.333333333333333,4,0.126724406760568
"updown",0.8,76,"PELT",0.875,0.875,0.875,8,0.00866527116638341
"updown",0.8,76,"SVP",0.4,0.25,0.307692307692308,5,0.115967596695963
"updown",0.8,76,"SVP (BIC)",0.5,0.125,0.2,2,0.143352933113842
"updown",0.8,77,"PELT",0.166666666666667,0.125,0.142857142857143,6,0.0808092599697128
"updown",0.8,77,"SVP",0.75,0.375,0.5,4,0.10017631756775
"updown",0.8,77,"SVP (BIC)",0.333333333333333,0.125,0.181818181818182,3,0.135316784795795
"updown",0.8,78,"PELT",0.75,0.75,0.75,8,0.0240158085125125
"updown",0.8,78,"SVP",0.714285714285714,0.625,0.666666666666667,7,0.0611834291858673
"updown",0.8,78,"SVP (BIC)",0.6,0.375,0.461538461538462,5,0.0961681524084642
"updown",0.8,79,"PELT",0.75,0.75,0.75,8,0.01881136684268
"updown",0.8,79,"SVP",0.75,0.75,0.75,8,0.01881136684268
"updown",0.8,79,"SVP (BIC)",0.333333333333333,0.25,0.285714285714286,6,0.11116929023821
"updown",0.8,80,"PELT",0.875,0.875,0.875,8,0.0201913384936546
"updown",0.8,80,"SVP",0.666666666666667,0.5,0.571428571428572,6,0.0860669020017101
"updown",0.8,80,"SVP (BIC)",0.5,0.125,0.2,2,0.148494789659523
"updown",0.8,81,"PELT",0.75,0.75,0.75,8,0.0180270629378475
"updown",0.8,81,"SVP",0.571428571428571,0.5,0.533333333333333,7,0.0710147882264116
"updown",0.8,81,"SVP (BIC)",0.25,0.125,0.166666666666667,4,0.151000503431414
"updown",0.8,82,"PELT",0.625,0.625,0.625,8,0.0377821908480982
"updown",0.8,82,"SVP",0.625,0.625,0.625,8,0.0377821908480982
"updown",0.8,82,"SVP (BIC)",0.5,0.25,0.333333333333333,4,0.130604364782527
"updown",0.8,83,"PELT",0.875,0.875,0.875,8,0.0112806215302168
"updown",0.8,83,"SVP",0.571428571428571,0.5,0.533333333333333,7,0.0807957920599771
"updown",0.8,83,"SVP (BIC)",0.5,0.25,0.333333333333333,4,0.129785019086201
"updown",0.8,84,"PELT",0.375,0.375,0.375,8,0.0288908658628959
"updown",0.8,84,"SVP",0.4,0.25,0.307692307692308,5,0.107800280235128
"updown",0.8,84,"SVP (BIC)",0.333333333333333,0.125,0.181818181818182,3,0.147292126190113
"updown",0.8,85,"PELT",0.666666666666667,0.5,0.571428571428572,6,0.0672543373566486
"updown",0.8,85,"SVP",0.4,0.25,0.307692307692308,5,0.108623779314941
"updown",0.8,85,"SVP (BIC)",0.333333333333333,0.125,0.181818181818182,3,0.127878945675781
"updown",0.8,86,"PELT",0.875,0.875,0.875,8,0.0195375535621845
"updown",0.8,86,"SVP",0.6,0.375,0.461538461538462,5,0.102658827770567
"updown",0.8,86,"SVP (BIC)",0.333333333333333,0.125,0.181818181818182,3,0.141541364058119
"updown",0.8,87,"PELT",0.75,0.75,0.75,8,0.0282139507529977
"updown",0.8,87,"SVP",0.666666666666667,0.5,0.571428571428572,6,0.0815109035159951
"updown",0.8,87,"SVP (BIC)",0.75,0.375,0.5,4,0.108393216969378
"updown",0.8,88,"PELT",0.5,0.5,0.5,8,0.022334560771787
"updown",0.8,88,"SVP",0.5,0.375,0.428571428571429,6,0.0713107538986552
"updown",0.8,88,"SVP (BIC)",0.5,0.25,0.333333333333333,4,0.135149030095928
"updown",0.8,89,"PELT",0.875,0.875,0.875,8,0.0196662521030561
"updown",0.8,89,"SVP",0.875,0.875,0.875,8,0.0196662521030561
"updown",0.8,89,"SVP (BIC)",0.4,0.25,0.307692307692308,5,0.108106879106675
"updown",0.8,90,"PELT",0.375,0.375,0.375,8,0.0537192938590183
"updown",0.8,90,"SVP",0.375,0.375,0.375,8,0.0537192938590183
"updown",0.8,90,"SVP (BIC)",0.333333333333333,0.125,0.181818181818182,3,0.150711270484294
"updown",0.8,91,"PELT",0.555555555555556,0.625,0.588235294117647,9,0.0541736862922963
"updown",0.8,91,"SVP",0.8,0.5,0.615384615384615,5,0.0879238991688767
"updown",0.8,91,"SVP (BIC)",0.666666666666667,0.25,0.363636363636364,3,0.142721147386175
"updown",0.8,92,"PELT",0.625,0.625,0.625,8,0.0230446709228454
"updown",0.8,92,"SVP",0.625,0.625,0.625,8,0.0230446709228454
"updown",0.8,92,"SVP (BIC)",0.6,0.375,0.461538461538462,5,0.102289860689092
"updown",0.8,93,"PELT",0.5,0.5,0.5,8,0.0335040266438399
"updown",0.8,93,"SVP",0.285714285714286,0.25,0.266666666666667,7,0.0720366897670178
"updown",0.8,93,"SVP (BIC)",0.75,0.375,0.5,4,0.109719058765577
"updown",0.8,94,"PELT",0.5,0.5,0.5,8,0.0324812190796183
"updown",0.8,94,"SVP",0.285714285714286,0.25,0.266666666666667,7,0.0743990564743931
"updown",0.8,94,"SVP (BIC)",0.2,0.125,0.153846153846154,5,0.121424975659231
"updown",0.8,95,"PELT",0.625,0.625,0.625,8,0.0241154514272452
"updown",0.8,95,"SVP",0.571428571428571,0.5,0.533333333333333,7,0.067792530800713
"updown",0.8,95,"SVP (BIC)",0.333333333333333,0.125,0.181818181818182,3,0.132665117424609
"updown",0.8,96,"PELT",0.625,0.625,0.625,8,0.0144694630216771
"updown",0.8,96,"SVP",0.625,0.625,0.625,8,0.0144694630216771
"updown",0.8,96,"SVP (BIC)",0.5,0.25,0.333333333333333,4,0.1074145593657
"updown",0.8,97,"PELT",0.5,0.5,0.5,8,0.035428665255069
"updown",0.8,97,"SVP",0.333333333333333,0.25,0.285714285714286,6,0.0891775112419131
"updown",0.8,97,"SVP (BIC)",0.4,0.25,0.307692307692308,5,0.113090958479531
"updown",0.8,98,"PELT",0.625,0.625,0.625,8,0.0368014115424223
"updown",0.8,98,"SVP",0.666666666666667,0.5,0.571428571428572,6,0.101561221542386
"updown",0.8,98,"SVP (BIC)",0.666666666666667,0.25,0.363636363636364,3,0.135884084272648
"updown",0.8,99,"PELT",0.625,0.625,0.625,8,0.030009104159664
"updown",0.8,99,"SVP",0.714285714285714,0.625,0.666666666666667,7,0.0597049115055076
"updown",0.8,99,"SVP (BIC)",0.5,0.125,0.2,2,0.14375184265584
"updown",0.8,100,"PELT",0.666666666666667,0.5,0.571428571428572,6,0.0780960591826644
"updown",0.8,100,"SVP",0.5,0.375,0.428571428571429,6,0.085424490606545
"updown",0.8,100,"SVP (BIC)",0.666666666666667,0.5,0.571428571428572,6,0.0780960591826644
"rand1",0.8,1,"PELT",1,0.625,0.769230769230769,5,0.0124919545141931
"rand1",0.8,1,"SVP",1,0.625,0.769230769230769,5,0.0124919545141931
"rand1",0.8,1,"SVP (BIC)",0.75,0.375,0.5,4,0.0585931703779618
"rand1",0.8,2,"PELT",0.8,0.5,0.615384615384615,5,0.0583607370881181
"rand1",0.8,2,"SVP",0.8,0.5,0.615384615384615,5,0.0583607370881181
"rand1",0.8,2,"SVP (BIC)",0.5,0.25,0.333333333333333,4,0.0914759328893631
"rand1",0.8,3,"PELT",1,0.625,0.769230769230769,5,0.0183970804446264
"rand1",0.8,3,"SVP",1,0.625,0.769230769230769,5,0.0183970804446264
"rand1",0.8,3,"SVP (BIC)",1,0.625,0.769230769230769,5,0.0183970804446264
"rand1",0.8,4,"PELT",0.8,0.5,0.615384615384615,5,0.0199352968718858
"rand1",0.8,4,"SVP",0.5,0.25,0.333333333333333,4,0.0736235170662982
"rand1",0.8,4,"SVP (BIC)",0.75,0.375,0.5,4,0.0551931349485684
"rand1",0.8,5,"PELT",0.8,0.5,0.615384615384615,5,0.01654040627025
"rand1",0.8,5,"SVP",0.8,0.5,0.615384615384615,5,0.01654040627025
"rand1",0.8,5,"SVP (BIC)",0.8,0.5,0.615384615384615,5,0.01654040627025
"rand1",0.8,6,"PELT",1,0.625,0.769230769230769,5,0.0179891818117397
"rand1",0.8,6,"SVP",1,0.625,0.769230769230769,5,0.0179891818117397
"rand1",0.8,6,"SVP (BIC)",1,0.625,0.769230769230769,5,0.0179891818117397
"rand1",0.8,7,"PELT",0.666666666666667,0.5,0.571428571428572,6,0.0320566616809079
"rand1",0.8,7,"SVP",0.6,0.375,0.461538461538462,5,0.0231105464213032
"rand1",0.8,7,"SVP (BIC)",0.6,0.375,0.461538461538462,5,0.0188783612156256
"rand1",0.8,8,"PELT",0.8,0.5,0.615384615384615,5,0.0273576616556177
"rand1",0.8,8,"SVP",0.8,0.5,0.615384615384615,5,0.0273576616556177
"rand1",0.8,8,"SVP (BIC)",0.8,0.5,0.615384615384615,5,0.0273576616556177
"rand1",0.8,9,"PELT",0.8,0.5,0.615384615384615,5,0.0190870931623853
"rand1",0.8,9,"SVP",0.8,0.5,0.615384615384615,5,0.0190870931623853
"rand1",0.8,9,"SVP (BIC)",0.8,0.5,0.615384615384615,5,0.0190870931623853
"rand1",0.8,10,"PELT",0.8,0.5,0.615384615384615,5,0.0177096462566231
"rand1",0.8,10,"SVP",0.8,0.5,0.615384615384615,5,0.0177096462566231
"rand1",0.8,10,"SVP (BIC)",0.75,0.375,0.5,4,0.0580236544822695
"rand1",0.8,11,"PELT",0.8,0.5,0.615384615384615,5,0.0136778718458374
"rand1",0.8,11,"SVP",0.8,0.5,0.615384615384615,5,0.0136778718458374
"rand1",0.8,11,"SVP (BIC)",0.75,0.375,0.5,4,0.0552156558514043
"rand1",0.8,12,"PELT",0.6,0.375,0.461538461538462,5,0.0404340205404798
"rand1",0.8,12,"SVP",0.6,0.375,0.461538461538462,5,0.0404340205404798
"rand1",0.8,12,"SVP (BIC)",0.5,0.25,0.333333333333333,4,0.0673068388649618
"rand1",0.8,13,"PELT",0.6,0.375,0.461538461538462,5,0.0262883950644584
"rand1",0.8,13,"SVP",0.6,0.375,0.461538461538462,5,0.0262883950644584
"rand1",0.8,13,"SVP (BIC)",0.5,0.25,0.333333333333333,4,0.0617734706710867
"rand1",0.8,14,"PELT",0.666666666666667,0.5,0.571428571428572,6,0.0439697701418952
"rand1",0.8,14,"SVP",0.8,0.5,0.615384615384615,5,0.0237542559799692
"rand1",0.8,14,"SVP (BIC)",0.25,0.125,0.166666666666667,4,0.0958140640050845
"rand1",0.8,15,"PELT",0.666666666666667,0.5,0.571428571428572,6,0.0413754629763915
"rand1",0.8,15,"SVP",0.666666666666667,0.5,0.571428571428572,6,0.0413754629763915
"rand1",0.8,15,"SVP (BIC)",0.5,0.25,0.333333333333333,4,0.0599307197928918
"rand1",0.8,16,"PELT",0.6,0.375,0.461538461538462,5,0.0492827153616378
"rand1",0.8,16,"SVP",0.5,0.25,0.333333333333333,4,0.0852205760816989
"rand1",0.8,16,"SVP (BIC)",0.5,0.25,0.333333333333333,4,0.0830443836085344
"rand1",0.8,17,"PELT",0.666666666666667,0.5,0.571428571428572,6,0.0246136762219234
"rand1",0.8,17,"SVP",0.666666666666667,0.5,0.571428571428572,6,0.0246136762219234
"rand1",0.8,17,"SVP (BIC)",0.8,0.5,0.615384615384615,5,0.0169219565295067
"rand1",0.8,18,"PELT",0.6,0.375,0.461538461538462,5,0.0215076442927
"rand1",0.8,18,"SVP",0.6,0.375,0.461538461538462,5,0.0215076442927
"rand1",0.8,18,"SVP (BIC)",0.25,0.125,0.166666666666667,4,0.0616993792622917
"rand1",0.8,19,"PELT",1,0.625,0.769230769230769,5,0.019394558929395
"rand1",0.8,19,"SVP",1,0.625,0.769230769230769,5,0.019394558929395
"rand1",0.8,19,"SVP (BIC)",1,0.625,0.769230769230769,5,0.019394558929395
"rand1",0.8,20,"PELT",0.8,0.5,0.615384615384615,5,0.0230331824650981
"rand1",0.8,20,"SVP",0.8,0.5,0.615384615384615,5,0.0230331824650981
"rand1",0.8,20,"SVP (BIC)",0.8,0.5,0.615384615384615,5,0.0230331824650981
"rand1",0.8,21,"PELT",0.8,0.5,0.615384615384615,5,0.0219976499070737
"rand1",0.8,21,"SVP",0.8,0.5,0.615384615384615,5,0.0219976499070737
"rand1",0.8,21,"SVP (BIC)",0.8,0.5,0.615384615384615,5,0.0219976499070737
"rand1",0.8,22,"PELT",0.6,0.375,0.461538461538462,5,0.0380097790345318
"rand1",0.8,22,"SVP",0.6,0.375,0.461538461538462,5,0.0380097790345318
"rand1",0.8,22,"SVP (BIC)",0.6,0.375,0.461538461538462,5,0.0380097790345318
"rand1",0.8,23,"PELT",0.8,0.5,0.615384615384615,5,0.0156678895401064
"rand1",0.8,23,"SVP",0.8,0.5,0.615384615384615,5,0.0156678895401064
"rand1",0.8,23,"SVP (BIC)",0.5,0.25,0.333333333333333,4,0.0532258124061412
"rand1",0.8,24,"PELT",0.8,0.5,0.615384615384615,5,0.0191328610294981
"rand1",0.8,24,"SVP",0.8,0.5,0.615384615384615,5,0.0191328610294981
"rand1",0.8,24,"SVP (BIC)",0.5,0.25,0.333333333333333,4,0.062114354596485
"rand1",0.8,25,"PELT",1,0.625,0.769230769230769,5,0.0114893310062899
"rand1",0.8,25,"SVP",1,0.625,0.769230769230769,5,0.0114893310062899
"rand1",0.8,25,"SVP (BIC)",0.75,0.375,0.5,4,0.0535632815180543
"rand1",0.8,26,"PELT",1,0.625,0.769230769230769,5,0.0131186398910968
"rand1",0.8,26,"SVP",1,0.625,0.769230769230769,5,0.0131186398910968
"rand1",0.8,26,"SVP (BIC)",0.75,0.375,0.5,4,0.0574313887944176
"rand1",0.8,27,"PELT",0.6,0.375,0.461538461538462,5,0.0387278077682609
"rand1",0.8,27,"SVP",0.75,0.375,0.5,4,0.0519519176975382
"rand1",0.8,27,"SVP (BIC)",1,0.5,0.666666666666667,4,0.0504067249910936
"rand1",0.8,28,"PELT",1,0.625,0.769230769230769,5,0.0172582748221654
"rand1",0.8,28,"SVP",1,0.625,0.769230769230769,5,0.0172582748221654
"rand1",0.8,28,"SVP (BIC)",0.75,0.375,0.5,4,0.0590223054244281
"rand1",0.8,29,"PELT",1,0.625,0.769230769230769,5,0.0150343641134879
"rand1",0.8,29,"SVP",0.75,0.375,0.5,4,0.065253104892579
"rand1",0.8,29,"SVP (BIC)",0.75,0.375,0.5,4,0.067558790992027
"rand1",0.8,30,"PELT",1,0.625,0.769230769230769,5,0.0137796345695476
"rand1",0.8,30,"SVP",1,0.625,0.769230769230769,5,0.0137796345695476
"rand1",0.8,30,"SVP (BIC)",0.75,0.375,0.5,4,0.058726629563308
"rand1",0.8,31,"PELT",0.166666666666667,0.125,0.142857142857143,6,0.0582805036446277
"rand1",0.8,31,"SVP",0.2,0.125,0.153846153846154,5,0.0513220460310952
"rand1",0.8,31,"SVP (BIC)",0.5,0.25,0.333333333333333,4,0.0604986237302292
"rand1",0.8,32,"PELT",0.833333333333333,0.625,0.714285714285714,6,0.0215037045126509
"rand1",0.8,32,"SVP",0.8,0.5,0.615384615384615,5,0.0184546645215547
"rand1",0.8,32,"SVP (BIC)",0.8,0.5,0.615384615384615,5,0.0184546645215547
"rand1",0.8,33,"PELT",1,0.625,0.769230769230769,5,0.0137410585153961
"rand1",0.8,33,"SVP",1,0.625,0.769230769230769,5,0.0137410585153961
"rand1",0.8,33,"SVP (BIC)",1,0.625,0.769230769230769,5,0.0137410585153961
"rand1",0.8,34,"PELT",0.666666666666667,0.5,0.571428571428572,6,0.0332297909636917
"rand1",0.8,34,"SVP",0.666666666666667,0.5,0.571428571428572,6,0.0332297909636917
"rand1",0.8,34,"SVP (BIC)",0.8,0.5,0.615384615384615,5,0.025834910194981
"rand1",0.8,35,"PELT",0.8,0.5,0.615384615384615,5,0.0191457759834107
"rand1",0.8,35,"SVP",0.8,0.5,0.615384615384615,5,0.0191457759834107
"rand1",0.8,35,"SVP (BIC)",0.8,0.5,0.615384615384615,5,0.0191457759834107
"rand1",0.8,36,"PELT",0.4,0.25,0.307692307692308,5,0.0455500549424787
"rand1",0.8,36,"SVP",0.5,0.25,0.333333333333333,4,0.0615123698233774
"rand1",0.8,36,"SVP (BIC)",0.5,0.25,0.333333333333333,4,0.0596627537897274
"rand1",0.8,37,"PELT",1,0.625,0.769230769230769,5,0.0121178436712239
"rand1",0.8,37,"SVP",1,0.625,0.769230769230769,5,0.0121178436712239
"rand1",0.8,37,"SVP (BIC)",1,0.625,0.769230769230769,5,0.0121178436712239
"rand1",0.8,38,"PELT",1,0.625,0.769230769230769,5,0.0121216016077383
"rand1",0.8,38,"SVP",1,0.625,0.769230769230769,5,0.0121216016077383
"rand1",0.8,38,"SVP (BIC)",0.75,0.375,0.5,4,0.0561238748469466
"rand1",0.8,39,"PELT",0.8,0.5,0.615384615384615,5,0.0175451946940947
"rand1",0.8,39,"SVP",0.5,0.25,0.333333333333333,4,0.0624492650487973
"rand1",0.8,39,"SVP (BIC)",0.5,0.25,0.333333333333333,4,0.060947638573473
"rand1",0.8,40,"PELT",0.8,0.5,0.615384615384615,5,0.017596135656969
"rand1",0.8,40,"SVP",0.8,0.5,0.615384615384615,5,0.017596135656969
"rand1",0.8,40,"SVP (BIC)",0.5,0.25,0.333333333333333,4,0.0687328256517948
"rand1",0.8,41,"PELT",0.6,0.375,0.461538461538462,5,0.0320065383392348
"rand1",0.8,41,"SVP",0.6,0.375,0.461538461538462,5,0.0320065383392348
"rand1",0.8,41,"SVP (BIC)",0.6,0.375,0.461538461538462,5,0.0320065383392348
"rand1",0.8,42,"PELT",0.8,0.5,0.615384615384615,5,0.015576883940578
"rand1",0.8,42,"SVP",0.8,0.5,0.615384615384615,5,0.015576883940578
"rand1",0.8,42,"SVP (BIC)",0.75,0.375,0.5,4,0.0559253895035091
"rand1",0.8,43,"PELT",0.6,0.375,0.461538461538462,5,0.0225505354039905
"rand1",0.8,43,"SVP",0.6,0.375,0.461538461538462,5,0.0225505354039905
"rand1",0.8,43,"SVP (BIC)",0.5,0.25,0.333333333333333,4,0.0591033682799818
"rand1",0.8,44,"PELT",0.8,0.5,0.615384615384615,5,0.0203205367143621
"rand1",0.8,44,"SVP",0.75,0.375,0.5,4,0.0544390998619555
"rand1",0.8,44,"SVP (BIC)",0.75,0.375,0.5,4,0.0533797407169412
"rand1",0.8,45,"PELT",1,0.625,0.769230769230769,5,0.0188333606211423
"rand1",0.8,45,"SVP",1,0.625,0.769230769230769,5,0.0188333606211423
"rand1",0.8,45,"SVP (BIC)",0.5,0.25,0.333333333333333,4,0.067715062819469
"rand1",0.8,46,"PELT",0.8,0.5,0.615384615384615,5,0.0167976003160416
"rand1",0.8,46,"SVP",0.8,0.5,0.615384615384615,5,0.0167976003160416
"rand1",0.8,46,"SVP (BIC)",0.75,0.375,0.5,4,0.0567666396101945
"rand1",0.8,47,"PELT",0.8,0.5,0.615384615384615,5,0.0233255058512018
"rand1",0.8,47,"SVP",0.8,0.5,0.615384615384615,5,0.0233255058512018
"rand1",0.8,47,"SVP (BIC)",0.5,0.25,0.333333333333333,4,0.0661381354331683
"rand1",0.8,48,"PELT",0.6,0.375,0.461538461538462,5,0.0334856962859586
"rand1",0.8,48,"SVP",0.6,0.375,0.461538461538462,5,0.0334856962859586
"rand1",0.8,48,"SVP (BIC)",0.75,0.375,0.5,4,0.0559224154749102
"rand1",0.8,49,"PELT",0.6,0.375,0.461538461538462,5,0.018187997095444
"rand1",0.8,49,"SVP",0.75,0.375,0.5,4,0.0540664232162016
"rand1",0.8,49,"SVP (BIC)",0.75,0.375,0.5,4,0.0512231452410494
"rand1",0.8,50,"PELT",1,0.625,0.769230769230769,5,0.0127823319811466
"rand1",0.8,50,"SVP",1,0.625,0.769230769230769,5,0.0127823319811466
"rand1",0.8,50,"SVP (BIC)",1,0.625,0.769230769230769,5,0.0127823319811466
"rand1",0.8,51,"PELT",0.6,0.375,0.461538461538462,5,0.0254119195828854
"rand1",0.8,51,"SVP",0.6,0.375,0.461538461538462,5,0.0254119195828854
"rand1",0.8,51,"SVP (BIC)",0.75,0.375,0.5,4,0.0621337427136966
"rand1",0.8,52,"PELT",0.6,0.375,0.461538461538462,5,0.0301993252360845
"rand1",0.8,52,"SVP",0.6,0.375,0.461538461538462,5,0.0301993252360845
"rand1",0.8,52,"SVP (BIC)",0.6,0.375,0.461538461538462,5,0.0301993252360845
"rand1",0.8,53,"PELT",1,0.625,0.769230769230769,5,0.0218900788114632
"rand1",0.8,53,"SVP",0.6,0.375,0.461538461538462,5,0.0763083660156231
"rand1",0.8,53,"SVP (BIC)",0.75,0.375,0.5,4,0.0620740358672322
"rand1",0.8,54,"PELT",0.6,0.375,0.461538461538462,5,0.019718503631576
"rand1",0.8,54,"SVP",0.6,0.375,0.461538461538462,5,0.019718503631576
"rand1",0.8,54,"SVP (BIC)",0.25,0.125,0.166666666666667,4,0.0784789712999295
"rand1",0.8,55,"PELT",0.8,0.5,0.615384615384615,5,0.0245272775207445
"rand1",0.8,55,"SVP",0.8,0.5,0.615384615384615,5,0.0245272775207445
"rand1",0.8,55,"SVP (BIC)",0.5,0.25,0.333333333333333,4,0.0651675561474183
"rand1",0.8,56,"PELT",0.6,0.375,0.461538461538462,5,0.0171174528529443
"rand1",0.8,56,"SVP",0.6,0.375,0.461538461538462,5,0.0171174528529443
"rand1",0.8,56,"SVP (BIC)",0.25,0.125,0.166666666666667,4,0.0570479106441911
"rand1",0.8,57,"PELT",0.8,0.5,0.615384615384615,5,0.0233341868568598
"rand1",0.8,57,"SVP",0.8,0.5,0.615384615384615,5,0.0233341868568598
"rand1",0.8,57,"SVP (BIC)",0.8,0.5,0.615384615384615,5,0.0233341868568598
"rand1",0.8,58,"PELT",0.8,0.5,0.615384615384615,5,0.0208024458163973
"rand1",0.8,58,"SVP",0.8,0.5,0.615384615384615,5,0.0208024458163973
"rand1",0.8,58,"SVP (BIC)",0.5,0.25,0.333333333333333,4,0.0624655766174959
"rand1",0.8,59,"PELT",0.6,0.375,0.461538461538462,5,0.0308614948750805
"rand1",0.8,59,"SVP",0.6,0.375,0.461538461538462,5,0.0308614948750805
"rand1",0.8,59,"SVP (BIC)",0.5,0.25,0.333333333333333,4,0.0634746822485342
"rand1",0.8,60,"PELT",0.6,0.375,0.461538461538462,5,0.026469819976506
"rand1",0.8,60,"SVP",0.5,0.25,0.333333333333333,4,0.0658393673675684
"rand1",0.8,60,"SVP (BIC)",0.5,0.25,0.333333333333333,4,0.0640618461111199
"rand1",0.8,61,"PELT",1,0.625,0.769230769230769,5,0.0182785019644713
"rand1",0.8,61,"SVP",1,0.625,0.769230769230769,5,0.0182785019644713
"rand1",0.8,61,"SVP (BIC)",0.5,0.25,0.333333333333333,4,0.0691445103566864
"rand1",0.8,62,"PELT",0.6,0.375,0.461538461538462,5,0.0168764738783195
"rand1",0.8,62,"SVP",0.6,0.375,0.461538461538462,5,0.0168764738783195
"rand1",0.8,62,"SVP (BIC)",0.5,0.25,0.333333333333333,4,0.0574584248636497
"rand1",0.8,63,"PELT",0.8,0.5,0.615384615384615,5,0.0144629907749641
"rand1",0.8,63,"SVP",0.8,0.5,0.615384615384615,5,0.0144629907749641
"rand1",0.8,63,"SVP (BIC)",0.5,0.25,0.333333333333333,4,0.0585441363129381
"rand1",0.8,64,"PELT",0.333333333333333,0.25,0.285714285714286,6,0.0332518531955912
"rand1",0.8,64,"SVP",0.4,0.25,0.307692307692308,5,0.031422161710122
"rand1",0.8,64,"SVP (BIC)",0.25,0.125,0.166666666666667,4,0.0710186504141223
"rand1",0.8,65,"PELT",0.8,0.5,0.615384615384615,5,0.0187444086920429
"rand1",0.8,65,"SVP",0.8,0.5,0.615384615384615,5,0.0187444086920429
"rand1",0.8,65,"SVP (BIC)",0.8,0.5,0.615384615384615,5,0.0187444086920429
"rand1",0.8,66,"PELT",0.4,0.25,0.307692307692308,5,0.025219191791254
"rand1",0.8,66,"SVP",0.25,0.125,0.166666666666667,4,0.0648492988194952
"rand1",0.8,66,"SVP (BIC)",0.25,0.125,0.166666666666667,4,0.0636811013676966
"rand1",0.8,67,"PELT",0.6,0.375,0.461538461538462,5,0.0219971193927479
"rand1",0.8,67,"SVP",0.6,0.375,0.461538461538462,5,0.0219971193927479
"rand1",0.8,67,"SVP (BIC)",0.5,0.25,0.333333333333333,4,0.0600985661030302
"rand1",0.8,68,"PELT",0.8,0.5,0.615384615384615,5,0.0284953812875295
"rand1",0.8,68,"SVP",0.8,0.5,0.615384615384615,5,0.0284953812875295
"rand1",0.8,68,"SVP (BIC)",0.75,0.375,0.5,4,0.0591079214684622
"rand1",0.8,69,"PELT",0.8,0.5,0.615384615384615,5,0.0226691743857254
"rand1",0.8,69,"SVP",0.8,0.5,0.615384615384615,5,0.0226691743857254
"rand1",0.8,69,"SVP (BIC)",0.8,0.5,0.615384615384615,5,0.0226691743857254
"rand1",0.8,70,"PELT",0.8,0.5,0.615384615384615,5,0.02257499717172
"rand1",0.8,70,"SVP",0.8,0.5,0.615384615384615,5,0.02257499717172
"rand1",0.8,70,"SVP (BIC)",0.75,0.375,0.5,4,0.063281817372659
"rand1",0.8,71,"PELT",0.666666666666667,0.5,0.571428571428572,6,0.0238814035359861
"rand1",0.8,71,"SVP",0.8,0.5,0.615384615384615,5,0.0203369022015539
"rand1",0.8,71,"SVP (BIC)",0.75,0.375,0.5,4,0.054681837968674
"rand1",0.8,72,"PELT",0.8,0.5,0.615384615384615,5,0.0353772174515651
"rand1",0.8,72,"SVP",0.8,0.5,0.615384615384615,5,0.0353772174515651
"rand1",0.8,72,"SVP (BIC)",0.8,0.5,0.615384615384615,5,0.0353772174515651
"rand1",0.8,73,"PELT",0.5,0.375,0.428571428571429,6,0.0262975086100583
"rand1",0.8,73,"SVP",0.5,0.25,0.333333333333333,4,0.0544457365506149
"rand1",0.8,73,"SVP (BIC)",0.75,0.375,0.5,4,0.054214120852274
"rand1",0.8,74,"PELT",0.5,0.375,0.428571428571429,6,0.0423684939819865
"rand1",0.8,74,"SVP",0.25,0.125,0.166666666666667,4,0.0709365019109692
"rand1",0.8,74,"SVP (BIC)",0.25,0.125,0.166666666666667,4,0.0689442769363392
"rand1",0.8,75,"PELT",0.666666666666667,0.25,0.363636363636364,3,0.0696492988483037
"rand1",0.8,75,"SVP",0.5,0.25,0.333333333333333,4,0.0603830995728003
"rand1",0.8,75,"SVP (BIC)",0.666666666666667,0.25,0.363636363636364,3,0.0696492988483037
"rand1",0.8,76,"PELT",0.8,0.5,0.615384615384615,5,0.0149031510865726
"rand1",0.8,76,"SVP",0.5,0.25,0.333333333333333,4,0.0597549733553061
"rand1",0.8,76,"SVP (BIC)",0.5,0.25,0.333333333333333,4,0.0597549733553061
"rand1",0.8,77,"PELT",0.833333333333333,0.625,0.714285714285714,6,0.0187520331953955
"rand1",0.8,77,"SVP",1,0.625,0.769230769230769,5,0.0169303798482713
"rand1",0.8,77,"SVP (BIC)",0.75,0.375,0.5,4,0.0552033831203126
"rand1",0.8,78,"PELT",0.6,0.375,0.461538461538462,5,0.0226829194033425
"rand1",0.8,78,"SVP",0.6,0.375,0.461538461538462,5,0.0226829194033425
"rand1",0.8,78,"SVP (BIC)",0.6,0.375,0.461538461538462,5,0.0226829194033425
"rand1",0.8,79,"PELT",1,0.625,0.769230769230769,5,0.0165790202982038
"rand1",0.8,79,"SVP",1,0.625,0.769230769230769,5,0.0165790202982038
"rand1",0.8,79,"SVP (BIC)",0.75,0.375,0.5,4,0.0609559189904081
"rand1",0.8,80,"PELT",0.6,0.375,0.461538461538462,5,0.0333095501924579
"rand1",0.8,80,"SVP",0.6,0.375,0.461538461538462,5,0.0333095501924579
"rand1",0.8,80,"SVP (BIC)",0.25,0.125,0.166666666666667,4,0.0698166013850888
"rand1",0.8,81,"PELT",0.8,0.5,0.615384615384615,5,0.0229368057968461
"rand1",0.8,81,"SVP",0.8,0.5,0.615384615384615,5,0.0229368057968461
"rand1",0.8,81,"SVP (BIC)",0.8,0.5,0.615384615384615,5,0.0229368057968461
"rand1",0.8,82,"PELT",0.8,0.5,0.615384615384615,5,0.0191364214981683
"rand1",0.8,82,"SVP",0.75,0.375,0.5,4,0.0587276067616472
"rand1",0.8,82,"SVP (BIC)",0.75,0.375,0.5,4,0.05817008225212
"rand1",0.8,83,"PELT",1,0.625,0.769230769230769,5,0.0119492678973228
"rand1",0.8,83,"SVP",1,0.625,0.769230769230769,5,0.0119492678973228
"rand1",0.8,83,"SVP (BIC)",1,0.625,0.769230769230769,5,0.0119492678973228
"rand1",0.8,84,"PELT",1,0.625,0.769230769230769,5,0.0120877184315498
"rand1",0.8,84,"SVP",1,0.625,0.769230769230769,5,0.0120877184315498
"rand1",0.8,84,"SVP (BIC)",0.75,0.375,0.5,4,0.0558352001722155
"rand1",0.8,85,"PELT",0.6,0.375,0.461538461538462,5,0.0323767096176208
"rand1",0.8,85,"SVP",0.6,0.375,0.461538461538462,5,0.0323767096176208
"rand1",0.8,85,"SVP (BIC)",0.6,0.375,0.461538461538462,5,0.0323767096176208
"rand1",0.8,86,"PELT",0.8,0.5,0.615384615384615,5,0.0144401787103665
"rand1",0.8,86,"SVP",0.8,0.5,0.615384615384615,5,0.0144401787103665
"rand1",0.8,86,"SVP (BIC)",0.8,0.5,0.615384615384615,5,0.0144401787103665
"rand1",0.8,87,"PELT",0.6,0.375,0.461538461538462,5,0.0536793859311844
"rand1",0.8,87,"SVP",0.6,0.375,0.461538461538462,5,0.0536793859311844
"rand1",0.8,87,"SVP (BIC)",0.6,0.375,0.461538461538462,5,0.0536793859311844
"rand1",0.8,88,"PELT",0.833333333333333,0.625,0.714285714285714,6,0.0152720564988422
"rand1",0.8,88,"SVP",1,0.625,0.769230769230769,5,0.0125522885167327
"rand1",0.8,88,"SVP (BIC)",0.75,0.375,0.5,4,0.055217733243755
"rand1",0.8,89,"PELT",0.6,0.375,0.461538461538462,5,0.0264136652002591
"rand1",0.8,89,"SVP",0.6,0.375,0.461538461538462,5,0.0264136652002591
"rand1",0.8,89,"SVP (BIC)",0.75,0.375,0.5,4,0.0547751712456988
"rand1",0.8,90,"PELT",0.8,0.5,0.615384615384615,5,0.0147882827514855
"rand1",0.8,90,"SVP",0.8,0.5,0.615384615384615,5,0.0147882827514855
"rand1",0.8,90,"SVP (BIC)",0.75,0.375,0.5,4,0.0616903033326625
"rand1",0.8,91,"PELT",0.666666666666667,0.5,0.571428571428572,6,0.0259879656492173
"rand1",0.8,91,"SVP",0.75,0.375,0.5,4,0.058448407660329
"rand1",0.8,91,"SVP (BIC)",0.75,0.375,0.5,4,0.0668419074650529
"rand1",0.8,92,"PELT",0.6,0.375,0.461538461538462,5,0.031409528156782
"rand1",0.8,92,"SVP",0.5,0.25,0.333333333333333,4,0.0641136259390812
"rand1",0.8,92,"SVP (BIC)",0.5,0.25,0.333333333333333,4,0.0625275068985617
"rand1",0.8,93,"PELT",0.666666666666667,0.5,0.571428571428572,6,0.0280076411074385
"rand1",0.8,93,"SVP",0.8,0.5,0.615384615384615,5,0.0250122371570041
"rand1",0.8,93,"SVP (BIC)",0.5,0.25,0.333333333333333,4,0.067208247198868
"rand1",0.8,94,"PELT",0.8,0.5,0.615384615384615,5,0.0167524376655296
"rand1",0.8,94,"SVP",0.5,0.25,0.333333333333333,4,0.0612375164454918
"rand1",0.8,94,"SVP (BIC)",0.75,0.375,0.5,4,0.0557470181874356
"rand1",0.8,95,"PELT",0.8,0.5,0.615384615384615,5,0.0394559954688692
"rand1",0.8,95,"SVP",0.8,0.5,0.615384615384615,5,0.0394559954688692
"rand1",0.8,95,"SVP (BIC)",0.8,0.5,0.615384615384615,5,0.0394559954688692
"rand1",0.8,96,"PELT",0.8,0.5,0.615384615384615,5,0.0164983282270435
"rand1",0.8,96,"SVP",0.75,0.375,0.5,4,0.0589148875910945
"rand1",0.8,96,"SVP (BIC)",0.75,0.375,0.5,4,0.0561125993911542
"rand1",0.8,97,"PELT",0.6,0.375,0.461538461538462,5,0.0251737848811532
"rand1",0.8,97,"SVP",0.6,0.375,0.461538461538462,5,0.0251737848811532
"rand1",0.8,97,"SVP (BIC)",0.6,0.375,0.461538461538462,5,0.0251737848811532
"rand1",0.8,98,"PELT",0.4,0.25,0.307692307692308,5,0.065083237883443
"rand1",0.8,98,"SVP",0.4,0.25,0.307692307692308,5,0.065083237883443
"rand1",0.8,98,"SVP (BIC)",0.5,0.25,0.333333333333333,4,0.0638979615577163
"rand1",0.8,99,"PELT",1,0.625,0.769230769230769,5,0.0169117781524349
"rand1",0.8,99,"SVP",1,0.625,0.769230769230769,5,0.0169117781524349
"rand1",0.8,99,"SVP (BIC)",1,0.625,0.769230769230769,5,0.0169117781524349
"rand1",0.8,100,"PELT",1,0.625,0.769230769230769,5,0.0112520745736109
"rand1",0.8,100,"SVP",1,0.625,0.769230769230769,5,0.0112520745736109
"rand1",0.8,100,"SVP (BIC)",0.75,0.375,0.5,4,0.0531353203317829
"none",0.9,1,"PELT",1,1,1,1,0.000430663636564138
"none",0.9,1,"SVP",1,1,1,1,0.000430663636564138
"none",0.9,1,"SVP (BIC)",1,1,1,1,0.000430663636564138
"none",0.9,2,"PELT",1,1,1,1,0.00314433764317428
"none",0.9,2,"SVP",1,1,1,1,0.00314433764317428
"none",0.9,2,"SVP (BIC)",1,1,1,1,0.00314433764317428
"none",0.9,3,"PELT",1,1,1,1,0.000132318908091442
"none",0.9,3,"SVP",1,1,1,1,0.000132318908091442
"none",0.9,3,"SVP (BIC)",1,1,1,1,0.000132318908091442
"none",0.9,4,"PELT",1,1,1,1,0.000353306314705069
"none",0.9,4,"SVP",1,1,1,1,0.000353306314705069
"none",0.9,4,"SVP (BIC)",1,1,1,1,0.000353306314705069
"none",0.9,5,"PELT",1,1,1,1,9.22686364092344e-05
"none",0.9,5,"SVP",1,1,1,1,9.22686364092344e-05
"none",0.9,5,"SVP (BIC)",1,1,1,1,9.22686364092344e-05
"none",0.9,6,"PELT",1,1,1,1,0.000116754388667705
"none",0.9,6,"SVP",1,1,1,1,0.000116754388667705
"none",0.9,6,"SVP (BIC)",1,1,1,1,0.000116754388667705
"none",0.9,7,"PELT",1,1,1,1,0.000242263903933691
"none",0.9,7,"SVP",1,1,1,1,0.000242263903933691
"none",0.9,7,"SVP (BIC)",1,1,1,1,0.000242263903933691
"none",0.9,8,"PELT",1,1,1,1,0.000161270261404607
"none",0.9,8,"SVP",1,1,1,1,0.000161270261404607
"none",0.9,8,"SVP (BIC)",1,1,1,1,0.000161270261404607
"none",0.9,9,"PELT",1,1,1,1,0.000510813282169508
"none",0.9,9,"SVP",1,1,1,1,0.000510813282169508
"none",0.9,9,"SVP (BIC)",1,1,1,1,0.000510813282169508
"none",0.9,10,"PELT",1,1,1,1,0.000873114006475477
"none",0.9,10,"SVP",1,1,1,1,0.000873114006475477
"none",0.9,10,"SVP (BIC)",1,1,1,1,0.000873114006475477
"none",0.9,11,"PELT",1,1,1,1,5.76248830536031e-05
"none",0.9,11,"SVP",1,1,1,1,5.76248830536031e-05
"none",0.9,11,"SVP (BIC)",1,1,1,1,5.76248830536031e-05
"none",0.9,12,"PELT",1,1,1,1,0.000723031734358018
"none",0.9,12,"SVP",1,1,1,1,0.000723031734358018
"none",0.9,12,"SVP (BIC)",1,1,1,1,0.000723031734358018
"none",0.9,13,"PELT",1,1,1,1,0.000751282529583304
"none",0.9,13,"SVP",1,1,1,1,0.000751282529583304
"none",0.9,13,"SVP (BIC)",1,1,1,1,0.000751282529583304
"none",0.9,14,"PELT",1,1,1,1,0.000158976868296106
"none",0.9,14,"SVP",1,1,1,1,0.000158976868296106
"none",0.9,14,"SVP (BIC)",1,1,1,1,0.000158976868296106
"none",0.9,15,"PELT",1,1,1,1,7.4535765237131e-06
"none",0.9,15,"SVP",1,1,1,1,7.4535765237131e-06
"none",0.9,15,"SVP (BIC)",1,1,1,1,7.4535765237131e-06
"none",0.9,16,"PELT",1,1,1,1,1.53548167872772e-06
"none",0.9,16,"SVP",1,1,1,1,1.53548167872772e-06
"none",0.9,16,"SVP (BIC)",1,1,1,1,1.53548167872772e-06
"none",0.9,17,"PELT",0.333333333333333,1,0.5,3,0.0282550478501332
"none",0.9,17,"SVP",0.5,1,0.666666666666667,2,0.0126234473565619
"none",0.9,17,"SVP (BIC)",1,1,1,1,9.85340289505059e-05
"none",0.9,18,"PELT",1,1,1,1,1.79743975805446e-05
"none",0.9,18,"SVP",1,1,1,1,1.79743975805446e-05
"none",0.9,18,"SVP (BIC)",1,1,1,1,1.79743975805446e-05
"none",0.9,19,"PELT",1,1,1,1,0.000186961031841927
"none",0.9,19,"SVP",1,1,1,1,0.000186961031841927
"none",0.9,19,"SVP (BIC)",1,1,1,1,0.000186961031841927
"none",0.9,20,"PELT",1,1,1,1,0.000549887822424214
"none",0.9,20,"SVP",1,1,1,1,0.000549887822424214
"none",0.9,20,"SVP (BIC)",1,1,1,1,0.000549887822424214
"none",0.9,21,"PELT",1,1,1,1,0.000291371410823464
"none",0.9,21,"SVP",1,1,1,1,0.000291371410823464
"none",0.9,21,"SVP (BIC)",1,1,1,1,0.000291371410823464
"none",0.9,22,"PELT",1,1,1,1,0.000824594731612086
"none",0.9,22,"SVP",1,1,1,1,0.000824594731612086
"none",0.9,22,"SVP (BIC)",1,1,1,1,0.000824594731612086
"none",0.9,23,"PELT",1,1,1,1,0.000188386996575131
"none",0.9,23,"SVP",1,1,1,1,0.000188386996575131
"none",0.9,23,"SVP (BIC)",1,1,1,1,0.000188386996575131
"none",0.9,24,"PELT",1,1,1,1,0.00829803884055314
"none",0.9,24,"SVP",1,1,1,1,0.00829803884055314
"none",0.9,24,"SVP (BIC)",1,1,1,1,0.00829803884055314
"none",0.9,25,"PELT",1,1,1,1,0.000555944530135452
"none",0.9,25,"SVP",1,1,1,1,0.000555944530135452
"none",0.9,25,"SVP (BIC)",1,1,1,1,0.000555944530135452
"none",0.9,26,"PELT",1,1,1,1,0.000114633864512443
"none",0.9,26,"SVP",1,1,1,1,0.000114633864512443
"none",0.9,26,"SVP (BIC)",1,1,1,1,0.000114633864512443
"none",0.9,27,"PELT",1,1,1,1,0.00133841084697047
"none",0.9,27,"SVP",1,1,1,1,0.00133841084697047
"none",0.9,27,"SVP (BIC)",1,1,1,1,0.00133841084697047
"none",0.9,28,"PELT",1,1,1,1,0.00102268934387997
"none",0.9,28,"SVP",1,1,1,1,0.00102268934387997
"none",0.9,28,"SVP (BIC)",1,1,1,1,0.00102268934387997
"none",0.9,29,"PELT",1,1,1,1,5.38084764466613e-05
"none",0.9,29,"SVP",1,1,1,1,5.38084764466613e-05
"none",0.9,29,"SVP (BIC)",1,1,1,1,5.38084764466613e-05
"none",0.9,30,"PELT",1,1,1,1,1.13881126194971e-08
"none",0.9,30,"SVP",0.5,1,0.666666666666667,2,0.00446585897262872
"none",0.9,30,"SVP (BIC)",1,1,1,1,1.13881126194971e-08
"none",0.9,31,"PELT",1,1,1,1,0.00225238757275597
"none",0.9,31,"SVP",1,1,1,1,0.00225238757275597
"none",0.9,31,"SVP (BIC)",1,1,1,1,0.00225238757275597
"none",0.9,32,"PELT",1,1,1,1,7.39424923753475e-05
"none",0.9,32,"SVP",1,1,1,1,7.39424923753475e-05
"none",0.9,32,"SVP (BIC)",1,1,1,1,7.39424923753475e-05
"none",0.9,33,"PELT",1,1,1,1,0.0021660651395934
"none",0.9,33,"SVP",1,1,1,1,0.0021660651395934
"none",0.9,33,"SVP (BIC)",1,1,1,1,0.0021660651395934
"none",0.9,34,"PELT",1,1,1,1,2.73429212620797e-05
"none",0.9,34,"SVP",1,1,1,1,2.73429212620797e-05
"none",0.9,34,"SVP (BIC)",1,1,1,1,2.73429212620797e-05
"none",0.9,35,"PELT",1,1,1,1,0.00177042255097228
"none",0.9,35,"SVP",1,1,1,1,0.00177042255097228
"none",0.9,35,"SVP (BIC)",1,1,1,1,0.00177042255097228
"none",0.9,36,"PELT",1,1,1,1,0.000176235960772107
"none",0.9,36,"SVP",1,1,1,1,0.000176235960772107
"none",0.9,36,"SVP (BIC)",1,1,1,1,0.000176235960772107
"none",0.9,37,"PELT",1,1,1,1,0.00111744956789338
"none",0.9,37,"SVP",1,1,1,1,0.00111744956789338
"none",0.9,37,"SVP (BIC)",1,1,1,1,0.00111744956789338
"none",0.9,38,"PELT",1,1,1,1,9.28951921096371e-05
"none",0.9,38,"SVP",1,1,1,1,9.28951921096371e-05
"none",0.9,38,"SVP (BIC)",1,1,1,1,9.28951921096371e-05
"none",0.9,39,"PELT",1,1,1,1,0.000468494743748948
"none",0.9,39,"SVP",1,1,1,1,0.000468494743748948
"none",0.9,39,"SVP (BIC)",1,1,1,1,0.000468494743748948
"none",0.9,40,"PELT",1,1,1,1,0.000740348611789111
"none",0.9,40,"SVP",1,1,1,1,0.000740348611789111
"none",0.9,40,"SVP (BIC)",1,1,1,1,0.000740348611789111
"none",0.9,41,"PELT",1,1,1,1,4.81592894733649e-05
"none",0.9,41,"SVP",1,1,1,1,4.81592894733649e-05
"none",0.9,41,"SVP (BIC)",1,1,1,1,4.81592894733649e-05
"none",0.9,42,"PELT",1,1,1,1,0.000560284470138695
"none",0.9,42,"SVP",1,1,1,1,0.000560284470138695
"none",0.9,42,"SVP (BIC)",1,1,1,1,0.000560284470138695
"none",0.9,43,"PELT",1,1,1,1,0.000132621494510094
"none",0.9,43,"SVP",1,1,1,1,0.000132621494510094
"none",0.9,43,"SVP (BIC)",1,1,1,1,0.000132621494510094
"none",0.9,44,"PELT",1,1,1,1,0.00204302885084751
"none",0.9,44,"SVP",1,1,1,1,0.00204302885084751
"none",0.9,44,"SVP (BIC)",1,1,1,1,0.00204302885084751
"none",0.9,45,"PELT",1,1,1,1,9.76841572672137e-06
"none",0.9,45,"SVP",1,1,1,1,9.76841572672137e-06
"none",0.9,45,"SVP (BIC)",1,1,1,1,9.76841572672137e-06
"none",0.9,46,"PELT",1,1,1,1,2.90409864391464e-05
"none",0.9,46,"SVP",1,1,1,1,2.90409864391464e-05
"none",0.9,46,"SVP (BIC)",1,1,1,1,2.90409864391464e-05
"none",0.9,47,"PELT",1,1,1,1,0.00010963829905765
"none",0.9,47,"SVP",1,1,1,1,0.00010963829905765
"none",0.9,47,"SVP (BIC)",1,1,1,1,0.00010963829905765
"none",0.9,48,"PELT",1,1,1,1,0.000416611282959166
"none",0.9,48,"SVP",1,1,1,1,0.000416611282959166
"none",0.9,48,"SVP (BIC)",1,1,1,1,0.000416611282959166
"none",0.9,49,"PELT",1,1,1,1,5.14083661273059e-07
"none",0.9,49,"SVP",1,1,1,1,5.14083661273059e-07
"none",0.9,49,"SVP (BIC)",1,1,1,1,5.14083661273059e-07
"none",0.9,50,"PELT",1,1,1,1,2.85389570553765e-06
"none",0.9,50,"SVP",1,1,1,1,2.85389570553765e-06
"none",0.9,50,"SVP (BIC)",1,1,1,1,2.85389570553765e-06
"none",0.9,51,"PELT",1,1,1,1,0.000565656688899164
"none",0.9,51,"SVP",1,1,1,1,0.000565656688899164
"none",0.9,51,"SVP (BIC)",1,1,1,1,0.000565656688899164
"none",0.9,52,"PELT",1,1,1,1,3.22050334554282e-06
"none",0.9,52,"SVP",1,1,1,1,3.22050334554282e-06
"none",0.9,52,"SVP (BIC)",1,1,1,1,3.22050334554282e-06
"none",0.9,53,"PELT",1,1,1,1,0.000105375246932913
"none",0.9,53,"SVP",1,1,1,1,0.000105375246932913
"none",0.9,53,"SVP (BIC)",1,1,1,1,0.000105375246932913
"none",0.9,54,"PELT",1,1,1,1,0.000376129913772511
"none",0.9,54,"SVP",1,1,1,1,0.000376129913772511
"none",0.9,54,"SVP (BIC)",1,1,1,1,0.000376129913772511
"none",0.9,55,"PELT",1,1,1,1,0.0012576590517531
"none",0.9,55,"SVP",1,1,1,1,0.0012576590517531
"none",0.9,55,"SVP (BIC)",1,1,1,1,0.0012576590517531
"none",0.9,56,"PELT",1,1,1,1,0.000607864568660465
"none",0.9,56,"SVP",1,1,1,1,0.000607864568660465
"none",0.9,56,"SVP (BIC)",1,1,1,1,0.000607864568660465
"none",0.9,57,"PELT",1,1,1,1,0.000635913202034832
"none",0.9,57,"SVP",1,1,1,1,0.000635913202034832
"none",0.9,57,"SVP (BIC)",1,1,1,1,0.000635913202034832
"none",0.9,58,"PELT",1,1,1,1,0.000113644716791286
"none",0.9,58,"SVP",1,1,1,1,0.000113644716791286
"none",0.9,58,"SVP (BIC)",1,1,1,1,0.000113644716791286
"none",0.9,59,"PELT",1,1,1,1,0.0033567118938915
"none",0.9,59,"SVP",1,1,1,1,0.0033567118938915
"none",0.9,59,"SVP (BIC)",1,1,1,1,0.0033567118938915
"none",0.9,60,"PELT",1,1,1,1,0.00024172303783338
"none",0.9,60,"SVP",1,1,1,1,0.00024172303783338
"none",0.9,60,"SVP (BIC)",1,1,1,1,0.00024172303783338
"none",0.9,61,"PELT",1,1,1,1,0.000386218536412819
"none",0.9,61,"SVP",1,1,1,1,0.000386218536412819
"none",0.9,61,"SVP (BIC)",1,1,1,1,0.000386218536412819
"none",0.9,62,"PELT",1,1,1,1,1.9360868361607e-05
"none",0.9,62,"SVP",1,1,1,1,1.9360868361607e-05
"none",0.9,62,"SVP (BIC)",1,1,1,1,1.9360868361607e-05
"none",0.9,63,"PELT",1,1,1,1,6.50012516609694e-05
"none",0.9,63,"SVP",1,1,1,1,6.50012516609694e-05
"none",0.9,63,"SVP (BIC)",1,1,1,1,6.50012516609694e-05
"none",0.9,64,"PELT",1,1,1,1,0.000879457823994077
"none",0.9,64,"SVP",1,1,1,1,0.000879457823994077
"none",0.9,64,"SVP (BIC)",1,1,1,1,0.000879457823994077
"none",0.9,65,"PELT",1,1,1,1,0.00221348926941447
"none",0.9,65,"SVP",1,1,1,1,0.00221348926941447
"none",0.9,65,"SVP (BIC)",1,1,1,1,0.00221348926941447
"none",0.9,66,"PELT",1,1,1,1,2.73260146938557e-05
"none",0.9,66,"SVP",1,1,1,1,2.73260146938557e-05
"none",0.9,66,"SVP (BIC)",1,1,1,1,2.73260146938557e-05
"none",0.9,67,"PELT",1,1,1,1,0.000722703360489094
"none",0.9,67,"SVP",1,1,1,1,0.000722703360489094
"none",0.9,67,"SVP (BIC)",1,1,1,1,0.000722703360489094
"none",0.9,68,"PELT",1,1,1,1,0.000367683197147061
"none",0.9,68,"SVP",1,1,1,1,0.000367683197147061
"none",0.9,68,"SVP (BIC)",1,1,1,1,0.000367683197147061
"none",0.9,69,"PELT",1,1,1,1,0.00513902502448157
"none",0.9,69,"SVP",1,1,1,1,0.00513902502448157
"none",0.9,69,"SVP (BIC)",1,1,1,1,0.00513902502448157
"none",0.9,70,"PELT",0.5,1,0.666666666666667,2,0.014461835471582
"none",0.9,70,"SVP",1,1,1,1,0.000638708227552295
"none",0.9,70,"SVP (BIC)",1,1,1,1,0.000638708227552295
"none",0.9,71,"PELT",1,1,1,1,0.000615180746647347
"none",0.9,71,"SVP",1,1,1,1,0.000615180746647347
"none",0.9,71,"SVP (BIC)",1,1,1,1,0.000615180746647347
"none",0.9,72,"PELT",1,1,1,1,0.000835874424750661
"none",0.9,72,"SVP",1,1,1,1,0.000835874424750661
"none",0.9,72,"SVP (BIC)",1,1,1,1,0.000835874424750661
"none",0.9,73,"PELT",1,1,1,1,4.9785180930431e-06
"none",0.9,73,"SVP",1,1,1,1,4.9785180930431e-06
"none",0.9,73,"SVP (BIC)",1,1,1,1,4.9785180930431e-06
"none",0.9,74,"PELT",1,1,1,1,0.00206861497684658
"none",0.9,74,"SVP",1,1,1,1,0.00206861497684658
"none",0.9,74,"SVP (BIC)",1,1,1,1,0.00206861497684658
"none",0.9,75,"PELT",1,1,1,1,0.000283777654367444
"none",0.9,75,"SVP",1,1,1,1,0.000283777654367444
"none",0.9,75,"SVP (BIC)",1,1,1,1,0.000283777654367444
"none",0.9,76,"PELT",1,1,1,1,0.000286674199586628
"none",0.9,76,"SVP",1,1,1,1,0.000286674199586628
"none",0.9,76,"SVP (BIC)",1,1,1,1,0.000286674199586628
"none",0.9,77,"PELT",1,1,1,1,0.000486812928667043
"none",0.9,77,"SVP",1,1,1,1,0.000486812928667043
"none",0.9,77,"SVP (BIC)",1,1,1,1,0.000486812928667043
"none",0.9,78,"PELT",1,1,1,1,0.000100930004481327
"none",0.9,78,"SVP",1,1,1,1,0.000100930004481327
"none",0.9,78,"SVP (BIC)",1,1,1,1,0.000100930004481327
"none",0.9,79,"PELT",1,1,1,1,0.000205101541959334
"none",0.9,79,"SVP",1,1,1,1,0.000205101541959334
"none",0.9,79,"SVP (BIC)",1,1,1,1,0.000205101541959334
"none",0.9,80,"PELT",1,1,1,1,0.000681645014019582
"none",0.9,80,"SVP",1,1,1,1,0.000681645014019582
"none",0.9,80,"SVP (BIC)",1,1,1,1,0.000681645014019582
"none",0.9,81,"PELT",1,1,1,1,0.000293618037668547
"none",0.9,81,"SVP",1,1,1,1,0.000293618037668547
"none",0.9,81,"SVP (BIC)",1,1,1,1,0.000293618037668547
"none",0.9,82,"PELT",1,1,1,1,0.000163749684974576
"none",0.9,82,"SVP",1,1,1,1,0.000163749684974576
"none",0.9,82,"SVP (BIC)",1,1,1,1,0.000163749684974576
"none",0.9,83,"PELT",1,1,1,1,0.00158119627264087
"none",0.9,83,"SVP",1,1,1,1,0.00158119627264087
"none",0.9,83,"SVP (BIC)",1,1,1,1,0.00158119627264087
"none",0.9,84,"PELT",1,1,1,1,0.0029455848010501
"none",0.9,84,"SVP",1,1,1,1,0.0029455848010501
"none",0.9,84,"SVP (BIC)",1,1,1,1,0.0029455848010501
"none",0.9,85,"PELT",1,1,1,1,0.000250575699800371
"none",0.9,85,"SVP",1,1,1,1,0.000250575699800371
"none",0.9,85,"SVP (BIC)",1,1,1,1,0.000250575699800371
"none",0.9,86,"PELT",1,1,1,1,9.58637378040393e-05
"none",0.9,86,"SVP",1,1,1,1,9.58637378040393e-05
"none",0.9,86,"SVP (BIC)",1,1,1,1,9.58637378040393e-05
"none",0.9,87,"PELT",1,1,1,1,0.00105895560930363
"none",0.9,87,"SVP",1,1,1,1,0.00105895560930363
"none",0.9,87,"SVP (BIC)",1,1,1,1,0.00105895560930363
"none",0.9,88,"PELT",1,1,1,1,0.000153321402535988
"none",0.9,88,"SVP",1,1,1,1,0.000153321402535988
"none",0.9,88,"SVP (BIC)",1,1,1,1,0.000153321402535988
"none",0.9,89,"PELT",1,1,1,1,0.000979949215306141
"none",0.9,89,"SVP",1,1,1,1,0.000979949215306141
"none",0.9,89,"SVP (BIC)",1,1,1,1,0.000979949215306141
"none",0.9,90,"PELT",1,1,1,1,0.00254641974021817
"none",0.9,90,"SVP",1,1,1,1,0.00254641974021817
"none",0.9,90,"SVP (BIC)",1,1,1,1,0.00254641974021817
"none",0.9,91,"PELT",1,1,1,1,0.00119739507244132
"none",0.9,91,"SVP",1,1,1,1,0.00119739507244132
"none",0.9,91,"SVP (BIC)",1,1,1,1,0.00119739507244132
"none",0.9,92,"PELT",1,1,1,1,4.50388237162673e-06
"none",0.9,92,"SVP",1,1,1,1,4.50388237162673e-06
"none",0.9,92,"SVP (BIC)",1,1,1,1,4.50388237162673e-06
"none",0.9,93,"PELT",1,1,1,1,0.00126597088685973
"none",0.9,93,"SVP",1,1,1,1,0.00126597088685973
"none",0.9,93,"SVP (BIC)",1,1,1,1,0.00126597088685973
"none",0.9,94,"PELT",1,1,1,1,0.000492370979495274
"none",0.9,94,"SVP",1,1,1,1,0.000492370979495274
"none",0.9,94,"SVP (BIC)",1,1,1,1,0.000492370979495274
"none",0.9,95,"PELT",1,1,1,1,0.000662393811991131
"none",0.9,95,"SVP",1,1,1,1,0.000662393811991131
"none",0.9,95,"SVP (BIC)",1,1,1,1,0.000662393811991131
"none",0.9,96,"PELT",1,1,1,1,8.38980549487479e-05
"none",0.9,96,"SVP",1,1,1,1,8.38980549487479e-05
"none",0.9,96,"SVP (BIC)",1,1,1,1,8.38980549487479e-05
"none",0.9,97,"PELT",1,1,1,1,4.25272683715689e-05
"none",0.9,97,"SVP",1,1,1,1,4.25272683715689e-05
"none",0.9,97,"SVP (BIC)",1,1,1,1,4.25272683715689e-05
"none",0.9,98,"PELT",1,1,1,1,0.00197584866709066
"none",0.9,98,"SVP",1,1,1,1,0.00197584866709066
"none",0.9,98,"SVP (BIC)",1,1,1,1,0.00197584866709066
"none",0.9,99,"PELT",1,1,1,1,0.000490946950386084
"none",0.9,99,"SVP",1,1,1,1,0.000490946950386084
"none",0.9,99,"SVP (BIC)",1,1,1,1,0.000490946950386084
"none",0.9,100,"PELT",1,1,1,1,0.00735054437287102
"none",0.9,100,"SVP",1,1,1,1,0.00735054437287102
"none",0.9,100,"SVP (BIC)",1,1,1,1,0.00735054437287102
"up",0.9,1,"PELT",0.625,0.625,0.625,8,0.0404932467560882
"up",0.9,1,"SVP",0.625,0.625,0.625,8,0.0404932467560882
"up",0.9,1,"SVP (BIC)",0.666666666666667,0.5,0.571428571428572,6,0.156578393540291
"up",0.9,2,"PELT",0.625,0.625,0.625,8,0.029445199833017
"up",0.9,2,"SVP",0.625,0.625,0.625,8,0.029445199833017
"up",0.9,2,"SVP (BIC)",0.571428571428571,0.5,0.533333333333333,7,0.0866204674754959
"up",0.9,3,"PELT",0.75,0.75,0.75,8,0.0113131458793574
"up",0.9,3,"SVP",0.75,0.75,0.75,8,0.0113131458793574
"up",0.9,3,"SVP (BIC)",0.75,0.75,0.75,8,0.0113131458793574
"up",0.9,4,"PELT",0.75,0.75,0.75,8,0.0165644019598886
"up",0.9,4,"SVP",0.75,0.75,0.75,8,0.0165644019598886
"up",0.9,4,"SVP (BIC)",0.571428571428571,0.5,0.533333333333333,7,0.0893929144589572
"up",0.9,5,"PELT",0.625,0.625,0.625,8,0.0306298659883165
"up",0.9,5,"SVP",0.625,0.625,0.625,8,0.0306298659883165
"up",0.9,5,"SVP (BIC)",0.166666666666667,0.125,0.142857142857143,6,0.170324120782936
"up",0.9,6,"PELT",0.375,0.375,0.375,8,0.034996694601245
"up",0.9,6,"SVP",0.285714285714286,0.25,0.266666666666667,7,0.11812238809322
"up",0.9,6,"SVP (BIC)",0.5,0.375,0.428571428571429,6,0.152132452753051
"up",0.9,7,"PELT",0.75,0.75,0.75,8,0.0280561728119412
"up",0.9,7,"SVP",0.75,0.75,0.75,8,0.0280561728119412
"up",0.9,7,"SVP (BIC)",0.75,0.75,0.75,8,0.0280561728119412
"up",0.9,8,"PELT",0.875,0.875,0.875,8,0.0184221988557075
"up",0.9,8,"SVP",0.714285714285714,0.625,0.666666666666667,7,0.0809221364434375
"up",0.9,8,"SVP (BIC)",0.857142857142857,0.75,0.8,7,0.0714532907838229
"up",0.9,9,"PELT",0.375,0.375,0.375,8,0.0361980197807909
"up",0.9,9,"SVP",0.428571428571429,0.375,0.4,7,0.0757431815408439
"up",0.9,9,"SVP (BIC)",0.428571428571429,0.375,0.4,7,0.0757431815408439
"up",0.9,10,"PELT",0.333333333333333,0.375,0.352941176470588,9,0.0917117824575788
"up",0.9,10,"SVP",0.375,0.375,0.375,8,0.0610481874797901
"up",0.9,10,"SVP (BIC)",0.333333333333333,0.25,0.285714285714286,6,0.153013419503159
"up",0.9,11,"PELT",0.625,0.625,0.625,8,0.0289841826359553
"up",0.9,11,"SVP",0.571428571428571,0.5,0.533333333333333,7,0.0718155107899219
"up",0.9,11,"SVP (BIC)",0.166666666666667,0.125,0.142857142857143,6,0.162596371171084
"up",0.9,12,"PELT",0.625,0.625,0.625,8,0.0364644308042696
"up",0.9,12,"SVP",0.714285714285714,0.625,0.666666666666667,7,0.0732213274322481
"up",0.9,12,"SVP (BIC)",0.714285714285714,0.625,0.666666666666667,7,0.0732213274322481
"up",0.9,13,"PELT",0.75,0.75,0.75,8,0.0379038733096213
"up",0.9,13,"SVP",0.75,0.75,0.75,8,0.0379038733096213
"up",0.9,13,"SVP (BIC)",0.75,0.75,0.75,8,0.0379038733096213
"up",0.9,14,"PELT",0.375,0.375,0.375,8,0.0442718819014369
"up",0.9,14,"SVP",0.375,0.375,0.375,8,0.0442718819014369
"up",0.9,14,"SVP (BIC)",0.285714285714286,0.25,0.266666666666667,7,0.085785485559346
"up",0.9,15,"PELT",0.625,0.625,0.625,8,0.0413554299674655
"up",0.9,15,"SVP",0.428571428571429,0.375,0.4,7,0.104441746863553
"up",0.9,15,"SVP (BIC)",0.333333333333333,0.25,0.285714285714286,6,0.171878153388839
"up",0.9,16,"PELT",0.875,0.875,0.875,8,0.0100232378799051
"up",0.9,16,"SVP",0.875,0.875,0.875,8,0.0100232378799051
"up",0.9,16,"SVP (BIC)",0.875,0.875,0.875,8,0.0100232378799051
"up",0.9,17,"PELT",0.75,0.75,0.75,8,0.0199599675806899
"up",0.9,17,"SVP",0.75,0.75,0.75,8,0.0199599675806899
"up",0.9,17,"SVP (BIC)",0.571428571428571,0.5,0.533333333333333,7,0.0803214247133356
"up",0.9,18,"PELT",0.5,0.5,0.5,8,0.0371496340322551
"up",0.9,18,"SVP",0.285714285714286,0.25,0.266666666666667,7,0.0778612766052424
"up",0.9,18,"SVP (BIC)",0.5,0.375,0.428571428571429,6,0.135652443596977
"up",0.9,19,"PELT",0.5,0.5,0.5,8,0.0593531499768116
"up",0.9,19,"SVP",0.5,0.5,0.5,8,0.0593531499768116
"up",0.9,19,"SVP (BIC)",0.285714285714286,0.25,0.266666666666667,7,0.0912940776041625
"up",0.9,20,"PELT",0.375,0.375,0.375,8,0.0301497905633534
"up",0.9,20,"SVP",0.285714285714286,0.25,0.266666666666667,7,0.103383759278221
"up",0.9,20,"SVP (BIC)",0.333333333333333,0.25,0.285714285714286,6,0.143848332989302
"up",0.9,21,"PELT",0.375,0.375,0.375,8,0.0330340494101432
"up",0.9,21,"SVP",0.375,0.375,0.375,8,0.0330340494101432
"up",0.9,21,"SVP (BIC)",0.285714285714286,0.25,0.266666666666667,7,0.079866736494771
"up",0.9,22,"PELT",0.625,0.625,0.625,8,0.02889606798306
"up",0.9,22,"SVP",0.428571428571429,0.375,0.4,7,0.0889470704358429
"up",0.9,22,"SVP (BIC)",0.5,0.375,0.428571428571429,6,0.143674858719058
"up",0.9,23,"PELT",0.625,0.625,0.625,8,0.0280441292507475
"up",0.9,23,"SVP",0.571428571428571,0.5,0.533333333333333,7,0.090696991603714
"up",0.9,23,"SVP (BIC)",0.5,0.375,0.428571428571429,6,0.131048781390988
"up",0.9,24,"PELT",0.5,0.5,0.5,8,0.0294344744010191
"up",0.9,24,"SVP",0.5,0.5,0.5,8,0.0294344744010191
"up",0.9,24,"SVP (BIC)",0.428571428571429,0.375,0.4,7,0.0844940342404609
"up",0.9,25,"PELT",0.75,0.75,0.75,8,0.0381580546604532
"up",0.9,25,"SVP",0.714285714285714,0.625,0.666666666666667,7,0.0897783136214577
"up",0.9,25,"SVP (BIC)",0.714285714285714,0.625,0.666666666666667,7,0.0897773850546428
"up",0.9,26,"PELT",0.875,0.875,0.875,8,0.0152569316612153
"up",0.9,26,"SVP",0.875,0.875,0.875,8,0.0152569316612153
"up",0.9,26,"SVP (BIC)",0.666666666666667,0.5,0.571428571428572,6,0.127796130029614
"up",0.9,27,"PELT",0.75,0.75,0.75,8,0.0124562506099551
"up",0.9,27,"SVP",0.75,0.75,0.75,8,0.0124562506099551
"up",0.9,27,"SVP (BIC)",0.571428571428571,0.5,0.533333333333333,7,0.0761273466263614
"up",0.9,28,"PELT",0.375,0.375,0.375,8,0.0743281317177207
"up",0.9,28,"SVP",0.375,0.375,0.375,8,0.0743281317177207
"up",0.9,28,"SVP (BIC)",0.333333333333333,0.25,0.285714285714286,6,0.163266961920481
"up",0.9,29,"PELT",0.625,0.625,0.625,8,0.03010855890586
"up",0.9,29,"SVP",0.571428571428571,0.5,0.533333333333333,7,0.0902708856095137
"up",0.9,29,"SVP (BIC)",0.333333333333333,0.25,0.285714285714286,6,0.150632067494829
"up",0.9,30,"PELT",0.75,0.75,0.75,8,0.0458314041039423
"up",0.9,30,"SVP",0.75,0.75,0.75,8,0.0458314041039423
"up",0.9,30,"SVP (BIC)",0.714285714285714,0.625,0.666666666666667,7,0.0906984162709444
"up",0.9,31,"PELT",0.5,0.5,0.5,8,0.0362288098266545
"up",0.9,31,"SVP",0.571428571428571,0.5,0.533333333333333,7,0.0760031758871305
"up",0.9,31,"SVP (BIC)",0.666666666666667,0.5,0.571428571428572,6,0.114819852375571
"up",0.9,32,"PELT",0.5,0.5,0.5,8,0.029919540465047
"up",0.9,32,"SVP",0.5,0.5,0.5,8,0.029919540465047
"up",0.9,32,"SVP (BIC)",0.285714285714286,0.25,0.266666666666667,7,0.089978362736689
"up",0.9,33,"PELT",0.75,0.75,0.75,8,0.0112980267600138
"up",0.9,33,"SVP",0.75,0.75,0.75,8,0.0112980267600138
"up",0.9,33,"SVP (BIC)",0.714285714285714,0.625,0.666666666666667,7,0.0774216354800774
"up",0.9,34,"PELT",0.555555555555556,0.625,0.588235294117647,9,0.0405281204075154
"up",0.9,34,"SVP",0.625,0.625,0.625,8,0.0244567398806397
"up",0.9,34,"SVP (BIC)",0.428571428571429,0.375,0.4,7,0.09308720122611
"up",0.9,35,"PELT",0.875,0.875,0.875,8,0.00884657874076612
"up",0.9,35,"SVP",0.875,0.875,0.875,8,0.00884657874076612
"up",0.9,35,"SVP (BIC)",0.875,0.875,0.875,8,0.00884657874076612
"up",0.9,36,"PELT",0.875,0.875,0.875,8,0.0269660459059753
"up",0.9,36,"SVP",0.571428571428571,0.5,0.533333333333333,7,0.109702979253865
"up",0.9,36,"SVP (BIC)",0.5,0.375,0.428571428571429,6,0.15388859311295
"up",0.9,37,"PELT",0.875,0.875,0.875,8,0.0131073139817037
"up",0.9,37,"SVP",0.875,0.875,0.875,8,0.0131073139817037
"up",0.9,37,"SVP (BIC)",0.428571428571429,0.375,0.4,7,0.104692420457088
"up",0.9,38,"PELT",0.5,0.5,0.5,8,0.0440204623579221
"up",0.9,38,"SVP",0.5,0.5,0.5,8,0.0440204623579221
"up",0.9,38,"SVP (BIC)",0.428571428571429,0.375,0.4,7,0.0881549218520331
"up",0.9,39,"PELT",0.75,0.75,0.75,8,0.0305826584086443
"up",0.9,39,"SVP",0.75,0.75,0.75,8,0.0305826584086443
"up",0.9,39,"SVP (BIC)",0.666666666666667,0.5,0.571428571428572,6,0.1397252955174
"up",0.9,40,"PELT",0.5,0.5,0.5,8,0.0272805727785963
"up",0.9,40,"SVP",0.5,0.5,0.5,8,0.0272805727785963
"up",0.9,40,"SVP (BIC)",0.428571428571429,0.375,0.4,7,0.081636482836683
"up",0.9,41,"PELT",0.5,0.5,0.5,8,0.0323644016321084
"up",0.9,41,"SVP",0.285714285714286,0.25,0.266666666666667,7,0.108925290338391
"up",0.9,41,"SVP (BIC)",0.333333333333333,0.25,0.285714285714286,6,0.144635617260162
"up",0.9,42,"PELT",0.625,0.625,0.625,8,0.030052029899006
"up",0.9,42,"SVP",0.625,0.625,0.625,8,0.030052029899006
"up",0.9,42,"SVP (BIC)",0.666666666666667,0.5,0.571428571428572,6,0.139724457128982
"up",0.9,43,"PELT",0.444444444444444,0.5,0.470588235294118,9,0.0661086521225435
"up",0.9,43,"SVP",0.5,0.5,0.5,8,0.0498584515173806
"up",0.9,43,"SVP (BIC)",0.285714285714286,0.25,0.266666666666667,7,0.104411734978121
"up",0.9,44,"PELT",0.75,0.75,0.75,8,0.0205705601865466
"up",0.9,44,"SVP",0.75,0.75,0.75,8,0.0205705601865466
"up",0.9,44,"SVP (BIC)",0.75,0.75,0.75,8,0.0205705601865466
"up",0.9,45,"PELT",0.625,0.625,0.625,8,0.0256201792915668
"up",0.9,45,"SVP",0.625,0.625,0.625,8,0.0256201792915668
"up",0.9,45,"SVP (BIC)",0.714285714285714,0.625,0.666666666666667,7,0.090990884532115
"up",0.9,46,"PELT",0.5,0.5,0.5,8,0.0304112695896604
"up",0.9,46,"SVP",0.5,0.5,0.5,8,0.0304112695896604
"up",0.9,46,"SVP (BIC)",0.333333333333333,0.25,0.285714285714286,6,0.14390574573266
"up",0.9,47,"PELT",0.625,0.625,0.625,8,0.0295891942303706
"up",0.9,47,"SVP",0.625,0.625,0.625,8,0.0295891942303706
"up",0.9,47,"SVP (BIC)",0.333333333333333,0.25,0.285714285714286,6,0.165191843922167
"up",0.9,48,"PELT",0.875,0.875,0.875,8,0.0135232291968807
"up",0.9,48,"SVP",0.875,0.875,0.875,8,0.0135232291968807
"up",0.9,48,"SVP (BIC)",0.714285714285714,0.625,0.666666666666667,7,0.0834924507605349
"up",0.9,49,"PELT",0.666666666666667,0.75,0.705882352941177,9,0.0354504706911583
"up",0.9,49,"SVP",0.875,0.875,0.875,8,0.0119740359016941
"up",0.9,49,"SVP (BIC)",0.875,0.875,0.875,8,0.0119740359016941
"up",0.9,50,"PELT",0.75,0.75,0.75,8,0.0199019495770757
"up",0.9,50,"SVP",0.75,0.75,0.75,8,0.0199019495770757
"up",0.9,50,"SVP (BIC)",0.714285714285714,0.625,0.666666666666667,7,0.0802576463836472
"up",0.9,51,"PELT",0.75,0.75,0.75,8,0.0252192117751975
"up",0.9,51,"SVP",0.75,0.75,0.75,8,0.0252192117751975
"up",0.9,51,"SVP (BIC)",0.571428571428571,0.5,0.533333333333333,7,0.0858388358379841
"up",0.9,52,"PELT",0.875,0.875,0.875,8,0.0140513928865358
"up",0.9,52,"SVP",0.875,0.875,0.875,8,0.0140513928865358
"up",0.9,52,"SVP (BIC)",0.5,0.375,0.428571428571429,6,0.14176821843889
"up",0.9,53,"PELT",0.625,0.625,0.625,8,0.0204969827004351
"up",0.9,53,"SVP",0.625,0.625,0.625,8,0.0204969827004351
"up",0.9,53,"SVP (BIC)",0.5,0.375,0.428571428571429,6,0.150814917758039
"up",0.9,54,"PELT",0.375,0.375,0.375,8,0.0376173836155626
"up",0.9,54,"SVP",0.375,0.375,0.375,8,0.0376173836155626
"up",0.9,54,"SVP (BIC)",0.285714285714286,0.25,0.266666666666667,7,0.100722412148696
"up",0.9,55,"PELT",0.5,0.5,0.5,8,0.0255930730733186
"up",0.9,55,"SVP",0.428571428571429,0.375,0.4,7,0.099022068471135
"up",0.9,55,"SVP (BIC)",0.428571428571429,0.375,0.4,7,0.0847431624801636
"up",0.9,56,"PELT",0.625,0.625,0.625,8,0.0270067227505727
"up",0.9,56,"SVP",0.625,0.625,0.625,8,0.0270067227505727
"up",0.9,56,"SVP (BIC)",0.625,0.625,0.625,8,0.0270067227505727
"up",0.9,57,"PELT",0.5,0.5,0.5,8,0.054638115138012
"up",0.9,57,"SVP",0.25,0.25,0.25,8,0.118940878016665
"up",0.9,57,"SVP (BIC)",0.333333333333333,0.25,0.285714285714286,6,0.15679880706046
"up",0.9,58,"PELT",0.625,0.625,0.625,8,0.0325263632290679
"up",0.9,58,"SVP",0.625,0.625,0.625,8,0.0325263632290679
"up",0.9,58,"SVP (BIC)",0.333333333333333,0.25,0.285714285714286,6,0.135372687038091
"up",0.9,59,"PELT",0.5,0.5,0.5,8,0.0745319315547702
"up",0.9,59,"SVP",0.571428571428571,0.5,0.533333333333333,7,0.111074969620055
"up",0.9,59,"SVP (BIC)",0.571428571428571,0.5,0.533333333333333,7,0.107307227480006
"up",0.9,60,"PELT",0.75,0.75,0.75,8,0.0198782088763285
"up",0.9,60,"SVP",0.571428571428571,0.5,0.533333333333333,7,0.081731574200472
"up",0.9,60,"SVP (BIC)",0.666666666666667,0.5,0.571428571428572,6,0.133501998280381
"up",0.9,61,"PELT",0.375,0.375,0.375,8,0.0299126575023788
"up",0.9,61,"SVP",0.285714285714286,0.25,0.266666666666667,7,0.115055420066512
"up",0.9,61,"SVP (BIC)",0.428571428571429,0.375,0.4,7,0.0871030820467418
"up",0.9,62,"PELT",0.625,0.625,0.625,8,0.0213680447081597
"up",0.9,62,"SVP",0.625,0.625,0.625,8,0.0213680447081597
"up",0.9,62,"SVP (BIC)",0.428571428571429,0.375,0.4,7,0.100859281385111
"up",0.9,63,"PELT",0.5,0.5,0.5,8,0.0481081499899263
"up",0.9,63,"SVP",0.428571428571429,0.375,0.4,7,0.0934026195709602
"up",0.9,63,"SVP (BIC)",0.428571428571429,0.375,0.4,7,0.0893391374867581
"up",0.9,64,"PELT",0.5,0.5,0.5,8,0.0308123308466142
"up",0.9,64,"SVP",0.285714285714286,0.25,0.266666666666667,7,0.0834993643049595
"up",0.9,64,"SVP (BIC)",0.571428571428571,0.5,0.533333333333333,7,0.0733511802527571
"up",0.9,65,"PELT",0.875,0.875,0.875,8,0.0157430604813493
"up",0.9,65,"SVP",0.875,0.875,0.875,8,0.0157430604813493
"up",0.9,65,"SVP (BIC)",0.714285714285714,0.625,0.666666666666667,7,0.0760551926404933
"up",0.9,66,"PELT",0.222222222222222,0.25,0.235294117647059,9,0.0618909682908377
"up",0.9,66,"SVP",0.25,0.25,0.25,8,0.0375961856343022
"up",0.9,66,"SVP (BIC)",0.428571428571429,0.375,0.4,7,0.082164693063825
"up",0.9,67,"PELT",0.375,0.375,0.375,8,0.049815307888597
"up",0.9,67,"SVP",0.285714285714286,0.25,0.266666666666667,7,0.0950418858045432
"up",0.9,67,"SVP (BIC)",0.333333333333333,0.25,0.285714285714286,6,0.158626504364882
"up",0.9,68,"PELT",0.5,0.5,0.5,8,0.0321531340006374
"up",0.9,68,"SVP",0.571428571428571,0.5,0.533333333333333,7,0.0861455069696178
"up",0.9,68,"SVP (BIC)",0.5,0.375,0.428571428571429,6,0.136855227571992
"up",0.9,69,"PELT",0.625,0.625,0.625,8,0.0312764570686698
"up",0.9,69,"SVP",0.625,0.625,0.625,8,0.0312764570686698
"up",0.9,69,"SVP (BIC)",0.428571428571429,0.375,0.4,7,0.0765614413833176
"up",0.9,70,"PELT",0.5,0.5,0.5,8,0.02196800680826
"up",0.9,70,"SVP",0.5,0.5,0.5,8,0.02196800680826
"up",0.9,70,"SVP (BIC)",0.285714285714286,0.25,0.266666666666667,7,0.0902177549419027
"up",0.9,71,"PELT",0.75,0.75,0.75,8,0.0218210227516389
"up",0.9,71,"SVP",0.75,0.75,0.75,8,0.0218210227516389
"up",0.9,71,"SVP (BIC)",0.333333333333333,0.25,0.285714285714286,6,0.146832013565887
"up",0.9,72,"PELT",0.875,0.875,0.875,8,0.0111236058857059
"up",0.9,72,"SVP",0.875,0.875,0.875,8,0.0111236058857059
"up",0.9,72,"SVP (BIC)",0.571428571428571,0.5,0.533333333333333,7,0.0826283551322071
"up",0.9,73,"PELT",0.5,0.5,0.5,8,0.0407329701485975
"up",0.9,73,"SVP",0.571428571428571,0.5,0.533333333333333,7,0.08480074362034
"up",0.9,73,"SVP (BIC)",0.333333333333333,0.25,0.285714285714286,6,0.162668454207996
"up",0.9,74,"PELT",0.625,0.625,0.625,8,0.0321481585777933
"up",0.9,74,"SVP",0.625,0.625,0.625,8,0.0321481585777933
"up",0.9,74,"SVP (BIC)",0.714285714285714,0.625,0.666666666666667,7,0.0847149785426993
"up",0.9,75,"PELT",0.375,0.375,0.375,8,0.0351420980652555
"up",0.9,75,"SVP",0.375,0.375,0.375,8,0.0351420980652555
"up",0.9,75,"SVP (BIC)",0.333333333333333,0.25,0.285714285714286,6,0.163479012633647
"up",0.9,76,"PELT",0.625,0.625,0.625,8,0.0288650244637584
"up",0.9,76,"SVP",0.625,0.625,0.625,8,0.0288650244637584
"up",0.9,76,"SVP (BIC)",0.833333333333333,0.625,0.714285714285714,6,0.126845661266747
"up",0.9,77,"PELT",0.5,0.5,0.5,8,0.0314451546073535
"up",0.9,77,"SVP",0.5,0.5,0.5,8,0.0314451546073535
"up",0.9,77,"SVP (BIC)",0.428571428571429,0.375,0.4,7,0.097130138437923
"up",0.9,78,"PELT",0.25,0.25,0.25,8,0.0582202461667969
"up",0.9,78,"SVP",0.25,0.25,0.25,8,0.0582202461667969
"up",0.9,78,"SVP (BIC)",0.285714285714286,0.25,0.266666666666667,7,0.11482305667115
"up",0.9,79,"PELT",0.625,0.625,0.625,8,0.0381822598677947
"up",0.9,79,"SVP",0.857142857142857,0.75,0.8,7,0.0730000795676544
"up",0.9,79,"SVP (BIC)",0.857142857142857,0.75,0.8,7,0.0730000795676544
"up",0.9,80,"PELT",0.5,0.5,0.5,8,0.0366266341708033
"up",0.9,80,"SVP",0.5,0.5,0.5,8,0.0366266341708033
"up",0.9,80,"SVP (BIC)",0.285714285714286,0.25,0.266666666666667,7,0.10437960307565
"up",0.9,81,"PELT",0.625,0.625,0.625,8,0.0263135228852576
"up",0.9,81,"SVP",0.625,0.625,0.625,8,0.0263135228852576
"up",0.9,81,"SVP (BIC)",0.571428571428571,0.5,0.533333333333333,7,0.068668747192625
"up",0.9,82,"PELT",0.625,0.625,0.625,8,0.0283688133155277
"up",0.9,82,"SVP",0.428571428571429,0.375,0.4,7,0.0733892620542972
"up",0.9,82,"SVP (BIC)",0.5,0.375,0.428571428571429,6,0.139527122021538
"up",0.9,83,"PELT",0.875,0.875,0.875,8,0.0152868207695446
"up",0.9,83,"SVP",0.875,0.875,0.875,8,0.0152868207695446
"up",0.9,83,"SVP (BIC)",0.857142857142857,0.75,0.8,7,0.0690319918697679
"up",0.9,84,"PELT",0.875,0.875,0.875,8,0.0160543964121935
"up",0.9,84,"SVP",0.875,0.875,0.875,8,0.0160543964121935
"up",0.9,84,"SVP (BIC)",0.875,0.875,0.875,8,0.0160543964121935
"up",0.9,85,"PELT",0.75,0.75,0.75,8,0.0128278892147631
"up",0.9,85,"SVP",0.75,0.75,0.75,8,0.0128278892147631
"up",0.9,85,"SVP (BIC)",0.571428571428571,0.5,0.533333333333333,7,0.0836134657372875
"up",0.9,86,"PELT",0.75,0.75,0.75,8,0.0363388731235763
"up",0.9,86,"SVP",0.75,0.75,0.75,8,0.0363388731235763
"up",0.9,86,"SVP (BIC)",0.75,0.75,0.75,8,0.0363388731235763
"up",0.9,87,"PELT",0.75,0.75,0.75,8,0.0222351372543884
"up",0.9,87,"SVP",0.75,0.75,0.75,8,0.0222351372543884
"up",0.9,87,"SVP (BIC)",0.571428571428571,0.5,0.533333333333333,7,0.0843498022142962
"up",0.9,88,"PELT",0.125,0.125,0.125,8,0.0662060933224436
"up",0.9,88,"SVP",0.125,0.125,0.125,8,0.0662060933224436
"up",0.9,88,"SVP (BIC)",0.125,0.125,0.125,8,0.0662060933224436
"up",0.9,89,"PELT",0.375,0.375,0.375,8,0.0414313774427722
"up",0.9,89,"SVP",0.375,0.375,0.375,8,0.0414313774427722
"up",0.9,89,"SVP (BIC)",0.285714285714286,0.25,0.266666666666667,7,0.104524917302494
"up",0.9,90,"PELT",0.375,0.375,0.375,8,0.0576106874575187
"up",0.9,90,"SVP",0.285714285714286,0.25,0.266666666666667,7,0.10983578976303
"up",0.9,90,"SVP (BIC)",0.285714285714286,0.25,0.266666666666667,7,0.0988700996948448
"up",0.9,91,"PELT",0.625,0.625,0.625,8,0.0231079829634864
"up",0.9,91,"SVP",0.428571428571429,0.375,0.4,7,0.110621596692981
"up",0.9,91,"SVP (BIC)",0.5,0.375,0.428571428571429,6,0.159393614478398
"up",0.9,92,"PELT",0.75,0.75,0.75,8,0.0171814086494652
"up",0.9,92,"SVP",0.75,0.75,0.75,8,0.0171814086494652
"up",0.9,92,"SVP (BIC)",0.75,0.75,0.75,8,0.0171814086494652
"up",0.9,93,"PELT",0.75,0.75,0.75,8,0.0325308695780454
"up",0.9,93,"SVP",0.75,0.75,0.75,8,0.0325308695780454
"up",0.9,93,"SVP (BIC)",0.5,0.375,0.428571428571429,6,0.157525936200523
"up",0.9,94,"PELT",0.375,0.375,0.375,8,0.0651593779107034
"up",0.9,94,"SVP",0.375,0.375,0.375,8,0.0651593779107034
"up",0.9,94,"SVP (BIC)",0.285714285714286,0.25,0.266666666666667,7,0.124695398358878
"up",0.9,95,"PELT",0.75,0.75,0.75,8,0.0330282302418807
"up",0.9,95,"SVP",0.75,0.75,0.75,8,0.0330282302418807
"up",0.9,95,"SVP (BIC)",0.75,0.75,0.75,8,0.0330282302418807
"up",0.9,96,"PELT",0.5,0.5,0.5,8,0.0505701436677254
"up",0.9,96,"SVP",0.428571428571429,0.375,0.4,7,0.0921211958248534
"up",0.9,96,"SVP (BIC)",0.5,0.375,0.428571428571429,6,0.133770118786529
"up",0.9,97,"PELT",0.625,0.625,0.625,8,0.0265506847477417
"up",0.9,97,"SVP",0.625,0.625,0.625,8,0.0265506847477417
"up",0.9,97,"SVP (BIC)",0.428571428571429,0.375,0.4,7,0.0891923909413034
"up",0.9,98,"PELT",0.375,0.375,0.375,8,0.0449230685987636
"up",0.9,98,"SVP",0.285714285714286,0.25,0.266666666666667,7,0.0995532395022606
"up",0.9,98,"SVP (BIC)",0.285714285714286,0.25,0.266666666666667,7,0.0995532395022606
"up",0.9,99,"PELT",0.5,0.5,0.5,8,0.0289353907424464
"up",0.9,99,"SVP",0.5,0.5,0.5,8,0.0289353907424464
"up",0.9,99,"SVP (BIC)",0.833333333333333,0.625,0.714285714285714,6,0.12180170765916
"up",0.9,100,"PELT",0.5,0.5,0.5,8,0.0531609307384396
"up",0.9,100,"SVP",0.5,0.5,0.5,8,0.0531609307384396
"up",0.9,100,"SVP (BIC)",0.571428571428571,0.5,0.533333333333333,7,0.0979386735048696
"updown",0.9,1,"PELT",1,1,1,8,0.0162214007126693
"updown",0.9,1,"SVP",1,1,1,8,0.0162214007126693
"updown",0.9,1,"SVP (BIC)",1,1,1,8,0.0162214007126693
"updown",0.9,2,"PELT",0.5,0.5,0.5,8,0.0539294366888593
"updown",0.9,2,"SVP",0.333333333333333,0.25,0.285714285714286,6,0.115298920381762
"updown",0.9,2,"SVP (BIC)",0.5,0.25,0.333333333333333,4,0.148254997039104
"updown",0.9,3,"PELT",0.375,0.375,0.375,8,0.0575978911540043
"updown",0.9,3,"SVP",0.428571428571429,0.375,0.4,7,0.0741239528384972
"updown",0.9,3,"SVP (BIC)",0.333333333333333,0.25,0.285714285714286,6,0.0903308429881257
"updown",0.9,4,"PELT",0.75,0.75,0.75,8,0.0177305075515683
"updown",0.9,4,"SVP",0.75,0.75,0.75,8,0.0177305075515683
"updown",0.9,4,"SVP (BIC)",0.571428571428571,0.5,0.533333333333333,7,0.0797324747922269
"updown",0.9,5,"PELT",1,1,1,8,0.0101472608440832
"updown",0.9,5,"SVP",1,1,1,8,0.0101472608440832
"updown",0.9,5,"SVP (BIC)",0.666666666666667,0.5,0.571428571428572,6,0.085382436745927
"updown",0.9,6,"PELT",0.75,0.75,0.75,8,0.0268078564591967
"updown",0.9,6,"SVP",0.75,0.75,0.75,8,0.0268078564591967
"updown",0.9,6,"SVP (BIC)",0.333333333333333,0.125,0.181818181818182,3,0.171921080095705
"updown",0.9,7,"PELT",0.75,0.75,0.75,8,0.0340183589672124
"updown",0.9,7,"SVP",0.75,0.75,0.75,8,0.0340183589672124
"updown",0.9,7,"SVP (BIC)",0.75,0.75,0.75,8,0.0340183589672124
"updown",0.9,8,"PELT",0.75,0.75,0.75,8,0.0345449863333411
"updown",0.9,8,"SVP",0.571428571428571,0.5,0.533333333333333,7,0.0776516920833194
"updown",0.9,8,"SVP (BIC)",0.5,0.25,0.333333333333333,4,0.150863643592194
"updown",0.9,9,"PELT",0.625,0.625,0.625,8,0.0317578169156056
"updown",0.9,9,"SVP",0.5,0.375,0.428571428571429,6,0.0906559826667679
"updown",0.9,9,"SVP (BIC)",0.2,0.125,0.153846153846154,5,0.183376508496732
"updown",0.9,10,"PELT",0.625,0.625,0.625,8,0.0290386747608519
"updown",0.9,10,"SVP",0.625,0.625,0.625,8,0.0290386747608519
"updown",0.9,10,"SVP (BIC)",0.625,0.625,0.625,8,0.0290386747608519
"updown",0.9,11,"PELT",0.5,0.5,0.5,8,0.0248787662437998
"updown",0.9,11,"SVP",0.428571428571429,0.375,0.4,7,0.0722744650126812
"updown",0.9,11,"SVP (BIC)",0.666666666666667,0.5,0.571428571428572,6,0.0810386975249288
"updown",0.9,12,"PELT",0.875,0.875,0.875,8,0.0142088063180166
"updown",0.9,12,"SVP",0.875,0.875,0.875,8,0.0142088063180166
"updown",0.9,12,"SVP (BIC)",0.333333333333333,0.25,0.285714285714286,6,0.137095896933532
"updown",0.9,13,"PELT",0.25,0.25,0.25,8,0.0381369426784711
"updown",0.9,13,"SVP",0.142857142857143,0.125,0.133333333333333,7,0.0999235601050304
"updown",0.9,13,"SVP (BIC)",0.25,0.125,0.166666666666667,4,0.145294968196238
"updown",0.9,14,"PELT",0.5,0.5,0.5,8,0.0384864482498614
"updown",0.9,14,"SVP",0.5,0.5,0.5,8,0.0384864482498614
"updown",0.9,14,"SVP (BIC)",0.5,0.375,0.428571428571429,6,0.126590859507213
"updown",0.9,15,"PELT",0.625,0.625,0.625,8,0.0285061092862041
"updown",0.9,15,"SVP",0.625,0.625,0.625,8,0.0285061092862041
"updown",0.9,15,"SVP (BIC)",0.625,0.625,0.625,8,0.0285061092862041
"updown",0.9,16,"PELT",0.375,0.375,0.375,8,0.0331920228966859
"updown",0.9,16,"SVP",0.375,0.375,0.375,8,0.0331920228966859
"updown",0.9,16,"SVP (BIC)",0.375,0.375,0.375,8,0.0331920228966859
"updown",0.9,17,"PELT",0.5,0.5,0.5,8,0.0374185655529841
"updown",0.9,17,"SVP",0.5,0.5,0.5,8,0.0374185655529841
"updown",0.9,17,"SVP (BIC)",0.4,0.25,0.307692307692308,5,0.137234022428235
"updown",0.9,18,"PELT",0.25,0.25,0.25,8,0.0766321538884769
"updown",0.9,18,"SVP",0.333333333333333,0.25,0.285714285714286,6,0.121224699916041
"updown",0.9,18,"SVP (BIC)",0.333333333333333,0.125,0.181818181818182,3,0.204053973429207
"updown",0.9,19,"PELT",0.5,0.5,0.5,8,0.0565863501986269
"updown",0.9,19,"SVP",0.5,0.5,0.5,8,0.0565863501986269
"updown",0.9,19,"SVP (BIC)",0.571428571428571,0.5,0.533333333333333,7,0.0888061889807608
"updown",0.9,20,"PELT",0.375,0.375,0.375,8,0.0377512469478583
"updown",0.9,20,"SVP",0.375,0.375,0.375,8,0.0377512469478583
"updown",0.9,20,"SVP (BIC)",0.2,0.125,0.153846153846154,5,0.153851277676672
"updown",0.9,21,"PELT",0.875,0.875,0.875,8,0.0116919380845274
"updown",0.9,21,"SVP",0.875,0.875,0.875,8,0.0116919380845274
"updown",0.9,21,"SVP (BIC)",0.666666666666667,0.5,0.571428571428572,6,0.0811507601261025
"updown",0.9,22,"PELT",0.375,0.375,0.375,8,0.0472572687414482
"updown",0.9,22,"SVP",0.375,0.375,0.375,8,0.0472572687414482
"updown",0.9,22,"SVP (BIC)",0.428571428571429,0.375,0.4,7,0.08869313358214
"updown",0.9,23,"PELT",0.875,0.875,0.875,8,0.012775533607999
"updown",0.9,23,"SVP",0.714285714285714,0.625,0.666666666666667,7,0.0690098135069321
"updown",0.9,23,"SVP (BIC)",0.666666666666667,0.5,0.571428571428572,6,0.0861067018814224
"updown",0.9,24,"PELT",0.625,0.625,0.625,8,0.0308717267181532
"updown",0.9,24,"SVP",0.625,0.625,0.625,8,0.0308717267181532
"updown",0.9,24,"SVP (BIC)",0.4,0.25,0.307692307692308,5,0.138652604453472
"updown",0.9,25,"PELT",0.5,0.5,0.5,8,0.0373605384595594
"updown",0.9,25,"SVP",0.5,0.375,0.428571428571429,6,0.131745508331741
"updown",0.9,25,"SVP (BIC)",0.75,0.375,0.5,4,0.131416666362748
"updown",0.9,26,"PELT",0.625,0.625,0.625,8,0.0265064517982449
"updown",0.9,26,"SVP",0.625,0.625,0.625,8,0.0265064517982449
"updown",0.9,26,"SVP (BIC)",0.5,0.375,0.428571428571429,6,0.0940955885171947
"updown",0.9,27,"PELT",0.5,0.5,0.5,8,0.0232710708904441
"updown",0.9,27,"SVP",0.5,0.5,0.5,8,0.0232710708904441
"updown",0.9,27,"SVP (BIC)",0.285714285714286,0.25,0.266666666666667,7,0.105813204315804
"updown",0.9,28,"PELT",0.375,0.375,0.375,8,0.0381980249346812
"updown",0.9,28,"SVP",0.142857142857143,0.125,0.133333333333333,7,0.098009940751182
"updown",0.9,28,"SVP (BIC)",0.25,0.125,0.166666666666667,4,0.156078932612753
"updown",0.9,29,"PELT",0.875,0.875,0.875,8,0.0145371405823346
"updown",0.9,29,"SVP",0.875,0.875,0.875,8,0.0145371405823346
"updown",0.9,29,"SVP (BIC)",0.571428571428571,0.5,0.533333333333333,7,0.0838476500011617
"updown",0.9,30,"PELT",0.5,0.5,0.5,8,0.0335819399361785
"updown",0.9,30,"SVP",0.5,0.5,0.5,8,0.0335819399361785
"updown",0.9,30,"SVP (BIC)",0.6,0.375,0.461538461538462,5,0.142688798427106
"updown",0.9,31,"PELT",0.5,0.5,0.5,8,0.0327599039890136
"updown",0.9,31,"SVP",0.5,0.5,0.5,8,0.0327599039890136
"updown",0.9,31,"SVP (BIC)",0.428571428571429,0.375,0.4,7,0.0900662335345085
"updown",0.9,32,"PELT",0.75,0.75,0.75,8,0.0236758655345664
"updown",0.9,32,"SVP",0.75,0.75,0.75,8,0.0236758655345664
"updown",0.9,32,"SVP (BIC)",0.666666666666667,0.5,0.571428571428572,6,0.0838834865894661
"updown",0.9,33,"PELT",0.875,0.875,0.875,8,0.0149963223466303
"updown",0.9,33,"SVP",0.875,0.875,0.875,8,0.0149963223466303
"updown",0.9,33,"SVP (BIC)",0.833333333333333,0.625,0.714285714285714,6,0.0783800682756142
"updown",0.9,34,"PELT",0.75,0.75,0.75,8,0.029003039062695
"updown",0.9,34,"SVP",0.75,0.75,0.75,8,0.029003039062695
"updown",0.9,34,"SVP (BIC)",0.75,0.75,0.75,8,0.029003039062695
"updown",0.9,35,"PELT",0.75,0.75,0.75,8,0.0219400321505183
"updown",0.9,35,"SVP",0.75,0.75,0.75,8,0.0219400321505183
"updown",0.9,35,"SVP (BIC)",0.833333333333333,0.625,0.714285714285714,6,0.082795411366673
"updown",0.9,36,"PELT",0.375,0.375,0.375,8,0.0415741495634115
"updown",0.9,36,"SVP",0.375,0.375,0.375,8,0.0495602156376383
"updown",0.9,36,"SVP (BIC)",0.333333333333333,0.25,0.285714285714286,6,0.104956325223017
"updown",0.9,37,"PELT",0.5,0.5,0.5,8,0.0559612113947421
"updown",0.9,37,"SVP",0.5,0.5,0.5,8,0.0559612113947421
"updown",0.9,37,"SVP (BIC)",0.5,0.375,0.428571428571429,6,0.117063918412207
"updown",0.9,38,"PELT",0.75,0.75,0.75,8,0.01682966944409
"updown",0.9,38,"SVP",0.4,0.25,0.307692307692308,5,0.153485001266516
"updown",0.9,38,"SVP (BIC)",0.333333333333333,0.125,0.181818181818182,3,0.180735606501909
"updown",0.9,39,"PELT",0.75,0.75,0.75,8,0.0223484735968249
"updown",0.9,39,"SVP",0.75,0.75,0.75,8,0.0223484735968249
"updown",0.9,39,"SVP (BIC)",0.428571428571429,0.375,0.4,7,0.0903679743245566
"updown",0.9,40,"PELT",0.5,0.5,0.5,8,0.0632859442303904
"updown",0.9,40,"SVP",0.5,0.5,0.5,8,0.0632859442303904
"updown",0.9,40,"SVP (BIC)",0.5,0.375,0.428571428571429,6,0.149489466249302
"updown",0.9,41,"PELT",0.5,0.5,0.5,8,0.0510432465812211
"updown",0.9,41,"SVP",0.5,0.5,0.5,8,0.0510432465812211
"updown",0.9,41,"SVP (BIC)",0.5,0.5,0.5,8,0.0510432465812211
"updown",0.9,42,"PELT",0.75,0.75,0.75,8,0.0344689031582062
"updown",0.9,42,"SVP",0.75,0.75,0.75,8,0.0344689031582062
"updown",0.9,42,"SVP (BIC)",0.75,0.75,0.75,8,0.0344689031582062
"updown",0.9,43,"PELT",0.875,0.875,0.875,8,0.0136588684192532
"updown",0.9,43,"SVP",0.714285714285714,0.625,0.666666666666667,7,0.0703791688617186
"updown",0.9,43,"SVP (BIC)",0.75,0.375,0.5,4,0.131691325825765
"updown",0.9,44,"PELT",0.625,0.625,0.625,8,0.0268807546933707
"updown",0.9,44,"SVP",0.625,0.625,0.625,8,0.0268807546933707
"updown",0.9,44,"SVP (BIC)",0.428571428571429,0.375,0.4,7,0.086007634886498
"updown",0.9,45,"PELT",0.75,0.75,0.75,8,0.020424836340554
"updown",0.9,45,"SVP",0.75,0.75,0.75,8,0.020424836340554
"updown",0.9,45,"SVP (BIC)",0.714285714285714,0.625,0.666666666666667,7,0.0733527545670665
"updown",0.9,46,"PELT",0.625,0.625,0.625,8,0.0290047282074251
"updown",0.9,46,"SVP",0.625,0.625,0.625,8,0.0290047282074251
"updown",0.9,46,"SVP (BIC)",0.333333333333333,0.125,0.181818181818182,3,0.162035768121451
"updown",0.9,47,"PELT",0.375,0.375,0.375,8,0.0250413197233858
"updown",0.9,47,"SVP",0.375,0.375,0.375,8,0.0250413197233858
"updown",0.9,47,"SVP (BIC)",0.285714285714286,0.25,0.266666666666667,7,0.098868380153738
"updown",0.9,48,"PELT",0.625,0.625,0.625,8,0.0421669473715094
"updown",0.9,48,"SVP",0.5,0.375,0.428571428571429,6,0.100389050654407
"updown",0.9,48,"SVP (BIC)",0.6,0.375,0.461538461538462,5,0.123512560457746
"updown",0.9,49,"PELT",0.75,0.75,0.75,8,0.0339867881456311
"updown",0.9,49,"SVP",0.666666666666667,0.5,0.571428571428572,6,0.0939769001937059
"updown",0.9,49,"SVP (BIC)",0.6,0.375,0.461538461538462,5,0.123966725178628
"updown",0.9,50,"PELT",0.5,0.5,0.5,8,0.0275992487567034
"updown",0.9,50,"SVP",0.571428571428571,0.5,0.533333333333333,7,0.0637919016272661
"updown",0.9,50,"SVP (BIC)",0.5,0.25,0.333333333333333,4,0.156387813349146
"updown",0.9,51,"PELT",0.625,0.625,0.625,8,0.0213521798162606
"updown",0.9,51,"SVP",0.5,0.375,0.428571428571429,6,0.0887594911326564
"updown",0.9,51,"SVP (BIC)",0.5,0.375,0.428571428571429,6,0.080285434217066
"updown",0.9,52,"PELT",0.875,0.875,0.875,8,0.0164169956062661
"updown",0.9,52,"SVP",0.875,0.875,0.875,8,0.0164169956062661
"updown",0.9,52,"SVP (BIC)",0.714285714285714,0.625,0.666666666666667,7,0.0688536415712369
"updown",0.9,53,"PELT",0.625,0.625,0.625,8,0.0216309628633496
"updown",0.9,53,"SVP",0.571428571428571,0.5,0.533333333333333,7,0.0845466132386486
"updown",0.9,53,"SVP (BIC)",0.75,0.375,0.5,4,0.131324540439586
"updown",0.9,54,"PELT",0.625,0.625,0.625,8,0.0300244426032215
"updown",0.9,54,"SVP",0.625,0.625,0.625,8,0.0300244426032215
"updown",0.9,54,"SVP (BIC)",0.142857142857143,0.125,0.133333333333333,7,0.171575776689852
"updown",0.9,55,"PELT",0.5,0.5,0.5,8,0.0220063115558249
"updown",0.9,55,"SVP",0.5,0.5,0.5,8,0.0220063115558249
"updown",0.9,55,"SVP (BIC)",0.428571428571429,0.375,0.4,7,0.0831199238238886
"updown",0.9,56,"PELT",0.875,0.875,0.875,8,0.0109340731550925
"updown",0.9,56,"SVP",0.714285714285714,0.625,0.666666666666667,7,0.0692502640831133
"updown",0.9,56,"SVP (BIC)",0.833333333333333,0.625,0.714285714285714,6,0.0825529073135606
"updown",0.9,57,"PELT",0.625,0.625,0.625,8,0.0471199360062058
"updown",0.9,57,"SVP",0.625,0.625,0.625,8,0.0471199360062058
"updown",0.9,57,"SVP (BIC)",0.625,0.625,0.625,8,0.0471199360062058
"updown",0.9,58,"PELT",0.5,0.5,0.5,8,0.0322649246041465
"updown",0.9,58,"SVP",0.5,0.5,0.5,8,0.0322649246041465
"updown",0.9,58,"SVP (BIC)",0.571428571428571,0.5,0.533333333333333,7,0.0833081817509363
"updown",0.9,59,"PELT",0.625,0.625,0.625,8,0.023363486735404
"updown",0.9,59,"SVP",0.428571428571429,0.375,0.4,7,0.078181463214065
"updown",0.9,59,"SVP (BIC)",0.5,0.25,0.333333333333333,4,0.155318923116102
"updown",0.9,60,"PELT",0.5,0.5,0.5,8,0.0221139596506304
"updown",0.9,60,"SVP",0.5,0.5,0.5,8,0.0221139596506304
"updown",0.9,60,"SVP (BIC)",0.428571428571429,0.375,0.4,7,0.0700066033902076
"updown",0.9,61,"PELT",0.75,0.75,0.75,8,0.0187914441867975
"updown",0.9,61,"SVP",0.75,0.75,0.75,8,0.0187914441867975
"updown",0.9,61,"SVP (BIC)",0.666666666666667,0.5,0.571428571428572,6,0.0767096942725475
"updown",0.9,62,"PELT",0.625,0.625,0.625,8,0.0294909999937235
"updown",0.9,62,"SVP",0.625,0.625,0.625,8,0.0294909999937235
"updown",0.9,62,"SVP (BIC)",0.5,0.375,0.428571428571429,6,0.0823135426420816
"updown",0.9,63,"PELT",0.625,0.625,0.625,8,0.0293225745843011
"updown",0.9,63,"SVP",0.625,0.625,0.625,8,0.0293225745843011
"updown",0.9,63,"SVP (BIC)",0.625,0.625,0.625,8,0.0293225745843011
"updown",0.9,64,"PELT",0.375,0.375,0.375,8,0.0309289513884641
"updown",0.9,64,"SVP",0.375,0.375,0.375,8,0.0309289513884641
"updown",0.9,64,"SVP (BIC)",0.428571428571429,0.375,0.4,7,0.0678547259418871
"updown",0.9,65,"PELT",0.5,0.5,0.5,8,0.036517124732412
"updown",0.9,65,"SVP",0.5,0.5,0.5,8,0.036517124732412
"updown",0.9,65,"SVP (BIC)",0.428571428571429,0.375,0.4,7,0.0869840119913112
"updown",0.9,66,"PELT",0.875,0.875,0.875,8,0.0127954297916098
"updown",0.9,66,"SVP",0.875,0.875,0.875,8,0.0127954297916098
"updown",0.9,66,"SVP (BIC)",0.5,0.25,0.333333333333333,4,0.136616542770315
"updown",0.9,67,"PELT",0.75,0.75,0.75,8,0.0143486120590014
"updown",0.9,67,"SVP",0.75,0.75,0.75,8,0.0143486120590014
"updown",0.9,67,"SVP (BIC)",0.666666666666667,0.5,0.571428571428572,6,0.0789515555679905
"updown",0.9,68,"PELT",0.5,0.5,0.5,8,0.0337737277423708
"updown",0.9,68,"SVP",0.5,0.375,0.428571428571429,6,0.0867391269028516
"updown",0.9,68,"SVP (BIC)",0.25,0.125,0.166666666666667,4,0.149116127789698
"updown",0.9,69,"PELT",0.625,0.625,0.625,8,0.0266970053330977
"updown",0.9,69,"SVP",0.714285714285714,0.625,0.666666666666667,7,0.0681665987891335
"updown",0.9,69,"SVP (BIC)",0.25,0.125,0.166666666666667,4,0.164234255325676
"updown",0.9,70,"PELT",0.5,0.5,0.5,8,0.034174425780218
"updown",0.9,70,"SVP",0.571428571428571,0.5,0.533333333333333,7,0.0867849191645002
"updown",0.9,70,"SVP (BIC)",0.75,0.375,0.5,4,0.12711876295735
"updown",0.9,71,"PELT",0.75,0.75,0.75,8,0.0247525851359395
"updown",0.9,71,"SVP",0.75,0.75,0.75,8,0.0247525851359395
"updown",0.9,71,"SVP (BIC)",0.75,0.75,0.75,8,0.0247525851359395
"updown",0.9,72,"PELT",0.75,0.75,0.75,8,0.0413548049330569
"updown",0.9,72,"SVP",0.75,0.75,0.75,8,0.0413548049330569
"updown",0.9,72,"SVP (BIC)",0.571428571428571,0.5,0.533333333333333,7,0.0741096020114841
"updown",0.9,73,"PELT",0.75,0.75,0.75,8,0.0310975428982842
"updown",0.9,73,"SVP",0.75,0.75,0.75,8,0.0310975428982842
"updown",0.9,73,"SVP (BIC)",0.75,0.75,0.75,8,0.0310975428982842
"updown",0.9,74,"PELT",0.75,0.75,0.75,8,0.0229191074942243
"updown",0.9,74,"SVP",0.714285714285714,0.625,0.666666666666667,7,0.0757841033305327
"updown",0.9,74,"SVP (BIC)",0.4,0.25,0.307692307692308,5,0.153949827090952
"updown",0.9,75,"PELT",0.5,0.5,0.5,8,0.026650028959861
"updown",0.9,75,"SVP",0.5,0.5,0.5,8,0.026650028959861
"updown",0.9,75,"SVP (BIC)",0.2,0.125,0.153846153846154,5,0.170204798674227
"updown",0.9,76,"PELT",0.5,0.5,0.5,8,0.0404306146129039
"updown",0.9,76,"SVP",0.5,0.5,0.5,8,0.0404306146129039
"updown",0.9,76,"SVP (BIC)",0.285714285714286,0.25,0.266666666666667,7,0.106656588849372
"updown",0.9,77,"PELT",0.875,0.875,0.875,8,0.0145654217496026
"updown",0.9,77,"SVP",0.875,0.875,0.875,8,0.0145654217496026
"updown",0.9,77,"SVP (BIC)",0.571428571428571,0.5,0.533333333333333,7,0.0831931140979143
"updown",0.9,78,"PELT",0.625,0.625,0.625,8,0.0151069480981444
"updown",0.9,78,"SVP",0.625,0.625,0.625,8,0.0151069480981444
"updown",0.9,78,"SVP (BIC)",0.625,0.625,0.625,8,0.0151069480981444
"updown",0.9,79,"PELT",0.625,0.625,0.625,8,0.0217455117016673
"updown",0.9,79,"SVP",0.625,0.625,0.625,8,0.0217455117016673
"updown",0.9,79,"SVP (BIC)",0.333333333333333,0.25,0.285714285714286,6,0.107800856337448
"updown",0.9,80,"PELT",0.75,0.75,0.75,8,0.0236358582334381
"updown",0.9,80,"SVP",0.75,0.75,0.75,8,0.0236358582334381
"updown",0.9,80,"SVP (BIC)",0.5,0.375,0.428571428571429,6,0.130085459615189
"updown",0.9,81,"PELT",0.625,0.625,0.625,8,0.0207509054379157
"updown",0.9,81,"SVP",0.428571428571429,0.375,0.4,7,0.0883343415620505
"updown",0.9,81,"SVP (BIC)",0.25,0.125,0.166666666666667,4,0.174137691163308
"updown",0.9,82,"PELT",0.75,0.75,0.75,8,0.0187187167691269
"updown",0.9,82,"SVP",0.75,0.75,0.75,8,0.0187187167691269
"updown",0.9,82,"SVP (BIC)",0.166666666666667,0.125,0.142857142857143,6,0.149902497879747
"updown",0.9,83,"PELT",0.375,0.375,0.375,8,0.0303433831321841
"updown",0.9,83,"SVP",0.375,0.375,0.375,8,0.0303433831321841
"updown",0.9,83,"SVP (BIC)",0.285714285714286,0.25,0.266666666666667,7,0.0774685065883223
"updown",0.9,84,"PELT",0.875,0.875,0.875,8,0.015428122494879
"updown",0.9,84,"SVP",0.5,0.375,0.428571428571429,6,0.121856584173654
"updown",0.9,84,"SVP (BIC)",0.75,0.375,0.5,4,0.128013801686189
"updown",0.9,85,"PELT",0.75,0.75,0.75,8,0.038901944421657
"updown",0.9,85,"SVP",0.833333333333333,0.625,0.714285714285714,6,0.0900423172501229
"updown",0.9,85,"SVP (BIC)",1,0.625,0.769230769230769,5,0.114196399731857
"updown",0.9,86,"PELT",0.375,0.375,0.375,8,0.0287274397832807
"updown",0.9,86,"SVP",0.375,0.375,0.375,8,0.0287274397832807
"updown",0.9,86,"SVP (BIC)",0.142857142857143,0.125,0.133333333333333,7,0.0906416887932193
"updown",0.9,87,"PELT",0.555555555555556,0.625,0.588235294117647,9,0.0775032829813377
"updown",0.9,87,"SVP",0.5,0.5,0.5,8,0.109358309362955
"updown",0.9,87,"SVP (BIC)",0.333333333333333,0.25,0.285714285714286,6,0.158142574777219
"updown",0.9,88,"PELT",0.375,0.375,0.375,8,0.055485972277518
"updown",0.9,88,"SVP",0.375,0.375,0.375,8,0.055485972277518
"updown",0.9,88,"SVP (BIC)",0.375,0.375,0.375,8,0.055485972277518
"updown",0.9,89,"PELT",0.625,0.625,0.625,8,0.0203015482214454
"updown",0.9,89,"SVP",0.625,0.625,0.625,8,0.0203015482214454
"updown",0.9,89,"SVP (BIC)",0.166666666666667,0.125,0.142857142857143,6,0.164724914138958
"updown",0.9,90,"PELT",0.5,0.5,0.5,8,0.0324492789487505
"updown",0.9,90,"SVP",0.285714285714286,0.25,0.266666666666667,7,0.0944002601151379
"updown",0.9,90,"SVP (BIC)",0.4,0.25,0.307692307692308,5,0.126814127970647
"updown",0.9,91,"PELT",0.375,0.375,0.375,8,0.0441533443224499
"updown",0.9,91,"SVP",0.285714285714286,0.25,0.266666666666667,7,0.0943869825926655
"updown",0.9,91,"SVP (BIC)",0.285714285714286,0.25,0.266666666666667,7,0.104393104026986
"updown",0.9,92,"PELT",0.5,0.5,0.5,8,0.0339135269422443
"updown",0.9,92,"SVP",0.5,0.5,0.5,8,0.0339135269422443
"updown",0.9,92,"SVP (BIC)",0.666666666666667,0.5,0.571428571428572,6,0.102327428137561
"updown",0.9,93,"PELT",0.555555555555556,0.625,0.588235294117647,9,0.0387397680396828
"updown",0.9,93,"SVP",0.625,0.625,0.625,8,0.0239483486207725
"updown",0.9,93,"SVP (BIC)",0.571428571428571,0.5,0.533333333333333,7,0.0891401331373378
"updown",0.9,94,"PELT",0.625,0.625,0.625,8,0.0235760973393981
"updown",0.9,94,"SVP",0.625,0.625,0.625,8,0.0235760973393981
"updown",0.9,94,"SVP (BIC)",0.5,0.375,0.428571428571429,6,0.0990152862797764
"updown",0.9,95,"PELT",0.875,0.875,0.875,8,0.0231772586004495
"updown",0.9,95,"SVP",0.875,0.875,0.875,8,0.0231772586004495
"updown",0.9,95,"SVP (BIC)",0.857142857142857,0.75,0.8,7,0.0792153665640219
"updown",0.9,96,"PELT",0.625,0.625,0.625,8,0.0500881752049775
"updown",0.9,96,"SVP",0.625,0.625,0.625,8,0.0500881752049775
"updown",0.9,96,"SVP (BIC)",0.285714285714286,0.25,0.266666666666667,7,0.107898375463667
"updown",0.9,97,"PELT",0.5,0.5,0.5,8,0.0301754915663567
"updown",0.9,97,"SVP",0.5,0.5,0.5,8,0.0301754915663567
"updown",0.9,97,"SVP (BIC)",0.428571428571429,0.375,0.4,7,0.0912705939487524
"updown",0.9,98,"PELT",0.75,0.75,0.75,8,0.0184704751375256
"updown",0.9,98,"SVP",0.75,0.75,0.75,8,0.0184704751375256
"updown",0.9,98,"SVP (BIC)",0.428571428571429,0.375,0.4,7,0.0825284233276298
"updown",0.9,99,"PELT",0.5,0.5,0.5,8,0.0285360665657999
"updown",0.9,99,"SVP",0.5,0.5,0.5,8,0.0285360665657999
"updown",0.9,99,"SVP (BIC)",0.333333333333333,0.25,0.285714285714286,6,0.105828538681891
"updown",0.9,100,"PELT",0.5,0.5,0.5,8,0.0772422667021089
"updown",0.9,100,"SVP",0.5,0.5,0.5,8,0.0772422667021089
"updown",0.9,100,"SVP (BIC)",0.5,0.5,0.5,8,0.0772422667021089
"rand1",0.9,1,"PELT",0.8,0.5,0.615384615384615,5,0.0237007039079014
"rand1",0.9,1,"SVP",0.8,0.5,0.615384615384615,5,0.0237007039079014
"rand1",0.9,1,"SVP (BIC)",0.8,0.5,0.615384615384615,5,0.0237007039079014
"rand1",0.9,2,"PELT",0.6,0.375,0.461538461538462,5,0.0452346032174984
"rand1",0.9,2,"SVP",0.5,0.25,0.333333333333333,4,0.0839421591563844
"rand1",0.9,2,"SVP (BIC)",0.75,0.375,0.5,4,0.082793305802104
"rand1",0.9,3,"PELT",0.666666666666667,0.5,0.571428571428572,6,0.0222025689211584
"rand1",0.9,3,"SVP",0.8,0.5,0.615384615384615,5,0.0224649693254518
"rand1",0.9,3,"SVP (BIC)",0.8,0.5,0.615384615384615,5,0.0224649693254518
"rand1",0.9,4,"PELT",1,0.625,0.769230769230769,5,0.0151735548876137
"rand1",0.9,4,"SVP",1,0.625,0.769230769230769,5,0.0151735548876137
"rand1",0.9,4,"SVP (BIC)",1,0.625,0.769230769230769,5,0.0151735548876137
"rand1",0.9,5,"PELT",0.8,0.5,0.615384615384615,5,0.0219290239298184
"rand1",0.9,5,"SVP",0.8,0.5,0.615384615384615,5,0.0219290239298184
"rand1",0.9,5,"SVP (BIC)",0.8,0.5,0.615384615384615,5,0.0219290239298184
"rand1",0.9,6,"PELT",0.8,0.5,0.615384615384615,5,0.0252273569280495
"rand1",0.9,6,"SVP",0.8,0.5,0.615384615384615,5,0.0252273569280495
"rand1",0.9,6,"SVP (BIC)",0.8,0.5,0.615384615384615,5,0.0252273569280495
"rand1",0.9,7,"PELT",1,0.625,0.769230769230769,5,0.0131343319122048
"rand1",0.9,7,"SVP",1,0.625,0.769230769230769,5,0.0131343319122048
"rand1",0.9,7,"SVP (BIC)",1,0.625,0.769230769230769,5,0.0131343319122048
"rand1",0.9,8,"PELT",0.8,0.5,0.615384615384615,5,0.0175795693860605
"rand1",0.9,8,"SVP",0.8,0.5,0.615384615384615,5,0.0175795693860605
"rand1",0.9,8,"SVP (BIC)",0.75,0.375,0.5,4,0.068132766075433
"rand1",0.9,9,"PELT",1,0.625,0.769230769230769,5,0.0206053495493614
"rand1",0.9,9,"SVP",0.833333333333333,0.625,0.714285714285714,6,0.0222086747393063
"rand1",0.9,9,"SVP (BIC)",1,0.625,0.769230769230769,5,0.0206053495493614
"rand1",0.9,10,"PELT",1,0.625,0.769230769230769,5,0.0122572251325865
"rand1",0.9,10,"SVP",1,0.625,0.769230769230769,5,0.0122572251325865
"rand1",0.9,10,"SVP (BIC)",1,0.625,0.769230769230769,5,0.0122572251325865
"rand1",0.9,11,"PELT",0.8,0.5,0.615384615384615,5,0.0302215218354127
"rand1",0.9,11,"SVP",0.8,0.5,0.615384615384615,5,0.0302215218354127
"rand1",0.9,11,"SVP (BIC)",0.8,0.5,0.615384615384615,5,0.0302215218354127
"rand1",0.9,12,"PELT",0.8,0.5,0.615384615384615,5,0.0208551379425845
"rand1",0.9,12,"SVP",0.8,0.5,0.615384615384615,5,0.0208551379425845
"rand1",0.9,12,"SVP (BIC)",0.8,0.5,0.615384615384615,5,0.0208551379425845
"rand1",0.9,13,"PELT",0.833333333333333,0.625,0.714285714285714,6,0.0287326035201089
"rand1",0.9,13,"SVP",0.833333333333333,0.625,0.714285714285714,6,0.0172595203293693
"rand1",0.9,13,"SVP (BIC)",1,0.625,0.769230769230769,5,0.0160836697115097
"rand1",0.9,14,"PELT",0.6,0.375,0.461538461538462,5,0.024555758951776
"rand1",0.9,14,"SVP",0.6,0.375,0.461538461538462,5,0.024555758951776
"rand1",0.9,14,"SVP (BIC)",0.6,0.375,0.461538461538462,5,0.024555758951776
"rand1",0.9,15,"PELT",0.6,0.375,0.461538461538462,5,0.0293402221987585
"rand1",0.9,15,"SVP",0.6,0.375,0.461538461538462,5,0.0293402221987585
"rand1",0.9,15,"SVP (BIC)",0.6,0.375,0.461538461538462,5,0.0293402221987585
"rand1",0.9,16,"PELT",1,0.625,0.769230769230769,5,0.00906859811127426
"rand1",0.9,16,"SVP",1,0.625,0.769230769230769,5,0.00906859811127426
"rand1",0.9,16,"SVP (BIC)",1,0.625,0.769230769230769,5,0.00906859811127426
"rand1",0.9,17,"PELT",0.2,0.125,0.153846153846154,5,0.0316537723538764
"rand1",0.9,17,"SVP",0.2,0.125,0.153846153846154,5,0.0316537723538764
"rand1",0.9,17,"SVP (BIC)",0.5,0.25,0.333333333333333,4,0.0731614785874579
"rand1",0.9,18,"PELT",0.666666666666667,0.5,0.571428571428572,6,0.046472730610556
"rand1",0.9,18,"SVP",0.8,0.5,0.615384615384615,5,0.0325942798504459
"rand1",0.9,18,"SVP (BIC)",0.8,0.5,0.615384615384615,5,0.0325942798504459
"rand1",0.9,19,"PELT",0.5,0.375,0.428571428571429,6,0.0454296638211567
"rand1",0.9,19,"SVP",0.6,0.375,0.461538461538462,5,0.0317272743169479
"rand1",0.9,19,"SVP (BIC)",0.5,0.25,0.333333333333333,4,0.082844954344858
"rand1",0.9,20,"PELT",0.8,0.5,0.615384615384615,5,0.020569455682684
"rand1",0.9,20,"SVP",0.8,0.5,0.615384615384615,5,0.020569455682684
"rand1",0.9,20,"SVP (BIC)",0.8,0.5,0.615384615384615,5,0.020569455682684
"rand1",0.9,21,"PELT",0.8,0.5,0.615384615384615,5,0.0218655343009462
"rand1",0.9,21,"SVP",0.8,0.5,0.615384615384615,5,0.0218655343009462
"rand1",0.9,21,"SVP (BIC)",0.8,0.5,0.615384615384615,5,0.0218655343009462
"rand1",0.9,22,"PELT",1,0.625,0.769230769230769,5,0.0150598504675626
"rand1",0.9,22,"SVP",1,0.625,0.769230769230769,5,0.0150598504675626
"rand1",0.9,22,"SVP (BIC)",1,0.625,0.769230769230769,5,0.0150598504675626
"rand1",0.9,23,"PELT",0.8,0.5,0.615384615384615,5,0.0216575980022724
"rand1",0.9,23,"SVP",0.8,0.5,0.615384615384615,5,0.0216575980022724
"rand1",0.9,23,"SVP (BIC)",0.8,0.5,0.615384615384615,5,0.0216575980022724
"rand1",0.9,24,"PELT",1,0.625,0.769230769230769,5,0.0169767237343703
"rand1",0.9,24,"SVP",1,0.625,0.769230769230769,5,0.0169767237343703
"rand1",0.9,24,"SVP (BIC)",1,0.625,0.769230769230769,5,0.0169767237343703
"rand1",0.9,25,"PELT",0.666666666666667,0.5,0.571428571428572,6,0.0252253661203461
"rand1",0.9,25,"SVP",0.666666666666667,0.5,0.571428571428572,6,0.0252253661203461
"rand1",0.9,25,"SVP (BIC)",0.75,0.375,0.5,4,0.072018020014405
"rand1",0.9,26,"PELT",1,0.625,0.769230769230769,5,0.0139082356208573
"rand1",0.9,26,"SVP",0.833333333333333,0.625,0.714285714285714,6,0.0139083454714755
"rand1",0.9,26,"SVP (BIC)",1,0.625,0.769230769230769,5,0.0139082356208573
"rand1",0.9,27,"PELT",1,0.625,0.769230769230769,5,0.0137690516141322
"rand1",0.9,27,"SVP",1,0.625,0.769230769230769,5,0.0137690516141322
"rand1",0.9,27,"SVP (BIC)",0.5,0.25,0.333333333333333,4,0.0873146854714126
"rand1",0.9,28,"PELT",0.5,0.375,0.428571428571429,6,0.0465732159777994
"rand1",0.9,28,"SVP",0.6,0.375,0.461538461538462,5,0.0292396479167648
"rand1",0.9,28,"SVP (BIC)",0.6,0.375,0.461538461538462,5,0.0292396479167648
"rand1",0.9,29,"PELT",1,0.625,0.769230769230769,5,0.0245299147791282
"rand1",0.9,29,"SVP",1,0.625,0.769230769230769,5,0.0245299147791282
"rand1",0.9,29,"SVP (BIC)",1,0.625,0.769230769230769,5,0.0245299147791282
"rand1",0.9,30,"PELT",0.833333333333333,0.625,0.714285714285714,6,0.0143770846691836
"rand1",0.9,30,"SVP",1,0.625,0.769230769230769,5,0.0157664521259871
"rand1",0.9,30,"SVP (BIC)",0.75,0.375,0.5,4,0.0702894959583062
"rand1",0.9,31,"PELT",0.8,0.5,0.615384615384615,5,0.0168574344217602
"rand1",0.9,31,"SVP",0.8,0.5,0.615384615384615,5,0.0168574344217602
"rand1",0.9,31,"SVP (BIC)",0.8,0.5,0.615384615384615,5,0.0168574344217602
"rand1",0.9,32,"PELT",1,0.625,0.769230769230769,5,0.0142804571635659
"rand1",0.9,32,"SVP",1,0.625,0.769230769230769,5,0.0142804571635659
"rand1",0.9,32,"SVP (BIC)",1,0.625,0.769230769230769,5,0.0142804571635659
"rand1",0.9,33,"PELT",0.833333333333333,0.625,0.714285714285714,6,0.0179200807640258
"rand1",0.9,33,"SVP",1,0.625,0.769230769230769,5,0.0191063914281253
"rand1",0.9,33,"SVP (BIC)",0.75,0.375,0.5,4,0.0709532044767765
"rand1",0.9,34,"PELT",0.8,0.5,0.615384615384615,5,0.032833785111629
"rand1",0.9,34,"SVP",0.8,0.5,0.615384615384615,5,0.032833785111629
"rand1",0.9,34,"SVP (BIC)",0.8,0.5,0.615384615384615,5,0.032833785111629
"rand1",0.9,35,"PELT",1,0.625,0.769230769230769,5,0.02137785421452
"rand1",0.9,35,"SVP",1,0.625,0.769230769230769,5,0.02137785421452
"rand1",0.9,35,"SVP (BIC)",1,0.625,0.769230769230769,5,0.02137785421452
"rand1",0.9,36,"PELT",0.666666666666667,0.5,0.571428571428572,6,0.0322819472489495
"rand1",0.9,36,"SVP",1,0.625,0.769230769230769,5,0.0147696223947409
"rand1",0.9,36,"SVP (BIC)",0.75,0.375,0.5,4,0.0682666174242678
"rand1",0.9,37,"PELT",0.8,0.5,0.615384615384615,5,0.0342528197969882
"rand1",0.9,37,"SVP",0.8,0.5,0.615384615384615,5,0.0342528197969882
"rand1",0.9,37,"SVP (BIC)",0.8,0.5,0.615384615384615,5,0.0342528197969882
"rand1",0.9,38,"PELT",0.6,0.375,0.461538461538462,5,0.0350415590312971
"rand1",0.9,38,"SVP",0.6,0.375,0.461538461538462,5,0.0350415590312971
"rand1",0.9,38,"SVP (BIC)",0.6,0.375,0.461538461538462,5,0.0350415590312971
"rand1",0.9,39,"PELT",0.4,0.25,0.307692307692308,5,0.037265935556949
"rand1",0.9,39,"SVP",0.4,0.25,0.307692307692308,5,0.037265935556949
"rand1",0.9,39,"SVP (BIC)",0.4,0.25,0.307692307692308,5,0.037265935556949
"rand1",0.9,40,"PELT",0.8,0.5,0.615384615384615,5,0.032833785111629
"rand1",0.9,40,"SVP",0.8,0.5,0.615384615384615,5,0.032833785111629
"rand1",0.9,40,"SVP (BIC)",0.8,0.5,0.615384615384615,5,0.032833785111629
"rand1",0.9,41,"PELT",0.833333333333333,0.625,0.714285714285714,6,0.0307683151464808
"rand1",0.9,41,"SVP",1,0.625,0.769230769230769,5,0.013077889562792
"rand1",0.9,41,"SVP (BIC)",1,0.625,0.769230769230769,5,0.013077889562792
"rand1",0.9,42,"PELT",1,0.625,0.769230769230769,5,0.0161918804497903
"rand1",0.9,42,"SVP",1,0.625,0.769230769230769,5,0.0161918804497903
"rand1",0.9,42,"SVP (BIC)",0.75,0.375,0.5,4,0.0711412349959485
"rand1",0.9,43,"PELT",0.8,0.5,0.615384615384615,5,0.0251290099360821
"rand1",0.9,43,"SVP",0.8,0.5,0.615384615384615,5,0.0251290099360821
"rand1",0.9,43,"SVP (BIC)",0.8,0.5,0.615384615384615,5,0.0251290099360821
"rand1",0.9,44,"PELT",0.6,0.375,0.461538461538462,5,0.0388230052083776
"rand1",0.9,44,"SVP",0.75,0.375,0.5,4,0.0671851509919599
"rand1",0.9,44,"SVP (BIC)",0.75,0.375,0.5,4,0.0663066733247516
"rand1",0.9,45,"PELT",0.8,0.5,0.615384615384615,5,0.0213634436326501
"rand1",0.9,45,"SVP",0.8,0.5,0.615384615384615,5,0.0213634436326501
"rand1",0.9,45,"SVP (BIC)",0.5,0.25,0.333333333333333,4,0.0769659687302558
"rand1",0.9,46,"PELT",1,0.625,0.769230769230769,5,0.0227233530411881
"rand1",0.9,46,"SVP",1,0.625,0.769230769230769,5,0.0227233530411881
"rand1",0.9,46,"SVP (BIC)",1,0.625,0.769230769230769,5,0.0227233530411881
"rand1",0.9,47,"PELT",1,0.625,0.769230769230769,5,0.0270162001004118
"rand1",0.9,47,"SVP",1,0.625,0.769230769230769,5,0.0270162001004118
"rand1",0.9,47,"SVP (BIC)",0.5,0.25,0.333333333333333,4,0.0814483463786989
"rand1",0.9,48,"PELT",0.8,0.5,0.615384615384615,5,0.0228762504599422
"rand1",0.9,48,"SVP",0.8,0.5,0.615384615384615,5,0.0228762504599422
"rand1",0.9,48,"SVP (BIC)",0.5,0.25,0.333333333333333,4,0.0746541284209122
"rand1",0.9,49,"PELT",1,0.625,0.769230769230769,5,0.0119453749642545
"rand1",0.9,49,"SVP",1,0.625,0.769230769230769,5,0.0119453749642545
"rand1",0.9,49,"SVP (BIC)",1,0.625,0.769230769230769,5,0.0119453749642545
"rand1",0.9,50,"PELT",1,0.625,0.769230769230769,5,0.0198688920760107
"rand1",0.9,50,"SVP",0.833333333333333,0.625,0.714285714285714,6,0.0170348206493951
"rand1",0.9,50,"SVP (BIC)",1,0.625,0.769230769230769,5,0.0198688920760107
"rand1",0.9,51,"PELT",1,0.625,0.769230769230769,5,0.018440243115655
"rand1",0.9,51,"SVP",1,0.625,0.769230769230769,5,0.018440243115655
"rand1",0.9,51,"SVP (BIC)",0.5,0.25,0.333333333333333,4,0.08003508180034
"rand1",0.9,52,"PELT",0.8,0.5,0.615384615384615,5,0.0256562913147326
"rand1",0.9,52,"SVP",0.8,0.5,0.615384615384615,5,0.0256562913147326
"rand1",0.9,52,"SVP (BIC)",0.8,0.5,0.615384615384615,5,0.0256562913147326
"rand1",0.9,53,"PELT",1,0.625,0.769230769230769,5,0.0155973060181833
"rand1",0.9,53,"SVP",1,0.625,0.769230769230769,5,0.0155973060181833
"rand1",0.9,53,"SVP (BIC)",0.5,0.25,0.333333333333333,4,0.0747481773240064
"rand1",0.9,54,"PELT",0.666666666666667,0.5,0.571428571428572,6,0.0252879200116768
"rand1",0.9,54,"SVP",0.6,0.375,0.461538461538462,5,0.0276041475403216
"rand1",0.9,54,"SVP (BIC)",0.6,0.375,0.461538461538462,5,0.0276041475403216
"rand1",0.9,55,"PELT",0.666666666666667,0.5,0.571428571428572,6,0.031582647003564
"rand1",0.9,55,"SVP",0.8,0.5,0.615384615384615,5,0.0205505691700073
"rand1",0.9,55,"SVP (BIC)",0.8,0.5,0.615384615384615,5,0.0205505691700073
"rand1",0.9,56,"PELT",0.8,0.5,0.615384615384615,5,0.021989503027214
"rand1",0.9,56,"SVP",0.8,0.5,0.615384615384615,5,0.021989503027214
"rand1",0.9,56,"SVP (BIC)",0.75,0.375,0.5,4,0.0720176828813211
"rand1",0.9,57,"PELT",0.8,0.5,0.615384615384615,5,0.039220337876927
"rand1",0.9,57,"SVP",0.8,0.5,0.615384615384615,5,0.039220337876927
"rand1",0.9,57,"SVP (BIC)",0.8,0.5,0.615384615384615,5,0.039220337876927
"rand1",0.9,58,"PELT",0.8,0.5,0.615384615384615,5,0.0269310816931981
"rand1",0.9,58,"SVP",0.8,0.5,0.615384615384615,5,0.0269310816931981
"rand1",0.9,58,"SVP (BIC)",0.75,0.375,0.5,4,0.0730240935152556
"rand1",0.9,59,"PELT",0.5,0.375,0.428571428571429,6,0.040007224696225
"rand1",0.9,59,"SVP",0.6,0.375,0.461538461538462,5,0.0372402350652565
"rand1",0.9,59,"SVP (BIC)",0.6,0.375,0.461538461538462,5,0.0372402350652565
"rand1",0.9,60,"PELT",1,0.625,0.769230769230769,5,0.0177454783160016
"rand1",0.9,60,"SVP",1,0.625,0.769230769230769,5,0.0177454783160016
"rand1",0.9,60,"SVP (BIC)",1,0.625,0.769230769230769,5,0.0177454783160016
"rand1",0.9,61,"PELT",0.5,0.375,0.428571428571429,6,0.0569878693544549
"rand1",0.9,61,"SVP",0.6,0.375,0.461538461538462,5,0.042419949334486
"rand1",0.9,61,"SVP (BIC)",0.6,0.375,0.461538461538462,5,0.042419949334486
"rand1",0.9,62,"PELT",0.8,0.5,0.615384615384615,5,0.0153907095056505
"rand1",0.9,62,"SVP",0.8,0.5,0.615384615384615,5,0.0153907095056505
"rand1",0.9,62,"SVP (BIC)",0.5,0.25,0.333333333333333,4,0.0947056663166312
"rand1",0.9,63,"PELT",0.6,0.375,0.461538461538462,5,0.0287478320086364
"rand1",0.9,63,"SVP",0.6,0.375,0.461538461538462,5,0.0287478320086364
"rand1",0.9,63,"SVP (BIC)",0.6,0.375,0.461538461538462,5,0.0287478320086364
"rand1",0.9,64,"PELT",0.666666666666667,0.5,0.571428571428572,6,0.0229834051330137
"rand1",0.9,64,"SVP",0.666666666666667,0.5,0.571428571428572,6,0.0229834051330137
"rand1",0.9,64,"SVP (BIC)",0.8,0.5,0.615384615384615,5,0.019575196325893
"rand1",0.9,65,"PELT",1,0.625,0.769230769230769,5,0.0170934439297281
"rand1",0.9,65,"SVP",1,0.625,0.769230769230769,5,0.0170934439297281
"rand1",0.9,65,"SVP (BIC)",1,0.625,0.769230769230769,5,0.0170934439297281
"rand1",0.9,66,"PELT",0.5,0.375,0.428571428571429,6,0.0365480832894794
"rand1",0.9,66,"SVP",0.6,0.375,0.461538461538462,5,0.0280930826479918
"rand1",0.9,66,"SVP (BIC)",0.4,0.25,0.307692307692308,5,0.0328742887942793
"rand1",0.9,67,"PELT",0.428571428571429,0.375,0.4,7,0.0541972986065316
"rand1",0.9,67,"SVP",0.6,0.375,0.461538461538462,5,0.0320286248516811
"rand1",0.9,67,"SVP (BIC)",0.6,0.375,0.461538461538462,5,0.0320286248516811
"rand1",0.9,68,"PELT",0.8,0.5,0.615384615384615,5,0.0385476108031499
"rand1",0.9,68,"SVP",0.8,0.5,0.615384615384615,5,0.0385476108031499
"rand1",0.9,68,"SVP (BIC)",0.8,0.5,0.615384615384615,5,0.0385476108031499
"rand1",0.9,69,"PELT",1,0.625,0.769230769230769,5,0.0200433006076728
"rand1",0.9,69,"SVP",1,0.625,0.769230769230769,5,0.0200433006076728
"rand1",0.9,69,"SVP (BIC)",1,0.625,0.769230769230769,5,0.0200433006076728
"rand1",0.9,70,"PELT",0.833333333333333,0.625,0.714285714285714,6,0.00896923675060152
"rand1",0.9,70,"SVP",1,0.625,0.769230769230769,5,0.0105784031812472
"rand1",0.9,70,"SVP (BIC)",1,0.625,0.769230769230769,5,0.0105784031812472
"rand1",0.9,71,"PELT",0.8,0.5,0.615384615384615,5,0.0230588149329918
"rand1",0.9,71,"SVP",0.8,0.5,0.615384615384615,5,0.0230588149329918
"rand1",0.9,71,"SVP (BIC)",0.8,0.5,0.615384615384615,5,0.0230588149329918
"rand1",0.9,72,"PELT",0.8,0.5,0.615384615384615,5,0.0213692917535449
"rand1",0.9,72,"SVP",0.8,0.5,0.615384615384615,5,0.0213692917535449
"rand1",0.9,72,"SVP (BIC)",0.8,0.5,0.615384615384615,5,0.0213692917535449
"rand1",0.9,73,"PELT",0.833333333333333,0.625,0.714285714285714,6,0.0164182257205318
"rand1",0.9,73,"SVP",1,0.625,0.769230769230769,5,0.0157265490006312
"rand1",0.9,73,"SVP (BIC)",1,0.625,0.769230769230769,5,0.0157265490006312
"rand1",0.9,74,"PELT",1,0.625,0.769230769230769,5,0.0143591559739547
"rand1",0.9,74,"SVP",1,0.625,0.769230769230769,5,0.0143591559739547
"rand1",0.9,74,"SVP (BIC)",0.75,0.375,0.5,4,0.0663234671400227
"rand1",0.9,75,"PELT",0.833333333333333,0.625,0.714285714285714,6,0.0118495055652055
"rand1",0.9,75,"SVP",0.833333333333333,0.625,0.714285714285714,6,0.0118495055652055
"rand1",0.9,75,"SVP (BIC)",1,0.625,0.769230769230769,5,0.012868858107106
"rand1",0.9,76,"PELT",1,0.625,0.769230769230769,5,0.0172436559418678
"rand1",0.9,76,"SVP",1,0.625,0.769230769230769,5,0.0172436559418678
"rand1",0.9,76,"SVP (BIC)",1,0.625,0.769230769230769,5,0.0172436559418678
"rand1",0.9,77,"PELT",1,0.625,0.769230769230769,5,0.010937770764469
"rand1",0.9,77,"SVP",1,0.625,0.769230769230769,5,0.010937770764469
"rand1",0.9,77,"SVP (BIC)",1,0.625,0.769230769230769,5,0.010937770764469
"rand1",0.9,78,"PELT",1,0.625,0.769230769230769,5,0.0164722210242907
"rand1",0.9,78,"SVP",1,0.625,0.769230769230769,5,0.0164722210242907
"rand1",0.9,78,"SVP (BIC)",1,0.625,0.769230769230769,5,0.0164722210242907
"rand1",0.9,79,"PELT",0.6,0.375,0.461538461538462,5,0.0211030674047672
"rand1",0.9,79,"SVP",0.6,0.375,0.461538461538462,5,0.0211030674047672
"rand1",0.9,79,"SVP (BIC)",0.6,0.375,0.461538461538462,5,0.0211030674047672
"rand1",0.9,80,"PELT",0.8,0.5,0.615384615384615,5,0.0247667635633701
"rand1",0.9,80,"SVP",0.8,0.5,0.615384615384615,5,0.0247667635633701
"rand1",0.9,80,"SVP (BIC)",0.8,0.5,0.615384615384615,5,0.0247667635633701
"rand1",0.9,81,"PELT",0.8,0.5,0.615384615384615,5,0.0258495519606179
"rand1",0.9,81,"SVP",0.8,0.5,0.615384615384615,5,0.0258495519606179
"rand1",0.9,81,"SVP (BIC)",0.5,0.25,0.333333333333333,4,0.0784698359861055
"rand1",0.9,82,"PELT",1,0.625,0.769230769230769,5,0.012498936035472
"rand1",0.9,82,"SVP",1,0.625,0.769230769230769,5,0.012498936035472
"rand1",0.9,82,"SVP (BIC)",0.75,0.375,0.5,4,0.0655440648064956
"rand1",0.9,83,"PELT",1,0.625,0.769230769230769,5,0.020300982437926
"rand1",0.9,83,"SVP",1,0.625,0.769230769230769,5,0.020300982437926
"rand1",0.9,83,"SVP (BIC)",1,0.625,0.769230769230769,5,0.020300982437926
"rand1",0.9,84,"PELT",0.8,0.5,0.615384615384615,5,0.0280434301407074
"rand1",0.9,84,"SVP",0.8,0.5,0.615384615384615,5,0.0280434301407074
"rand1",0.9,84,"SVP (BIC)",0.8,0.5,0.615384615384615,5,0.0280434301407074
"rand1",0.9,85,"PELT",1,0.625,0.769230769230769,5,0.0145827752162214
"rand1",0.9,85,"SVP",1,0.625,0.769230769230769,5,0.0145827752162214
"rand1",0.9,85,"SVP (BIC)",1,0.625,0.769230769230769,5,0.0145827752162214
"rand1",0.9,86,"PELT",0.6,0.375,0.461538461538462,5,0.0314316736760148
"rand1",0.9,86,"SVP",0.6,0.375,0.461538461538462,5,0.0314316736760148
"rand1",0.9,86,"SVP (BIC)",0.6,0.375,0.461538461538462,5,0.0314316736760148
"rand1",0.9,87,"PELT",0.5,0.375,0.428571428571429,6,0.0566405077607149
"rand1",0.9,87,"SVP",0.5,0.375,0.428571428571429,6,0.0566405077607149
"rand1",0.9,87,"SVP (BIC)",0.6,0.375,0.461538461538462,5,0.0521464657709688
"rand1",0.9,88,"PELT",0.6,0.375,0.461538461538462,5,0.042447703287719
"rand1",0.9,88,"SVP",0.6,0.375,0.461538461538462,5,0.042447703287719
"rand1",0.9,88,"SVP (BIC)",0.6,0.375,0.461538461538462,5,0.042447703287719
"rand1",0.9,89,"PELT",0.6,0.375,0.461538461538462,5,0.0246451484697186
"rand1",0.9,89,"SVP",0.6,0.375,0.461538461538462,5,0.0246451484697186
"rand1",0.9,89,"SVP (BIC)",0.5,0.25,0.333333333333333,4,0.074062305693622
"rand1",0.9,90,"PELT",1,0.625,0.769230769230769,5,0.0121307902449505
"rand1",0.9,90,"SVP",1,0.625,0.769230769230769,5,0.0121307902449505
"rand1",0.9,90,"SVP (BIC)",1,0.625,0.769230769230769,5,0.0121307902449505
"rand1",0.9,91,"PELT",1,0.625,0.769230769230769,5,0.0135587708931454
"rand1",0.9,91,"SVP",1,0.625,0.769230769230769,5,0.0135587708931454
"rand1",0.9,91,"SVP (BIC)",0.75,0.375,0.5,4,0.0663998919236673
"rand1",0.9,92,"PELT",1,0.625,0.769230769230769,5,0.012188766248888
"rand1",0.9,92,"SVP",1,0.625,0.769230769230769,5,0.012188766248888
"rand1",0.9,92,"SVP (BIC)",0.75,0.375,0.5,4,0.0655727549003633
"rand1",0.9,93,"PELT",0.6,0.375,0.461538461538462,5,0.0312950515330353
"rand1",0.9,93,"SVP",0.6,0.375,0.461538461538462,5,0.0312950515330353
"rand1",0.9,93,"SVP (BIC)",0.6,0.375,0.461538461538462,5,0.0312950515330353
"rand1",0.9,94,"PELT",0.833333333333333,0.625,0.714285714285714,6,0.0171862143754997
"rand1",0.9,94,"SVP",1,0.625,0.769230769230769,5,0.0184595886783196
"rand1",0.9,94,"SVP (BIC)",1,0.625,0.769230769230769,5,0.0184595886783196
"rand1",0.9,95,"PELT",0.8,0.5,0.615384615384615,5,0.0204884044708227
"rand1",0.9,95,"SVP",0.8,0.5,0.615384615384615,5,0.0204884044708227
"rand1",0.9,95,"SVP (BIC)",0.8,0.5,0.615384615384615,5,0.0204884044708227
"rand1",0.9,96,"PELT",1,0.625,0.769230769230769,5,0.0185521789698504
"rand1",0.9,96,"SVP",1,0.625,0.769230769230769,5,0.0185521789698504
"rand1",0.9,96,"SVP (BIC)",1,0.625,0.769230769230769,5,0.0185521789698504
"rand1",0.9,97,"PELT",0.8,0.5,0.615384615384615,5,0.0212508856623759
"rand1",0.9,97,"SVP",0.8,0.5,0.615384615384615,5,0.0212508856623759
"rand1",0.9,97,"SVP (BIC)",0.8,0.5,0.615384615384615,5,0.0212508856623759
"rand1",0.9,98,"PELT",0.6,0.375,0.461538461538462,5,0.0295606457192851
"rand1",0.9,98,"SVP",0.6,0.375,0.461538461538462,5,0.0295606457192851
"rand1",0.9,98,"SVP (BIC)",0.6,0.375,0.461538461538462,5,0.0295606457192851
"rand1",0.9,99,"PELT",1,0.625,0.769230769230769,5,0.0254802566420314
"rand1",0.9,99,"SVP",1,0.625,0.769230769230769,5,0.0254802566420314
"rand1",0.9,99,"SVP (BIC)",1,0.625,0.769230769230769,5,0.0254802566420314
"rand1",0.9,100,"PELT",0.6,0.375,0.461538461538462,5,0.0521653565004587
"rand1",0.9,100,"SVP",0.5,0.25,0.333333333333333,4,0.0970909058557522
"rand1",0.9,100,"SVP (BIC)",0.5,0.25,0.333333333333333,4,0.0938778376577596
"none",1,1,"PELT",1,1,1,1,0.000722095757143144
"none",1,1,"SVP",1,1,1,1,0.000722095757143144
"none",1,1,"SVP (BIC)",1,1,1,1,0.000722095757143144
"none",1,2,"PELT",1,1,1,1,2.17176563741551e-05
"none",1,2,"SVP",1,1,1,1,2.17176563741551e-05
"none",1,2,"SVP (BIC)",1,1,1,1,2.17176563741551e-05
"none",1,3,"PELT",1,1,1,1,0.000276487836580245
"none",1,3,"SVP",1,1,1,1,0.000276487836580245
"none",1,3,"SVP (BIC)",1,1,1,1,0.000276487836580245
"none",1,4,"PELT",1,1,1,1,0.000129939032773844
"none",1,4,"SVP",1,1,1,1,0.000129939032773844
"none",1,4,"SVP (BIC)",1,1,1,1,0.000129939032773844
"none",1,5,"PELT",1,1,1,1,3.03303190689822e-05
"none",1,5,"SVP",1,1,1,1,3.03303190689822e-05
"none",1,5,"SVP (BIC)",1,1,1,1,3.03303190689822e-05
"none",1,6,"PELT",1,1,1,1,7.36736919602887e-05
"none",1,6,"SVP",1,1,1,1,7.36736919602887e-05
"none",1,6,"SVP (BIC)",1,1,1,1,7.36736919602887e-05
"none",1,7,"PELT",1,1,1,1,0.000818185111274782
"none",1,7,"SVP",1,1,1,1,0.000818185111274782
"none",1,7,"SVP (BIC)",1,1,1,1,0.000818185111274782
"none",1,8,"PELT",1,1,1,1,0.000343143724516923
"none",1,8,"SVP",1,1,1,1,0.000343143724516923
"none",1,8,"SVP (BIC)",1,1,1,1,0.000343143724516923
"none",1,9,"PELT",1,1,1,1,0.00312596072761739
"none",1,9,"SVP",1,1,1,1,0.00312596072761739
"none",1,9,"SVP (BIC)",1,1,1,1,0.00312596072761739
"none",1,10,"PELT",1,1,1,1,0.00134590083425853
"none",1,10,"SVP",1,1,1,1,0.00134590083425853
"none",1,10,"SVP (BIC)",1,1,1,1,0.00134590083425853
"none",1,11,"PELT",1,1,1,1,0.00397817621130353
"none",1,11,"SVP",1,1,1,1,0.00397817621130353
"none",1,11,"SVP (BIC)",1,1,1,1,0.00397817621130353
"none",1,12,"PELT",1,1,1,1,0.00390075593947775
"none",1,12,"SVP",1,1,1,1,0.00390075593947775
"none",1,12,"SVP (BIC)",1,1,1,1,0.00390075593947775
"none",1,13,"PELT",1,1,1,1,0.000701138756769036
"none",1,13,"SVP",1,1,1,1,0.000701138756769036
"none",1,13,"SVP (BIC)",1,1,1,1,0.000701138756769036
"none",1,14,"PELT",1,1,1,1,3.53536636176615e-06
"none",1,14,"SVP",1,1,1,1,3.53536636176615e-06
"none",1,14,"SVP (BIC)",1,1,1,1,3.53536636176615e-06
"none",1,15,"PELT",1,1,1,1,3.3520604605243e-06
"none",1,15,"SVP",1,1,1,1,3.3520604605243e-06
"none",1,15,"SVP (BIC)",1,1,1,1,3.3520604605243e-06
"none",1,16,"PELT",1,1,1,1,0.000271338859854346
"none",1,16,"SVP",1,1,1,1,0.000271338859854346
"none",1,16,"SVP (BIC)",1,1,1,1,0.000271338859854346
"none",1,17,"PELT",1,1,1,1,0.00425492766856311
"none",1,17,"SVP",1,1,1,1,0.00425492766856311
"none",1,17,"SVP (BIC)",1,1,1,1,0.00425492766856311
"none",1,18,"PELT",1,1,1,1,0.00248331844611916
"none",1,18,"SVP",1,1,1,1,0.00248331844611916
"none",1,18,"SVP (BIC)",1,1,1,1,0.00248331844611916
"none",1,19,"PELT",1,1,1,1,0.000933528388815653
"none",1,19,"SVP",1,1,1,1,0.000933528388815653
"none",1,19,"SVP (BIC)",1,1,1,1,0.000933528388815653
"none",1,20,"PELT",1,1,1,1,0.000588911184792924
"none",1,20,"SVP",1,1,1,1,0.000588911184792924
"none",1,20,"SVP (BIC)",1,1,1,1,0.000588911184792924
"none",1,21,"PELT",1,1,1,1,3.62558342079754e-06
"none",1,21,"SVP",1,1,1,1,3.62558342079754e-06
"none",1,21,"SVP (BIC)",1,1,1,1,3.62558342079754e-06
"none",1,22,"PELT",1,1,1,1,0.00498994967508886
"none",1,22,"SVP",1,1,1,1,0.00498994967508886
"none",1,22,"SVP (BIC)",1,1,1,1,0.00498994967508886
"none",1,23,"PELT",1,1,1,1,0.000963872506391382
"none",1,23,"SVP",1,1,1,1,0.000963872506391382
"none",1,23,"SVP (BIC)",1,1,1,1,0.000963872506391382
"none",1,24,"PELT",1,1,1,1,0.00303543924088773
"none",1,24,"SVP",1,1,1,1,0.00303543924088773
"none",1,24,"SVP (BIC)",1,1,1,1,0.00303543924088773
"none",1,25,"PELT",1,1,1,1,0.0012445256715999
"none",1,25,"SVP",1,1,1,1,0.0012445256715999
"none",1,25,"SVP (BIC)",1,1,1,1,0.0012445256715999
"none",1,26,"PELT",1,1,1,1,0.00102738478939107
"none",1,26,"SVP",1,1,1,1,0.00102738478939107
"none",1,26,"SVP (BIC)",1,1,1,1,0.00102738478939107
"none",1,27,"PELT",1,1,1,1,0.0046100227444592
"none",1,27,"SVP",1,1,1,1,0.0046100227444592
"none",1,27,"SVP (BIC)",1,1,1,1,0.0046100227444592
"none",1,28,"PELT",1,1,1,1,0.00614602686407166
"none",1,28,"SVP",1,1,1,1,0.00614602686407166
"none",1,28,"SVP (BIC)",1,1,1,1,0.00614602686407166
"none",1,29,"PELT",1,1,1,1,0.00143762206272717
"none",1,29,"SVP",1,1,1,1,0.00143762206272717
"none",1,29,"SVP (BIC)",1,1,1,1,0.00143762206272717
"none",1,30,"PELT",1,1,1,1,0.000133481140549097
"none",1,30,"SVP",1,1,1,1,0.000133481140549097
"none",1,30,"SVP (BIC)",1,1,1,1,0.000133481140549097
"none",1,31,"PELT",1,1,1,1,0.000874846864745975
"none",1,31,"SVP",1,1,1,1,0.000874846864745975
"none",1,31,"SVP (BIC)",1,1,1,1,0.000874846864745975
"none",1,32,"PELT",1,1,1,1,0.000765230222811786
"none",1,32,"SVP",1,1,1,1,0.000765230222811786
"none",1,32,"SVP (BIC)",1,1,1,1,0.000765230222811786
"none",1,33,"PELT",1,1,1,1,0.00247298774264466
"none",1,33,"SVP",1,1,1,1,0.00247298774264466
"none",1,33,"SVP (BIC)",1,1,1,1,0.00247298774264466
"none",1,34,"PELT",1,1,1,1,4.03417751517251e-05
"none",1,34,"SVP",1,1,1,1,4.03417751517251e-05
"none",1,34,"SVP (BIC)",1,1,1,1,4.03417751517251e-05
"none",1,35,"PELT",1,1,1,1,2.26847222080186e-06
"none",1,35,"SVP",1,1,1,1,2.26847222080186e-06
"none",1,35,"SVP (BIC)",1,1,1,1,2.26847222080186e-06
"none",1,36,"PELT",1,1,1,1,0.000922399767923618
"none",1,36,"SVP",1,1,1,1,0.000922399767923618
"none",1,36,"SVP (BIC)",1,1,1,1,0.000922399767923618
"none",1,37,"PELT",1,1,1,1,0.000296536739326202
"none",1,37,"SVP",1,1,1,1,0.000296536739326202
"none",1,37,"SVP (BIC)",1,1,1,1,0.000296536739326202
"none",1,38,"PELT",1,1,1,1,0.000396785187729754
"none",1,38,"SVP",1,1,1,1,0.000396785187729754
"none",1,38,"SVP (BIC)",1,1,1,1,0.000396785187729754
"none",1,39,"PELT",1,1,1,1,0.00410221309971845
"none",1,39,"SVP",1,1,1,1,0.00410221309971845
"none",1,39,"SVP (BIC)",1,1,1,1,0.00410221309971845
"none",1,40,"PELT",1,1,1,1,0.000307351974879595
"none",1,40,"SVP",1,1,1,1,0.000307351974879595
"none",1,40,"SVP (BIC)",1,1,1,1,0.000307351974879595
"none",1,41,"PELT",1,1,1,1,0.000354750806713292
"none",1,41,"SVP",1,1,1,1,0.000354750806713292
"none",1,41,"SVP (BIC)",1,1,1,1,0.000354750806713292
"none",1,42,"PELT",1,1,1,1,5.94077606855347e-05
"none",1,42,"SVP",1,1,1,1,5.94077606855347e-05
"none",1,42,"SVP (BIC)",1,1,1,1,5.94077606855347e-05
"none",1,43,"PELT",1,1,1,1,0.00206141845417971
"none",1,43,"SVP",1,1,1,1,0.00206141845417971
"none",1,43,"SVP (BIC)",1,1,1,1,0.00206141845417971
"none",1,44,"PELT",1,1,1,1,0.00243253684769104
"none",1,44,"SVP",1,1,1,1,0.00243253684769104
"none",1,44,"SVP (BIC)",1,1,1,1,0.00243253684769104
"none",1,45,"PELT",1,1,1,1,4.32965847264821e-05
"none",1,45,"SVP",1,1,1,1,4.32965847264821e-05
"none",1,45,"SVP (BIC)",1,1,1,1,4.32965847264821e-05
"none",1,46,"PELT",1,1,1,1,0.00025162721893719
"none",1,46,"SVP",0.5,1,0.666666666666667,2,0.00275569668331071
"none",1,46,"SVP (BIC)",1,1,1,1,0.00025162721893719
"none",1,47,"PELT",1,1,1,1,0.000661398844481395
"none",1,47,"SVP",1,1,1,1,0.000661398844481395
"none",1,47,"SVP (BIC)",1,1,1,1,0.000661398844481395
"none",1,48,"PELT",1,1,1,1,0.000385745240205127
"none",1,48,"SVP",1,1,1,1,0.000385745240205127
"none",1,48,"SVP (BIC)",1,1,1,1,0.000385745240205127
"none",1,49,"PELT",1,1,1,1,1.52276554195819e-06
"none",1,49,"SVP",1,1,1,1,1.52276554195819e-06
"none",1,49,"SVP (BIC)",1,1,1,1,1.52276554195819e-06
"none",1,50,"PELT",1,1,1,1,9.8444098786283e-05
"none",1,50,"SVP",1,1,1,1,9.8444098786283e-05
"none",1,50,"SVP (BIC)",1,1,1,1,9.8444098786283e-05
"none",1,51,"PELT",1,1,1,1,0.00198634389048685
"none",1,51,"SVP",1,1,1,1,0.00198634389048685
"none",1,51,"SVP (BIC)",1,1,1,1,0.00198634389048685
"none",1,52,"PELT",1,1,1,1,0.000452876311755693
"none",1,52,"SVP",0.5,1,0.666666666666667,2,0.000474295385669299
"none",1,52,"SVP (BIC)",1,1,1,1,0.000452876311755693
"none",1,53,"PELT",1,1,1,1,0.00582657125901479
"none",1,53,"SVP",1,1,1,1,0.00582657125901479
"none",1,53,"SVP (BIC)",1,1,1,1,0.00582657125901479
"none",1,54,"PELT",1,1,1,1,0.00284396194907267
"none",1,54,"SVP",1,1,1,1,0.00284396194907267
"none",1,54,"SVP (BIC)",1,1,1,1,0.00284396194907267
"none",1,55,"PELT",1,1,1,1,0.00103952582393907
"none",1,55,"SVP",1,1,1,1,0.00103952582393907
"none",1,55,"SVP (BIC)",1,1,1,1,0.00103952582393907
"none",1,56,"PELT",1,1,1,1,0.000755141197765791
"none",1,56,"SVP",1,1,1,1,0.000755141197765791
"none",1,56,"SVP (BIC)",1,1,1,1,0.000755141197765791
"none",1,57,"PELT",1,1,1,1,0.000615668856484986
"none",1,57,"SVP",1,1,1,1,0.000615668856484986
"none",1,57,"SVP (BIC)",1,1,1,1,0.000615668856484986
"none",1,58,"PELT",1,1,1,1,0.00056136796621248
"none",1,58,"SVP",1,1,1,1,0.00056136796621248
"none",1,58,"SVP (BIC)",1,1,1,1,0.00056136796621248
"none",1,59,"PELT",1,1,1,1,0.000485374643563276
"none",1,59,"SVP",1,1,1,1,0.000485374643563276
"none",1,59,"SVP (BIC)",1,1,1,1,0.000485374643563276
"none",1,60,"PELT",1,1,1,1,0.000322888284096728
"none",1,60,"SVP",1,1,1,1,0.000322888284096728
"none",1,60,"SVP (BIC)",1,1,1,1,0.000322888284096728
"none",1,61,"PELT",1,1,1,1,0.00116931375800627
"none",1,61,"SVP",1,1,1,1,0.00116931375800627
"none",1,61,"SVP (BIC)",1,1,1,1,0.00116931375800627
"none",1,62,"PELT",1,1,1,1,0.000413199991425764
"none",1,62,"SVP",1,1,1,1,0.000413199991425764
"none",1,62,"SVP (BIC)",1,1,1,1,0.000413199991425764
"none",1,63,"PELT",1,1,1,1,0.00014098645399451
"none",1,63,"SVP",1,1,1,1,0.00014098645399451
"none",1,63,"SVP (BIC)",1,1,1,1,0.00014098645399451
"none",1,64,"PELT",1,1,1,1,0.00328942754934193
"none",1,64,"SVP",1,1,1,1,0.00328942754934193
"none",1,64,"SVP (BIC)",1,1,1,1,0.00328942754934193
"none",1,65,"PELT",1,1,1,1,0.00138216422338584
"none",1,65,"SVP",1,1,1,1,0.00138216422338584
"none",1,65,"SVP (BIC)",1,1,1,1,0.00138216422338584
"none",1,66,"PELT",1,1,1,1,0.000292515140775513
"none",1,66,"SVP",1,1,1,1,0.000292515140775513
"none",1,66,"SVP (BIC)",1,1,1,1,0.000292515140775513
"none",1,67,"PELT",1,1,1,1,0.00201856702744927
"none",1,67,"SVP",1,1,1,1,0.00201856702744927
"none",1,67,"SVP (BIC)",1,1,1,1,0.00201856702744927
"none",1,68,"PELT",1,1,1,1,7.25576282275929e-05
"none",1,68,"SVP",1,1,1,1,7.25576282275929e-05
"none",1,68,"SVP (BIC)",1,1,1,1,7.25576282275929e-05
"none",1,69,"PELT",1,1,1,1,0.00241804235556397
"none",1,69,"SVP",1,1,1,1,0.00241804235556397
"none",1,69,"SVP (BIC)",1,1,1,1,0.00241804235556397
"none",1,70,"PELT",1,1,1,1,1.91245332707877e-05
"none",1,70,"SVP",1,1,1,1,1.91245332707877e-05
"none",1,70,"SVP (BIC)",1,1,1,1,1.91245332707877e-05
"none",1,71,"PELT",1,1,1,1,0.00198046429085462
"none",1,71,"SVP",1,1,1,1,0.00198046429085462
"none",1,71,"SVP (BIC)",1,1,1,1,0.00198046429085462
"none",1,72,"PELT",1,1,1,1,0.000186549031319469
"none",1,72,"SVP",1,1,1,1,0.000186549031319469
"none",1,72,"SVP (BIC)",1,1,1,1,0.000186549031319469
"none",1,73,"PELT",1,1,1,1,0.000450898528880608
"none",1,73,"SVP",1,1,1,1,0.000450898528880608
"none",1,73,"SVP (BIC)",1,1,1,1,0.000450898528880608
"none",1,74,"PELT",1,1,1,1,0.00389032535529944
"none",1,74,"SVP",1,1,1,1,0.00389032535529944
"none",1,74,"SVP (BIC)",1,1,1,1,0.00389032535529944
"none",1,75,"PELT",1,1,1,1,0.000301650634872444
"none",1,75,"SVP",0.5,1,0.666666666666667,2,0.00222132117461223
"none",1,75,"SVP (BIC)",1,1,1,1,0.000301650634872444
"none",1,76,"PELT",1,1,1,1,0.000258301323371142
"none",1,76,"SVP",1,1,1,1,0.000258301323371142
"none",1,76,"SVP (BIC)",1,1,1,1,0.000258301323371142
"none",1,77,"PELT",1,1,1,1,0.00100965264304964
"none",1,77,"SVP",1,1,1,1,0.00100965264304964
"none",1,77,"SVP (BIC)",1,1,1,1,0.00100965264304964
"none",1,78,"PELT",1,1,1,1,5.93915789444649e-05
"none",1,78,"SVP",1,1,1,1,5.93915789444649e-05
"none",1,78,"SVP (BIC)",1,1,1,1,5.93915789444649e-05
"none",1,79,"PELT",1,1,1,1,2.2084605388195e-05
"none",1,79,"SVP",1,1,1,1,2.2084605388195e-05
"none",1,79,"SVP (BIC)",1,1,1,1,2.2084605388195e-05
"none",1,80,"PELT",1,1,1,1,2.50114687453402e-05
"none",1,80,"SVP",1,1,1,1,2.50114687453402e-05
"none",1,80,"SVP (BIC)",1,1,1,1,2.50114687453402e-05
"none",1,81,"PELT",1,1,1,1,0.006180035961351
"none",1,81,"SVP",1,1,1,1,0.006180035961351
"none",1,81,"SVP (BIC)",1,1,1,1,0.006180035961351
"none",1,82,"PELT",1,1,1,1,0.000191905821901574
"none",1,82,"SVP",1,1,1,1,0.000191905821901574
"none",1,82,"SVP (BIC)",1,1,1,1,0.000191905821901574
"none",1,83,"PELT",1,1,1,1,1.76706451041825e-06
"none",1,83,"SVP",1,1,1,1,1.76706451041825e-06
"none",1,83,"SVP (BIC)",1,1,1,1,1.76706451041825e-06
"none",1,84,"PELT",1,1,1,1,7.57861369341496e-05
"none",1,84,"SVP",1,1,1,1,7.57861369341496e-05
"none",1,84,"SVP (BIC)",1,1,1,1,7.57861369341496e-05
"none",1,85,"PELT",1,1,1,1,0.00341219688827495
"none",1,85,"SVP",1,1,1,1,0.00341219688827495
"none",1,85,"SVP (BIC)",1,1,1,1,0.00341219688827495
"none",1,86,"PELT",1,1,1,1,1.87776652712095e-06
"none",1,86,"SVP",1,1,1,1,1.87776652712095e-06
"none",1,86,"SVP (BIC)",1,1,1,1,1.87776652712095e-06
"none",1,87,"PELT",1,1,1,1,0.00111000818573424
"none",1,87,"SVP",1,1,1,1,0.00111000818573424
"none",1,87,"SVP (BIC)",1,1,1,1,0.00111000818573424
"none",1,88,"PELT",1,1,1,1,0.000772422056179995
"none",1,88,"SVP",1,1,1,1,0.000772422056179995
"none",1,88,"SVP (BIC)",1,1,1,1,0.000772422056179995
"none",1,89,"PELT",1,1,1,1,0.000820941720107855
"none",1,89,"SVP",1,1,1,1,0.000820941720107855
"none",1,89,"SVP (BIC)",1,1,1,1,0.000820941720107855
"none",1,90,"PELT",1,1,1,1,0.00353974554221416
"none",1,90,"SVP",1,1,1,1,0.00353974554221416
"none",1,90,"SVP (BIC)",1,1,1,1,0.00353974554221416
"none",1,91,"PELT",1,1,1,1,0.00102884922780154
"none",1,91,"SVP",1,1,1,1,0.00102884922780154
"none",1,91,"SVP (BIC)",1,1,1,1,0.00102884922780154
"none",1,92,"PELT",1,1,1,1,0.000680639056314433
"none",1,92,"SVP",1,1,1,1,0.000680639056314433
"none",1,92,"SVP (BIC)",1,1,1,1,0.000680639056314433
"none",1,93,"PELT",1,1,1,1,1.4353485464611e-05
"none",1,93,"SVP",1,1,1,1,1.4353485464611e-05
"none",1,93,"SVP (BIC)",1,1,1,1,1.4353485464611e-05
"none",1,94,"PELT",1,1,1,1,0.000550418886340207
"none",1,94,"SVP",1,1,1,1,0.000550418886340207
"none",1,94,"SVP (BIC)",1,1,1,1,0.000550418886340207
"none",1,95,"PELT",1,1,1,1,1.44242841076697e-05
"none",1,95,"SVP",1,1,1,1,1.44242841076697e-05
"none",1,95,"SVP (BIC)",1,1,1,1,1.44242841076697e-05
"none",1,96,"PELT",1,1,1,1,0.00359576467486541
"none",1,96,"SVP",1,1,1,1,0.00359576467486541
"none",1,96,"SVP (BIC)",1,1,1,1,0.00359576467486541
"none",1,97,"PELT",1,1,1,1,0.000151526495721996
"none",1,97,"SVP",1,1,1,1,0.000151526495721996
"none",1,97,"SVP (BIC)",1,1,1,1,0.000151526495721996
"none",1,98,"PELT",1,1,1,1,0.000927179304644796
"none",1,98,"SVP",1,1,1,1,0.000927179304644796
"none",1,98,"SVP (BIC)",1,1,1,1,0.000927179304644796
"none",1,99,"PELT",1,1,1,1,0.00168921887298853
"none",1,99,"SVP",1,1,1,1,0.00168921887298853
"none",1,99,"SVP (BIC)",1,1,1,1,0.00168921887298853
"none",1,100,"PELT",1,1,1,1,0.00267672995299192
"none",1,100,"SVP",1,1,1,1,0.00267672995299192
"none",1,100,"SVP (BIC)",1,1,1,1,0.00267672995299192
"up",1,1,"PELT",0.75,0.75,0.75,8,0.0177123706491011
"up",1,1,"SVP",0.75,0.75,0.75,8,0.0177123706491011
"up",1,1,"SVP (BIC)",0.75,0.75,0.75,8,0.0177123706491011
"up",1,2,"PELT",0.5,0.5,0.5,8,0.0437342066211135
"up",1,2,"SVP",0.5,0.5,0.5,8,0.0437342066211135
"up",1,2,"SVP (BIC)",0.5,0.5,0.5,8,0.0437342066211135
"up",1,3,"PELT",0.625,0.625,0.625,8,0.0347829223272222
"up",1,3,"SVP",0.625,0.625,0.625,8,0.0347829223272222
"up",1,3,"SVP (BIC)",0.625,0.625,0.625,8,0.0347829223272222
"up",1,4,"PELT",0.5,0.5,0.5,8,0.0435002467386309
"up",1,4,"SVP",0.5,0.5,0.5,8,0.0435002467386309
"up",1,4,"SVP (BIC)",0.5,0.5,0.5,8,0.0435002467386309
"up",1,5,"PELT",0.375,0.375,0.375,8,0.0366653692105797
"up",1,5,"SVP",0.285714285714286,0.25,0.266666666666667,7,0.13418496024607
"up",1,5,"SVP (BIC)",0.285714285714286,0.25,0.266666666666667,7,0.113961003730373
"up",1,6,"PELT",0.875,0.875,0.875,8,0.0134038361826891
"up",1,6,"SVP",0.875,0.875,0.875,8,0.0134038361826891
"up",1,6,"SVP (BIC)",0.714285714285714,0.625,0.666666666666667,7,0.106772034494164
"up",1,7,"PELT",0.625,0.625,0.625,8,0.0287088379476639
"up",1,7,"SVP",0.625,0.625,0.625,8,0.0287088379476639
"up",1,7,"SVP (BIC)",0.625,0.625,0.625,8,0.0287088379476639
"up",1,8,"PELT",0.625,0.625,0.625,8,0.0348405934085398
"up",1,8,"SVP",0.625,0.625,0.625,8,0.0348405934085398
"up",1,8,"SVP (BIC)",0.625,0.625,0.625,8,0.0348405934085398
"up",1,9,"PELT",0.5,0.5,0.5,8,0.0413826979183256
"up",1,9,"SVP",0.5,0.5,0.5,8,0.0413826979183256
"up",1,9,"SVP (BIC)",0.5,0.5,0.5,8,0.0413826979183256
"up",1,10,"PELT",0.5,0.5,0.5,8,0.0315760161169127
"up",1,10,"SVP",0.5,0.5,0.5,8,0.0315760161169127
"up",1,10,"SVP (BIC)",0.5,0.5,0.5,8,0.0315760161169127
"up",1,11,"PELT",0.75,0.75,0.75,8,0.0672768331942149
"up",1,11,"SVP",0.75,0.75,0.75,8,0.0672768331942149
"up",1,11,"SVP (BIC)",0.75,0.75,0.75,8,0.0672768331942149
"up",1,12,"PELT",0.75,0.75,0.75,8,0.0501212822253841
"up",1,12,"SVP",0.75,0.75,0.75,8,0.0501212822253841
"up",1,12,"SVP (BIC)",0.75,0.75,0.75,8,0.0501212822253841
"up",1,13,"PELT",0.75,0.75,0.75,8,0.025700242681415
"up",1,13,"SVP",0.75,0.75,0.75,8,0.025700242681415
"up",1,13,"SVP (BIC)",0.714285714285714,0.625,0.666666666666667,7,0.104484547719508
"up",1,14,"PELT",0.5,0.5,0.5,8,0.0280350343801896
"up",1,14,"SVP",0.5,0.5,0.5,8,0.0280350343801896
"up",1,14,"SVP (BIC)",0.5,0.5,0.5,8,0.0280350343801896
"up",1,15,"PELT",0.625,0.625,0.625,8,0.0355019445796057
"up",1,15,"SVP",0.625,0.625,0.625,8,0.0355019445796057
"up",1,15,"SVP (BIC)",0.625,0.625,0.625,8,0.0355019445796057
"up",1,16,"PELT",0.75,0.75,0.75,8,0.0114100026384508
"up",1,16,"SVP",0.75,0.75,0.75,8,0.0114100026384508
"up",1,16,"SVP (BIC)",0.714285714285714,0.625,0.666666666666667,7,0.109774423354805
"up",1,17,"PELT",0.625,0.625,0.625,8,0.0347681640049946
"up",1,17,"SVP",0.625,0.625,0.625,8,0.0347681640049946
"up",1,17,"SVP (BIC)",0.166666666666667,0.125,0.142857142857143,6,0.184380538786531
"up",1,18,"PELT",0.625,0.625,0.625,8,0.0408246692204463
"up",1,18,"SVP",0.625,0.625,0.625,8,0.0408246692204463
"up",1,18,"SVP (BIC)",0.625,0.625,0.625,8,0.0408246692204463
"up",1,19,"PELT",0.875,0.875,0.875,8,0.0202531129278603
"up",1,19,"SVP",0.875,0.875,0.875,8,0.0202531129278603
"up",1,19,"SVP (BIC)",0.875,0.875,0.875,8,0.0202531129278603
"up",1,20,"PELT",0.375,0.375,0.375,8,0.0350356987066537
"up",1,20,"SVP",0.333333333333333,0.375,0.352941176470588,9,0.0365890209875207
"up",1,20,"SVP (BIC)",0.285714285714286,0.25,0.266666666666667,7,0.133680917830172
"up",1,21,"PELT",0.625,0.625,0.625,8,0.0413035469370491
"up",1,21,"SVP",0.625,0.625,0.625,8,0.0413035469370491
"up",1,21,"SVP (BIC)",0.625,0.625,0.625,8,0.0413035469370491
"up",1,22,"PELT",0.75,0.75,0.75,8,0.0233057687811164
"up",1,22,"SVP",0.75,0.75,0.75,8,0.0233057687811164
"up",1,22,"SVP (BIC)",0.75,0.75,0.75,8,0.0233057687811164
"up",1,23,"PELT",0.5,0.5,0.5,8,0.040824412914938
"up",1,23,"SVP",0.5,0.5,0.5,8,0.040824412914938
"up",1,23,"SVP (BIC)",0.5,0.5,0.5,8,0.040824412914938
"up",1,24,"PELT",0.625,0.625,0.625,8,0.0336553488492242
"up",1,24,"SVP",0.625,0.625,0.625,8,0.0336553488492242
"up",1,24,"SVP (BIC)",0.625,0.625,0.625,8,0.0336553488492242
"up",1,25,"PELT",0.625,0.625,0.625,8,0.0367750350618356
"up",1,25,"SVP",0.625,0.625,0.625,8,0.0367750350618356
"up",1,25,"SVP (BIC)",0.857142857142857,0.75,0.8,7,0.0938700828798582
"up",1,26,"PELT",0.875,0.875,0.875,8,0.0211565916349404
"up",1,26,"SVP",0.875,0.875,0.875,8,0.0211565916349404
"up",1,26,"SVP (BIC)",0.875,0.875,0.875,8,0.0211565916349404
"up",1,27,"PELT",0.75,0.75,0.75,8,0.020810922291255
"up",1,27,"SVP",0.75,0.75,0.75,8,0.020810922291255
"up",1,27,"SVP (BIC)",0.75,0.75,0.75,8,0.020810922291255
"up",1,28,"PELT",0.625,0.625,0.625,8,0.0276603113200825
"up",1,28,"SVP",0.625,0.625,0.625,8,0.0276603113200825
"up",1,28,"SVP (BIC)",0.428571428571429,0.375,0.4,7,0.106456161683391
"up",1,29,"PELT",0.625,0.625,0.625,8,0.0436267323533439
"up",1,29,"SVP",0.625,0.625,0.625,8,0.0436267323533439
"up",1,29,"SVP (BIC)",0.571428571428571,0.5,0.533333333333333,7,0.140049371747077
"up",1,30,"PELT",0.625,0.625,0.625,8,0.0474167304573239
"up",1,30,"SVP",0.625,0.625,0.625,8,0.0474167304573239
"up",1,30,"SVP (BIC)",0.625,0.625,0.625,8,0.0474167304573239
"up",1,31,"PELT",0.875,0.875,0.875,8,0.0220764614046295
"up",1,31,"SVP",0.875,0.875,0.875,8,0.0220764614046295
"up",1,31,"SVP (BIC)",0.875,0.875,0.875,8,0.0220764614046295
"up",1,32,"PELT",0.625,0.625,0.625,8,0.0258466047440019
"up",1,32,"SVP",0.625,0.625,0.625,8,0.0258466047440019
"up",1,32,"SVP (BIC)",0.625,0.625,0.625,8,0.0258466047440019
"up",1,33,"PELT",0.75,0.75,0.75,8,0.0162981207250591
"up",1,33,"SVP",0.75,0.75,0.75,8,0.0162981207250591
"up",1,33,"SVP (BIC)",0.75,0.75,0.75,8,0.0162981207250591
"up",1,34,"PELT",0.75,0.75,0.75,8,0.0265053327700465
"up",1,34,"SVP",0.75,0.75,0.75,8,0.0265053327700465
"up",1,34,"SVP (BIC)",0.571428571428571,0.5,0.533333333333333,7,0.107924602023825
"up",1,35,"PELT",0.75,0.75,0.75,8,0.0268650122835339
"up",1,35,"SVP",0.555555555555556,0.625,0.588235294117647,9,0.0424530673380515
"up",1,35,"SVP (BIC)",0.857142857142857,0.75,0.8,7,0.0923051584266834
"up",1,36,"PELT",0.625,0.625,0.625,8,0.0427116274617955
"up",1,36,"SVP",0.625,0.625,0.625,8,0.0427116274617955
"up",1,36,"SVP (BIC)",0.625,0.625,0.625,8,0.0427116274617955
"up",1,37,"PELT",0.375,0.375,0.375,8,0.0610177836552982
"up",1,37,"SVP",0.375,0.375,0.375,8,0.0610177836552982
"up",1,37,"SVP (BIC)",0.285714285714286,0.25,0.266666666666667,7,0.132295428671601
"up",1,38,"PELT",0.625,0.625,0.625,8,0.028049315019133
"up",1,38,"SVP",0.625,0.625,0.625,8,0.028049315019133
"up",1,38,"SVP (BIC)",0.571428571428571,0.5,0.533333333333333,7,0.0928453500359896
"up",1,39,"PELT",0.5,0.5,0.5,8,0.0241929324660786
"up",1,39,"SVP",0.5,0.5,0.5,8,0.0241929324660786
"up",1,39,"SVP (BIC)",0.166666666666667,0.125,0.142857142857143,6,0.177782303891305
"up",1,40,"PELT",0.25,0.25,0.25,8,0.033418875287001
"up",1,40,"SVP",0.25,0.25,0.25,8,0.033418875287001
"up",1,40,"SVP (BIC)",0.25,0.25,0.25,8,0.033418875287001
"up",1,41,"PELT",0.625,0.625,0.625,8,0.0375205599068507
"up",1,41,"SVP",0.625,0.625,0.625,8,0.0375205599068507
"up",1,41,"SVP (BIC)",0.5,0.375,0.428571428571429,6,0.191062143507403
"up",1,42,"PELT",0.625,0.625,0.625,8,0.0341200674373706
"up",1,42,"SVP",0.625,0.625,0.625,8,0.0341200674373706
"up",1,42,"SVP (BIC)",0.625,0.625,0.625,8,0.0341200674373706
"up",1,43,"PELT",0.5,0.5,0.5,8,0.04167704653232
"up",1,43,"SVP",0.5,0.5,0.5,8,0.04167704653232
"up",1,43,"SVP (BIC)",0.5,0.5,0.5,8,0.04167704653232
"up",1,44,"PELT",0.75,0.75,0.75,8,0.0113150556585254
"up",1,44,"SVP",0.75,0.75,0.75,8,0.0113150556585254
"up",1,44,"SVP (BIC)",0.75,0.75,0.75,8,0.0113150556585254
"up",1,45,"PELT",0.375,0.375,0.375,8,0.0371693122883314
"up",1,45,"SVP",0.375,0.375,0.375,8,0.0371693122883314
"up",1,45,"SVP (BIC)",0.571428571428571,0.5,0.533333333333333,7,0.0989730672346232
"up",1,46,"PELT",0.625,0.625,0.625,8,0.0288331457746152
"up",1,46,"SVP",0.625,0.625,0.625,8,0.0288331457746152
"up",1,46,"SVP (BIC)",0.428571428571429,0.375,0.4,7,0.0869392375910934
"up",1,47,"PELT",0.375,0.375,0.375,8,0.0502002169846033
"up",1,47,"SVP",0.375,0.375,0.375,8,0.0502002169846033
"up",1,47,"SVP (BIC)",0.375,0.375,0.375,8,0.0502002169846033
"up",1,48,"PELT",0.625,0.625,0.625,8,0.0260895152780866
"up",1,48,"SVP",0.625,0.625,0.625,8,0.0260895152780866
"up",1,48,"SVP (BIC)",0.625,0.625,0.625,8,0.0260895152780866
"up",1,49,"PELT",0.375,0.375,0.375,8,0.0336156472370307
"up",1,49,"SVP",0.375,0.375,0.375,8,0.0336156472370307
"up",1,49,"SVP (BIC)",0.375,0.375,0.375,8,0.0336156472370307
"up",1,50,"PELT",0.625,0.625,0.625,8,0.0293111700138261
"up",1,50,"SVP",0.625,0.625,0.625,8,0.0293111700138261
"up",1,50,"SVP (BIC)",0.571428571428571,0.5,0.533333333333333,7,0.0921860357312661
"up",1,51,"PELT",0.625,0.625,0.625,8,0.0245970356367772
"up",1,51,"SVP",0.625,0.625,0.625,8,0.0245970356367772
"up",1,51,"SVP (BIC)",0.625,0.625,0.625,8,0.0245970356367772
"up",1,52,"PELT",0.5,0.5,0.5,8,0.0374114200246215
"up",1,52,"SVP",0.5,0.5,0.5,8,0.0374114200246215
"up",1,52,"SVP (BIC)",0.333333333333333,0.25,0.285714285714286,6,0.191042329873437
"up",1,53,"PELT",0.375,0.375,0.375,8,0.029063412840694
"up",1,53,"SVP",0.375,0.375,0.375,8,0.029063412840694
"up",1,53,"SVP (BIC)",0.428571428571429,0.375,0.4,7,0.130443593058343
"up",1,54,"PELT",0.5,0.5,0.5,8,0.0294698992316622
"up",1,54,"SVP",0.5,0.5,0.5,8,0.0294698992316622
"up",1,54,"SVP (BIC)",0.5,0.5,0.5,8,0.0294698992316622
"up",1,55,"PELT",0.875,0.875,0.875,8,0.0128900102821151
"up",1,55,"SVP",0.875,0.875,0.875,8,0.0128900102821151
"up",1,55,"SVP (BIC)",0.875,0.875,0.875,8,0.0128900102821151
"up",1,56,"PELT",0.875,0.875,0.875,8,0.00863319880140185
"up",1,56,"SVP",0.875,0.875,0.875,8,0.00863319880140185
"up",1,56,"SVP (BIC)",0.875,0.875,0.875,8,0.00863319880140185
"up",1,57,"PELT",0.75,0.75,0.75,8,0.0222201410794308
"up",1,57,"SVP",0.75,0.75,0.75,8,0.0222201410794308
"up",1,57,"SVP (BIC)",0.333333333333333,0.25,0.285714285714286,6,0.18478429089166
"up",1,58,"PELT",0.75,0.75,0.75,8,0.0225793497270464
"up",1,58,"SVP",0.75,0.75,0.75,8,0.0225793497270464
"up",1,58,"SVP (BIC)",0.75,0.75,0.75,8,0.0225793497270464
"up",1,59,"PELT",0.555555555555556,0.625,0.588235294117647,9,0.0566950873034833
"up",1,59,"SVP",0.625,0.625,0.625,8,0.0422687280297865
"up",1,59,"SVP (BIC)",0.625,0.625,0.625,8,0.0422687280297865
"up",1,60,"PELT",0.375,0.375,0.375,8,0.0546725011492853
"up",1,60,"SVP",0.375,0.375,0.375,8,0.0546725011492853
"up",1,60,"SVP (BIC)",0.428571428571429,0.375,0.4,7,0.103057265537512
"up",1,61,"PELT",0.75,0.75,0.75,8,0.0224185269551469
"up",1,61,"SVP",0.75,0.75,0.75,8,0.0224185269551469
"up",1,61,"SVP (BIC)",0.428571428571429,0.375,0.4,7,0.108630850679675
"up",1,62,"PELT",0.5,0.5,0.5,8,0.0256045202614648
"up",1,62,"SVP",0.5,0.5,0.5,8,0.0256045202614648
"up",1,62,"SVP (BIC)",0.5,0.5,0.5,8,0.0256045202614648
"up",1,63,"PELT",0.75,0.75,0.75,8,0.0164699072814819
"up",1,63,"SVP",0.75,0.75,0.75,8,0.0164699072814819
"up",1,63,"SVP (BIC)",0.571428571428571,0.5,0.533333333333333,7,0.106519165470616
"up",1,64,"PELT",0.625,0.625,0.625,8,0.0264732248300672
"up",1,64,"SVP",0.625,0.625,0.625,8,0.0264732248300672
"up",1,64,"SVP (BIC)",0.625,0.625,0.625,8,0.0264732248300672
"up",1,65,"PELT",0.75,0.75,0.75,8,0.0249689890063248
"up",1,65,"SVP",0.75,0.75,0.75,8,0.0249689890063248
"up",1,65,"SVP (BIC)",0.75,0.75,0.75,8,0.0249689890063248
"up",1,66,"PELT",0.375,0.375,0.375,8,0.0573888866752887
"up",1,66,"SVP",0.375,0.375,0.375,8,0.0573888866752887
"up",1,66,"SVP (BIC)",0.428571428571429,0.375,0.4,7,0.101949698965604
"up",1,67,"PELT",0.875,0.875,0.875,8,0.0188680190123062
"up",1,67,"SVP",0.875,0.875,0.875,8,0.0188680190123062
"up",1,67,"SVP (BIC)",0.875,0.875,0.875,8,0.0188680190123062
"up",1,68,"PELT",0.375,0.375,0.375,8,0.0249388731521811
"up",1,68,"SVP",0.375,0.375,0.375,8,0.0249388731521811
"up",1,68,"SVP (BIC)",0.428571428571429,0.375,0.4,7,0.0884749115528522
"up",1,69,"PELT",0.625,0.625,0.625,8,0.054709287053751
"up",1,69,"SVP",0.625,0.625,0.625,8,0.054709287053751
"up",1,69,"SVP (BIC)",0.285714285714286,0.25,0.266666666666667,7,0.141391871116496
"up",1,70,"PELT",0.5,0.5,0.5,8,0.0302748135598074
"up",1,70,"SVP",0.5,0.5,0.5,8,0.0302748135598074
"up",1,70,"SVP (BIC)",0.5,0.5,0.5,8,0.0302748135598074
"up",1,71,"PELT",0.5,0.5,0.5,8,0.0284038032123502
"up",1,71,"SVP",0.5,0.5,0.5,8,0.0284038032123502
"up",1,71,"SVP (BIC)",0.166666666666667,0.125,0.142857142857143,6,0.203743220305735
"up",1,72,"PELT",0.625,0.625,0.625,8,0.0265070877837325
"up",1,72,"SVP",0.625,0.625,0.625,8,0.0265070877837325
"up",1,72,"SVP (BIC)",0.625,0.625,0.625,8,0.0265070877837325
"up",1,73,"PELT",0.625,0.625,0.625,8,0.018948502643671
"up",1,73,"SVP",0.625,0.625,0.625,8,0.018948502643671
"up",1,73,"SVP (BIC)",0.571428571428571,0.5,0.533333333333333,7,0.110959883820343
"up",1,74,"PELT",0.625,0.625,0.625,8,0.0229087875081319
"up",1,74,"SVP",0.625,0.625,0.625,8,0.0229087875081319
"up",1,74,"SVP (BIC)",0.625,0.625,0.625,8,0.0229087875081319
"up",1,75,"PELT",0.75,0.75,0.75,8,0.0220658544906117
"up",1,75,"SVP",0.75,0.75,0.75,8,0.0220658544906117
"up",1,75,"SVP (BIC)",0.714285714285714,0.625,0.666666666666667,7,0.105926997564863
"up",1,76,"PELT",0.5,0.5,0.5,8,0.0306676251201274
"up",1,76,"SVP",0.5,0.5,0.5,8,0.0306676251201274
"up",1,76,"SVP (BIC)",0.5,0.5,0.5,8,0.0306676251201274
"up",1,77,"PELT",0.5,0.5,0.5,8,0.0513784982078844
"up",1,77,"SVP",0.5,0.5,0.5,8,0.0513784982078844
"up",1,77,"SVP (BIC)",0.5,0.5,0.5,8,0.0513784982078844
"up",1,78,"PELT",0.75,0.75,0.75,8,0.0184659243433012
"up",1,78,"SVP",0.75,0.75,0.75,8,0.0184659243433012
"up",1,78,"SVP (BIC)",0.714285714285714,0.625,0.666666666666667,7,0.0835865970816745
"up",1,79,"PELT",0.625,0.625,0.625,8,0.0347764524744649
"up",1,79,"SVP",0.625,0.625,0.625,8,0.0347764524744649
"up",1,79,"SVP (BIC)",0.714285714285714,0.625,0.666666666666667,7,0.0859544178582817
"up",1,80,"PELT",0.875,0.875,0.875,8,0.0194675067536591
"up",1,80,"SVP",0.875,0.875,0.875,8,0.0194675067536591
"up",1,80,"SVP (BIC)",0.875,0.875,0.875,8,0.0194675067536591
"up",1,81,"PELT",0.875,0.875,0.875,8,0.0165741088304299
"up",1,81,"SVP",0.875,0.875,0.875,8,0.0165741088304299
"up",1,81,"SVP (BIC)",0.875,0.875,0.875,8,0.0165741088304299
"up",1,82,"PELT",0.75,0.75,0.75,8,0.0363110277058557
"up",1,82,"SVP",0.75,0.75,0.75,8,0.0363110277058557
"up",1,82,"SVP (BIC)",0.75,0.75,0.75,8,0.0363110277058557
"up",1,83,"PELT",0.375,0.375,0.375,8,0.0417734420396914
"up",1,83,"SVP",0.375,0.375,0.375,8,0.0417734420396914
"up",1,83,"SVP (BIC)",0.375,0.375,0.375,8,0.0417734420396914
"up",1,84,"PELT",0.625,0.625,0.625,8,0.0264265431539269
"up",1,84,"SVP",0.625,0.625,0.625,8,0.0264265431539269
"up",1,84,"SVP (BIC)",0.571428571428571,0.5,0.533333333333333,7,0.121936099086381
"up",1,85,"PELT",0.5,0.5,0.5,8,0.0274355209173501
"up",1,85,"SVP",0.5,0.5,0.5,8,0.0274355209173501
"up",1,85,"SVP (BIC)",0.5,0.5,0.5,8,0.0274355209173501
"up",1,86,"PELT",0.75,0.75,0.75,8,0.0332561852690305
"up",1,86,"SVP",0.75,0.75,0.75,8,0.0332561852690305
"up",1,86,"SVP (BIC)",0.75,0.75,0.75,8,0.0332561852690305
"up",1,87,"PELT",0.875,0.875,0.875,8,0.0176905285660762
"up",1,87,"SVP",0.875,0.875,0.875,8,0.0176905285660762
"up",1,87,"SVP (BIC)",0.875,0.875,0.875,8,0.0176905285660762
"up",1,88,"PELT",0.875,0.875,0.875,8,0.0175740992780188
"up",1,88,"SVP",0.875,0.875,0.875,8,0.0175740992780188
"up",1,88,"SVP (BIC)",0.571428571428571,0.5,0.533333333333333,7,0.10640314349293
"up",1,89,"PELT",0.5,0.5,0.5,8,0.0496102263706366
"up",1,89,"SVP",0.5,0.5,0.5,8,0.0496102263706366
"up",1,89,"SVP (BIC)",0.571428571428571,0.5,0.533333333333333,7,0.0935881434945542
"up",1,90,"PELT",0.625,0.625,0.625,8,0.0362368658848977
"up",1,90,"SVP",0.625,0.625,0.625,8,0.0362368658848977
"up",1,90,"SVP (BIC)",0.571428571428571,0.5,0.533333333333333,7,0.11224594878849
"up",1,91,"PELT",0.5,0.5,0.5,8,0.0300731008078838
"up",1,91,"SVP",0.5,0.5,0.5,8,0.0275748018173098
"up",1,91,"SVP (BIC)",0.5,0.5,0.5,8,0.0300731008078838
"up",1,92,"PELT",0.5,0.5,0.5,8,0.0167581166305048
"up",1,92,"SVP",0.5,0.5,0.5,8,0.0167581166305048
"up",1,92,"SVP (BIC)",0.5,0.5,0.5,8,0.0167581166305048
"up",1,93,"PELT",0.5,0.5,0.5,8,0.0383987236072311
"up",1,93,"SVP",0.5,0.5,0.5,8,0.0383987236072311
"up",1,93,"SVP (BIC)",0.428571428571429,0.375,0.4,7,0.127280536866389
"up",1,94,"PELT",0.875,0.875,0.875,8,0.0189288133413384
"up",1,94,"SVP",0.875,0.875,0.875,8,0.0189288133413384
"up",1,94,"SVP (BIC)",0.875,0.875,0.875,8,0.0189288133413384
"up",1,95,"PELT",1,1,1,8,0.0210325471303444
"up",1,95,"SVP",1,1,1,8,0.0210325471303444
"up",1,95,"SVP (BIC)",0.714285714285714,0.625,0.666666666666667,7,0.121444345831346
"up",1,96,"PELT",0.375,0.375,0.375,8,0.058240419989308
"up",1,96,"SVP",0.375,0.375,0.375,8,0.058240419989308
"up",1,96,"SVP (BIC)",0.285714285714286,0.25,0.266666666666667,7,0.12453111907249
"up",1,97,"PELT",0.75,0.75,0.75,8,0.0213175072143523
"up",1,97,"SVP",0.75,0.75,0.75,8,0.0213175072143523
"up",1,97,"SVP (BIC)",0.75,0.75,0.75,8,0.0213175072143523
"up",1,98,"PELT",0.75,0.75,0.75,8,0.0355594810320535
"up",1,98,"SVP",0.75,0.75,0.75,8,0.0355594810320535
"up",1,98,"SVP (BIC)",0.75,0.75,0.75,8,0.0355594810320535
"up",1,99,"PELT",0.5,0.5,0.5,8,0.0406676677941611
"up",1,99,"SVP",0.5,0.5,0.5,8,0.0406676677941611
"up",1,99,"SVP (BIC)",0.285714285714286,0.25,0.266666666666667,7,0.174119166536371
"up",1,100,"PELT",0.5,0.5,0.5,8,0.0301770662925631
"up",1,100,"SVP",0.5,0.5,0.5,8,0.0301770662925631
"up",1,100,"SVP (BIC)",0.5,0.5,0.5,8,0.0301770662925631
"updown",1,1,"PELT",0.666666666666667,0.75,0.705882352941177,9,0.0577734550696
"updown",1,1,"SVP",0.75,0.75,0.75,8,0.043934422638049
"updown",1,1,"SVP (BIC)",0.75,0.75,0.75,8,0.043934422638049
"updown",1,2,"PELT",0.75,0.75,0.75,8,0.0258549171999096
"updown",1,2,"SVP",0.75,0.75,0.75,8,0.0258549171999096
"updown",1,2,"SVP (BIC)",0.4,0.25,0.307692307692308,5,0.15451395251962
"updown",1,3,"PELT",0.75,0.75,0.75,8,0.0276227860144228
"updown",1,3,"SVP",0.75,0.75,0.75,8,0.0276227860144228
"updown",1,3,"SVP (BIC)",0.75,0.75,0.75,8,0.0276227860144228
"updown",1,4,"PELT",0.625,0.625,0.625,8,0.03436961907516
"updown",1,4,"SVP",0.625,0.625,0.625,8,0.03436961907516
"updown",1,4,"SVP (BIC)",0.625,0.625,0.625,8,0.03436961907516
"updown",1,5,"PELT",0.75,0.75,0.75,8,0.0221434339552668
"updown",1,5,"SVP",0.75,0.75,0.75,8,0.0221434339552668
"updown",1,5,"SVP (BIC)",0.75,0.75,0.75,8,0.0221434339552668
"updown",1,6,"PELT",0.625,0.625,0.625,8,0.0335457201101538
"updown",1,6,"SVP",0.625,0.625,0.625,8,0.0335457201101538
"updown",1,6,"SVP (BIC)",0.625,0.625,0.625,8,0.0335457201101538
"updown",1,7,"PELT",0.75,0.75,0.75,8,0.0307651437537806
"updown",1,7,"SVP",0.75,0.75,0.75,8,0.0307651437537806
"updown",1,7,"SVP (BIC)",0.75,0.75,0.75,8,0.0307651437537806
"updown",1,8,"PELT",0.5,0.5,0.5,8,0.0471514128358468
"updown",1,8,"SVP",0.5,0.5,0.5,8,0.0471514128358468
"updown",1,8,"SVP (BIC)",0.5,0.5,0.5,8,0.0471514128358468
"updown",1,9,"PELT",0.75,0.75,0.75,8,0.0144295113194241
"updown",1,9,"SVP",0.75,0.75,0.75,8,0.0144295113194241
"updown",1,9,"SVP (BIC)",0.75,0.75,0.75,8,0.0144295113194241
"updown",1,10,"PELT",0.625,0.625,0.625,8,0.0212930941719045
"updown",1,10,"SVP",0.625,0.625,0.625,8,0.0212930941719045
"updown",1,10,"SVP (BIC)",0.625,0.625,0.625,8,0.0212930941719045
"updown",1,11,"PELT",0.875,0.875,0.875,8,0.0265834494854246
"updown",1,11,"SVP",0.875,0.875,0.875,8,0.0265834494854246
"updown",1,11,"SVP (BIC)",0.666666666666667,0.5,0.571428571428572,6,0.112308025730786
"updown",1,12,"PELT",0.5,0.5,0.5,8,0.0572811882627389
"updown",1,12,"SVP",0.5,0.5,0.5,8,0.0572811882627389
"updown",1,12,"SVP (BIC)",0.5,0.5,0.5,8,0.0572811882627389
"updown",1,13,"PELT",0.875,0.875,0.875,8,0.0288887216684709
"updown",1,13,"SVP",0.875,0.875,0.875,8,0.0288887216684709
"updown",1,13,"SVP (BIC)",0.875,0.875,0.875,8,0.0288887216684709
"updown",1,14,"PELT",0.625,0.625,0.625,8,0.0247457386320493
"updown",1,14,"SVP",0.625,0.625,0.625,8,0.0247457386320493
"updown",1,14,"SVP (BIC)",0.571428571428571,0.5,0.533333333333333,7,0.0847999732070019
"updown",1,15,"PELT",0.625,0.625,0.625,8,0.0308949409637074
"updown",1,15,"SVP",0.625,0.625,0.625,8,0.0308949409637074
"updown",1,15,"SVP (BIC)",0.833333333333333,0.625,0.714285714285714,6,0.111451017130969
"updown",1,16,"PELT",1,1,1,8,0.0156530550029064
"updown",1,16,"SVP",1,1,1,8,0.0156530550029064
"updown",1,16,"SVP (BIC)",0.857142857142857,0.75,0.8,7,0.0847043347418301
"updown",1,17,"PELT",0.625,0.625,0.625,8,0.03017225111142
"updown",1,17,"SVP",0.625,0.625,0.625,8,0.03017225111142
"updown",1,17,"SVP (BIC)",0.714285714285714,0.625,0.666666666666667,7,0.0816555437328559
"updown",1,18,"PELT",0.75,0.75,0.75,8,0.0268526731144489
"updown",1,18,"SVP",0.75,0.75,0.75,8,0.0268526731144489
"updown",1,18,"SVP (BIC)",0.75,0.75,0.75,8,0.0268526731144489
"updown",1,19,"PELT",0.875,0.875,0.875,8,0.018968442380598
"updown",1,19,"SVP",0.875,0.875,0.875,8,0.018968442380598
"updown",1,19,"SVP (BIC)",0.857142857142857,0.75,0.8,7,0.0878085422444275
"updown",1,20,"PELT",0.75,0.75,0.75,8,0.0153516728113881
"updown",1,20,"SVP",0.75,0.75,0.75,8,0.0153516728113881
"updown",1,20,"SVP (BIC)",0.75,0.75,0.75,8,0.0153516728113881
"updown",1,21,"PELT",0.625,0.625,0.625,8,0.0159801638109507
"updown",1,21,"SVP",0.625,0.625,0.625,8,0.0159801638109507
"updown",1,21,"SVP (BIC)",0.625,0.625,0.625,8,0.0159801638109507
"updown",1,22,"PELT",0.75,0.75,0.75,8,0.0232392510642219
"updown",1,22,"SVP",0.75,0.75,0.75,8,0.0232392510642219
"updown",1,22,"SVP (BIC)",0.571428571428571,0.5,0.533333333333333,7,0.0860942233658536
"updown",1,23,"PELT",0.625,0.625,0.625,8,0.0289720951192592
"updown",1,23,"SVP",0.625,0.625,0.625,8,0.0289720951192592
"updown",1,23,"SVP (BIC)",0.625,0.625,0.625,8,0.0289720951192592
"updown",1,24,"PELT",0.625,0.625,0.625,8,0.016723497725095
"updown",1,24,"SVP",0.625,0.625,0.625,8,0.016723497725095
"updown",1,24,"SVP (BIC)",0.5,0.375,0.428571428571429,6,0.0970705360809485
"updown",1,25,"PELT",0.777777777777778,0.875,0.823529411764706,9,0.0351633286444426
"updown",1,25,"SVP",0.875,0.875,0.875,8,0.0209829400504335
"updown",1,25,"SVP (BIC)",0.875,0.875,0.875,8,0.0209829400504335
"updown",1,26,"PELT",0.625,0.625,0.625,8,0.03000340120452
"updown",1,26,"SVP",0.625,0.625,0.625,8,0.03000340120452
"updown",1,26,"SVP (BIC)",0.714285714285714,0.625,0.666666666666667,7,0.0815796833200203
"updown",1,27,"PELT",0.625,0.625,0.625,8,0.0321403200880508
"updown",1,27,"SVP",0.625,0.625,0.625,8,0.0321403200880508
"updown",1,27,"SVP (BIC)",0.625,0.625,0.625,8,0.0321403200880508
"updown",1,28,"PELT",0.75,0.75,0.75,8,0.0247941119875912
"updown",1,28,"SVP",0.75,0.75,0.75,8,0.0254943192317804
"updown",1,28,"SVP (BIC)",0.714285714285714,0.625,0.666666666666667,7,0.0844555873948797
"updown",1,29,"PELT",0.625,0.625,0.625,8,0.0249945914077825
"updown",1,29,"SVP",0.625,0.625,0.625,8,0.0249945914077825
"updown",1,29,"SVP (BIC)",0.625,0.625,0.625,8,0.0249945914077825
"updown",1,30,"PELT",0.5,0.5,0.5,8,0.0410595100221528
"updown",1,30,"SVP",0.5,0.5,0.5,8,0.0410595100221528
"updown",1,30,"SVP (BIC)",0.5,0.5,0.5,8,0.0410595100221528
"updown",1,31,"PELT",0.875,0.875,0.875,8,0.0139197056430102
"updown",1,31,"SVP",0.875,0.875,0.875,8,0.0139197056430102
"updown",1,31,"SVP (BIC)",0.875,0.875,0.875,8,0.0139197056430102
"updown",1,32,"PELT",0.625,0.625,0.625,8,0.033815107122756
"updown",1,32,"SVP",0.625,0.625,0.625,8,0.033815107122756
"updown",1,32,"SVP (BIC)",0.625,0.625,0.625,8,0.033815107122756
"updown",1,33,"PELT",0.5,0.5,0.5,8,0.0444192342404901
"updown",1,33,"SVP",0.5,0.5,0.5,8,0.0444192342404901
"updown",1,33,"SVP (BIC)",0.5,0.5,0.5,8,0.0444192342404901
"updown",1,34,"PELT",0.75,0.75,0.75,8,0.0171674240899934
"updown",1,34,"SVP",0.75,0.75,0.75,8,0.0171674240899934
"updown",1,34,"SVP (BIC)",0.571428571428571,0.5,0.533333333333333,7,0.0978128996648705
"updown",1,35,"PELT",1,1,1,8,0.0153944391979984
"updown",1,35,"SVP",1,1,1,8,0.0153944391979984
"updown",1,35,"SVP (BIC)",0.714285714285714,0.625,0.666666666666667,7,0.0981632097930957
"updown",1,36,"PELT",0.625,0.625,0.625,8,0.0341849962028234
"updown",1,36,"SVP",0.625,0.625,0.625,8,0.0341849962028234
"updown",1,36,"SVP (BIC)",0.625,0.625,0.625,8,0.0341849962028234
"updown",1,37,"PELT",0.75,0.75,0.75,8,0.0358454783158457
"updown",1,37,"SVP",0.75,0.75,0.75,8,0.0358454783158457
"updown",1,37,"SVP (BIC)",0.75,0.75,0.75,8,0.0358454783158457
"updown",1,38,"PELT",0.5,0.5,0.5,8,0.036881117187471
"updown",1,38,"SVP",0.5,0.5,0.5,8,0.036881117187471
"updown",1,38,"SVP (BIC)",0.5,0.5,0.5,8,0.036881117187471
"updown",1,39,"PELT",0.625,0.625,0.625,8,0.019872142993608
"updown",1,39,"SVP",0.625,0.625,0.625,8,0.019872142993608
"updown",1,39,"SVP (BIC)",0.625,0.625,0.625,8,0.019872142993608
"updown",1,40,"PELT",0.5,0.5,0.5,8,0.0430503109135985
"updown",1,40,"SVP",0.428571428571429,0.375,0.4,7,0.111577598684659
"updown",1,40,"SVP (BIC)",0.333333333333333,0.25,0.285714285714286,6,0.12049130193952
"updown",1,41,"PELT",0.5,0.5,0.5,8,0.0519532301494364
"updown",1,41,"SVP",0.5,0.5,0.5,8,0.0519532301494364
"updown",1,41,"SVP (BIC)",0.5,0.5,0.5,8,0.0519532301494364
"updown",1,42,"PELT",0.625,0.625,0.625,8,0.0226013820975624
"updown",1,42,"SVP",0.625,0.625,0.625,8,0.0226013820975624
"updown",1,42,"SVP (BIC)",0.428571428571429,0.375,0.4,7,0.101163349445351
"updown",1,43,"PELT",0.5,0.5,0.5,8,0.0344510785814147
"updown",1,43,"SVP",0.5,0.5,0.5,8,0.0344510785814147
"updown",1,43,"SVP (BIC)",0.5,0.5,0.5,8,0.0344510785814147
"updown",1,44,"PELT",0.5,0.5,0.5,8,0.0410052769627859
"updown",1,44,"SVP",0.5,0.5,0.5,8,0.0410052769627859
"updown",1,44,"SVP (BIC)",0.5,0.5,0.5,8,0.0410052769627859
"updown",1,45,"PELT",0.75,0.75,0.75,8,0.0195034415513857
"updown",1,45,"SVP",0.75,0.75,0.75,8,0.0195034415513857
"updown",1,45,"SVP (BIC)",0.75,0.75,0.75,8,0.0195034415513857
"updown",1,46,"PELT",0.875,0.875,0.875,8,0.0165886255780763
"updown",1,46,"SVP",0.875,0.875,0.875,8,0.0165886255780763
"updown",1,46,"SVP (BIC)",0.875,0.875,0.875,8,0.0165886255780763
"updown",1,47,"PELT",0.5,0.5,0.5,8,0.0337188413881485
"updown",1,47,"SVP",0.571428571428571,0.5,0.533333333333333,7,0.0848568625231305
"updown",1,47,"SVP (BIC)",0.5,0.375,0.428571428571429,6,0.103532766200324
"updown",1,48,"PELT",0.625,0.625,0.625,8,0.0200256845043647
"updown",1,48,"SVP",0.625,0.625,0.625,8,0.0200256845043647
"updown",1,48,"SVP (BIC)",0.625,0.625,0.625,8,0.0200256845043647
"updown",1,49,"PELT",0.5,0.5,0.5,8,0.0493949872206999
"updown",1,49,"SVP",0.5,0.5,0.5,8,0.0493949872206999
"updown",1,49,"SVP (BIC)",0.285714285714286,0.25,0.266666666666667,7,0.118379143547418
"updown",1,50,"PELT",0.75,0.75,0.75,8,0.0179495653867358
"updown",1,50,"SVP",0.75,0.75,0.75,8,0.0179495653867358
"updown",1,50,"SVP (BIC)",0.75,0.75,0.75,8,0.0179495653867358
"updown",1,51,"PELT",0.666666666666667,0.75,0.705882352941177,9,0.044176392603383
"updown",1,51,"SVP",0.875,0.875,0.875,8,0.01974574170484
"updown",1,51,"SVP (BIC)",0.875,0.875,0.875,8,0.01974574170484
"updown",1,52,"PELT",0.625,0.625,0.625,8,0.0273005321639696
"updown",1,52,"SVP",0.625,0.625,0.625,8,0.0273005321639696
"updown",1,52,"SVP (BIC)",0.625,0.625,0.625,8,0.0273005321639696
"updown",1,53,"PELT",0.875,0.875,0.875,8,0.0127019140749908
"updown",1,53,"SVP",0.875,0.875,0.875,8,0.0127019140749908
"updown",1,53,"SVP (BIC)",0.875,0.875,0.875,8,0.0127019140749908
"updown",1,54,"PELT",0.875,0.875,0.875,8,0.025103018502829
"updown",1,54,"SVP",0.875,0.875,0.875,8,0.025103018502829
"updown",1,54,"SVP (BIC)",0.666666666666667,0.5,0.571428571428572,6,0.111140598375699
"updown",1,55,"PELT",0.875,0.875,0.875,8,0.017926610272055
"updown",1,55,"SVP",0.875,0.875,0.875,8,0.017926610272055
"updown",1,55,"SVP (BIC)",0.875,0.875,0.875,8,0.017926610272055
"updown",1,56,"PELT",0.555555555555556,0.625,0.588235294117647,9,0.0463571365526224
"updown",1,56,"SVP",0.75,0.75,0.75,8,0.0171507192665766
"updown",1,56,"SVP (BIC)",0.75,0.75,0.75,8,0.0171507192665766
"updown",1,57,"PELT",0.875,0.875,0.875,8,0.015483869506362
"updown",1,57,"SVP",0.875,0.875,0.875,8,0.015483869506362
"updown",1,57,"SVP (BIC)",0.875,0.875,0.875,8,0.015483869506362
"updown",1,58,"PELT",0.75,0.75,0.75,8,0.0210787419629319
"updown",1,58,"SVP",0.75,0.75,0.75,8,0.0210787419629319
"updown",1,58,"SVP (BIC)",0.75,0.75,0.75,8,0.0210787419629319
"updown",1,59,"PELT",0.75,0.75,0.75,8,0.0294093762195209
"updown",1,59,"SVP",0.75,0.75,0.75,8,0.0294093762195209
"updown",1,59,"SVP (BIC)",0.75,0.75,0.75,8,0.0294093762195209
"updown",1,60,"PELT",0.75,0.75,0.75,8,0.0347909230538973
"updown",1,60,"SVP",0.666666666666667,0.5,0.571428571428572,6,0.107969728642839
"updown",1,60,"SVP (BIC)",0.833333333333333,0.625,0.714285714285714,6,0.0976412913671519
"updown",1,61,"PELT",0.625,0.625,0.625,8,0.0349168404119994
"updown",1,61,"SVP",0.625,0.625,0.625,8,0.0349168404119994
"updown",1,61,"SVP (BIC)",0.571428571428571,0.5,0.533333333333333,7,0.0974068943159867
"updown",1,62,"PELT",0.75,0.75,0.75,8,0.0237077651688079
"updown",1,62,"SVP",0.75,0.75,0.75,8,0.0237077651688079
"updown",1,62,"SVP (BIC)",0.571428571428571,0.5,0.533333333333333,7,0.0967566612136087
"updown",1,63,"PELT",0.625,0.625,0.625,8,0.0221513637561979
"updown",1,63,"SVP",0.625,0.625,0.625,8,0.0221513637561979
"updown",1,63,"SVP (BIC)",0.625,0.625,0.625,8,0.0221513637561979
"updown",1,64,"PELT",0.625,0.625,0.625,8,0.0256040549215855
"updown",1,64,"SVP",0.625,0.625,0.625,8,0.0256040549215855
"updown",1,64,"SVP (BIC)",0.428571428571429,0.375,0.4,7,0.0966387122818072
"updown",1,65,"PELT",0.5,0.5,0.5,8,0.0259652285939502
"updown",1,65,"SVP",0.5,0.5,0.5,8,0.0259652285939502
"updown",1,65,"SVP (BIC)",0.333333333333333,0.25,0.285714285714286,6,0.119561806154772
"updown",1,66,"PELT",0.75,0.75,0.75,8,0.0168548896440287
"updown",1,66,"SVP",0.75,0.75,0.75,8,0.0168548896440287
"updown",1,66,"SVP (BIC)",0.714285714285714,0.625,0.666666666666667,7,0.0846702891832375
"updown",1,67,"PELT",0.875,0.875,0.875,8,0.011689140178271
"updown",1,67,"SVP",0.875,0.875,0.875,8,0.011689140178271
"updown",1,67,"SVP (BIC)",0.875,0.875,0.875,8,0.011689140178271
"updown",1,68,"PELT",0.5,0.5,0.5,8,0.0451228635157059
"updown",1,68,"SVP",0.5,0.5,0.5,8,0.0451228635157059
"updown",1,68,"SVP (BIC)",0.5,0.5,0.5,8,0.0451228635157059
"updown",1,69,"PELT",0.75,0.75,0.75,8,0.0448857500623519
"updown",1,69,"SVP",0.5,0.375,0.428571428571429,6,0.12165841439572
"updown",1,69,"SVP (BIC)",0.5,0.375,0.428571428571429,6,0.108231389501432
"updown",1,70,"PELT",0.444444444444444,0.5,0.470588235294118,9,0.0441643459793664
"updown",1,70,"SVP",0.5,0.5,0.5,8,0.0300147158134293
"updown",1,70,"SVP (BIC)",0.5,0.5,0.5,8,0.0300147158134293
"updown",1,71,"PELT",0.75,0.75,0.75,8,0.0267375628142417
"updown",1,71,"SVP",0.75,0.75,0.75,8,0.0267375628142417
"updown",1,71,"SVP (BIC)",0.6,0.375,0.461538461538462,5,0.185800034805896
"updown",1,72,"PELT",0.5,0.5,0.5,8,0.0488372775518537
"updown",1,72,"SVP",0.5,0.5,0.5,8,0.0488372775518537
"updown",1,72,"SVP (BIC)",0.5,0.5,0.5,8,0.0488372775518537
"updown",1,73,"PELT",0.75,0.75,0.75,8,0.029621549722324
"updown",1,73,"SVP",0.75,0.75,0.75,8,0.029621549722324
"updown",1,73,"SVP (BIC)",0.571428571428571,0.5,0.533333333333333,7,0.104648540938983
"updown",1,74,"PELT",0.25,0.25,0.25,8,0.0575111680607356
"updown",1,74,"SVP",0.285714285714286,0.25,0.266666666666667,7,0.100676651562568
"updown",1,74,"SVP (BIC)",0.333333333333333,0.25,0.285714285714286,6,0.125772743031296
"updown",1,75,"PELT",0.555555555555556,0.625,0.588235294117647,9,0.0700824461091863
"updown",1,75,"SVP",0.75,0.75,0.75,8,0.0430085150359671
"updown",1,75,"SVP (BIC)",0.625,0.625,0.625,8,0.0457041136871246
"updown",1,76,"PELT",0.25,0.25,0.25,8,0.0596397801698506
"updown",1,76,"SVP",0.25,0.25,0.25,8,0.0596397801698506
"updown",1,76,"SVP (BIC)",0.25,0.25,0.25,8,0.0596397801698506
"updown",1,77,"PELT",0.75,0.75,0.75,8,0.0176763040642779
"updown",1,77,"SVP",0.75,0.75,0.75,8,0.0176763040642779
"updown",1,77,"SVP (BIC)",0.5,0.375,0.428571428571429,6,0.111658397767355
"updown",1,78,"PELT",0.5,0.5,0.5,8,0.0290765457836915
"updown",1,78,"SVP",0.5,0.5,0.5,8,0.0290765457836915
"updown",1,78,"SVP (BIC)",0.5,0.5,0.5,8,0.0290765457836915
"updown",1,79,"PELT",0.75,0.75,0.75,8,0.0400570517833712
"updown",1,79,"SVP",0.75,0.75,0.75,8,0.0400570517833712
"updown",1,79,"SVP (BIC)",0.75,0.75,0.75,8,0.0400570517833712
"updown",1,80,"PELT",0.375,0.375,0.375,8,0.0559469387333065
"updown",1,80,"SVP",0.375,0.375,0.375,8,0.0559469387333065
"updown",1,80,"SVP (BIC)",0.285714285714286,0.25,0.266666666666667,7,0.0996633350965658
"updown",1,81,"PELT",0.625,0.625,0.625,8,0.031800797686258
"updown",1,81,"SVP",0.625,0.625,0.625,8,0.031800797686258
"updown",1,81,"SVP (BIC)",0.571428571428571,0.5,0.533333333333333,7,0.0842267646298813
"updown",1,82,"PELT",0.625,0.625,0.625,8,0.0207795917790212
"updown",1,82,"SVP",0.625,0.625,0.625,8,0.0207795917790212
"updown",1,82,"SVP (BIC)",0.625,0.625,0.625,8,0.0207795917790212
"updown",1,83,"PELT",0.5,0.5,0.5,8,0.0330112890365348
"updown",1,83,"SVP",0.5,0.5,0.5,8,0.0330112890365348
"updown",1,83,"SVP (BIC)",0.5,0.5,0.5,8,0.0330112890365348
"updown",1,84,"PELT",0.5,0.5,0.5,8,0.0316277974947551
"updown",1,84,"SVP",0.5,0.5,0.5,8,0.0316277974947551
"updown",1,84,"SVP (BIC)",0.5,0.5,0.5,8,0.0316277974947551
"updown",1,85,"PELT",0.875,0.875,0.875,8,0.0269811655926009
"updown",1,85,"SVP",0.875,0.875,0.875,8,0.0269811655926009
"updown",1,85,"SVP (BIC)",0.571428571428571,0.5,0.533333333333333,7,0.0981367137697135
"updown",1,86,"PELT",0.375,0.375,0.375,8,0.0299262617210322
"updown",1,86,"SVP",0.375,0.375,0.375,8,0.0299262617210322
"updown",1,86,"SVP (BIC)",0.375,0.375,0.375,8,0.0299262617210322
"updown",1,87,"PELT",0.75,0.75,0.75,8,0.0142787581266465
"updown",1,87,"SVP",0.75,0.75,0.75,8,0.0142787581266465
"updown",1,87,"SVP (BIC)",0.75,0.75,0.75,8,0.0142787581266465
"updown",1,88,"PELT",0.625,0.625,0.625,8,0.0288787704566347
"updown",1,88,"SVP",0.375,0.375,0.375,8,0.0399748898696375
"updown",1,88,"SVP (BIC)",0.625,0.625,0.625,8,0.0288787704566347
"updown",1,89,"PELT",0.75,0.75,0.75,8,0.0196734158352758
"updown",1,89,"SVP",0.75,0.75,0.75,8,0.0196734158352758
"updown",1,89,"SVP (BIC)",0.571428571428571,0.5,0.533333333333333,7,0.0978311810504268
"updown",1,90,"PELT",0.625,0.625,0.625,8,0.0341004755817906
"updown",1,90,"SVP",0.555555555555556,0.625,0.588235294117647,9,0.0388431077592665
"updown",1,90,"SVP (BIC)",0.625,0.625,0.625,8,0.0341004755817906
"updown",1,91,"PELT",0.875,0.875,0.875,8,0.0148989627720863
"updown",1,91,"SVP",0.875,0.875,0.875,8,0.0148989627720863
"updown",1,91,"SVP (BIC)",0.875,0.875,0.875,8,0.0148989627720863
"updown",1,92,"PELT",0.5,0.5,0.5,8,0.0318547213415527
"updown",1,92,"SVP",0.5,0.5,0.5,8,0.0318547213415527
"updown",1,92,"SVP (BIC)",0.5,0.5,0.5,8,0.0318547213415527
"updown",1,93,"PELT",0.625,0.625,0.625,8,0.0268058071911078
"updown",1,93,"SVP",0.625,0.625,0.625,8,0.0268058071911078
"updown",1,93,"SVP (BIC)",0.625,0.625,0.625,8,0.0268058071911078
"updown",1,94,"PELT",0.75,0.75,0.75,8,0.0268020737508097
"updown",1,94,"SVP",0.571428571428571,0.5,0.533333333333333,7,0.0887842504840749
"updown",1,94,"SVP (BIC)",0.4,0.25,0.307692307692308,5,0.182671621596254
"updown",1,95,"PELT",0.375,0.375,0.375,8,0.0301553108116046
"updown",1,95,"SVP",0.5,0.375,0.428571428571429,6,0.123855461856147
"updown",1,95,"SVP (BIC)",0.4,0.25,0.307692307692308,5,0.15204106658162
"updown",1,96,"PELT",0.5,0.5,0.5,8,0.0293399991595462
"updown",1,96,"SVP",0.5,0.5,0.5,8,0.0293399991595462
"updown",1,96,"SVP (BIC)",0.428571428571429,0.375,0.4,7,0.0915161630451582
"updown",1,97,"PELT",0.75,0.75,0.75,8,0.0273769164265866
"updown",1,97,"SVP",0.75,0.75,0.75,8,0.0273769164265866
"updown",1,97,"SVP (BIC)",0.75,0.75,0.75,8,0.0273769164265866
"updown",1,98,"PELT",0.625,0.625,0.625,8,0.0370104653068871
"updown",1,98,"SVP",0.625,0.625,0.625,8,0.0370104653068871
"updown",1,98,"SVP (BIC)",0.2,0.125,0.153846153846154,5,0.176785037170371
"updown",1,99,"PELT",0.625,0.625,0.625,8,0.0305489457190856
"updown",1,99,"SVP",0.625,0.625,0.625,8,0.0305489457190856
"updown",1,99,"SVP (BIC)",0.625,0.625,0.625,8,0.0305489457190856
"updown",1,100,"PELT",0.75,0.75,0.75,8,0.0428248958046914
"updown",1,100,"SVP",0.75,0.75,0.75,8,0.0428248958046914
"updown",1,100,"SVP (BIC)",0.75,0.75,0.75,8,0.0428248958046914
"rand1",1,1,"PELT",1,0.625,0.769230769230769,5,0.0215207962238137
"rand1",1,1,"SVP",1,0.625,0.769230769230769,5,0.0215207962238137
"rand1",1,1,"SVP (BIC)",1,0.625,0.769230769230769,5,0.0215207962238137
"rand1",1,2,"PELT",1,0.625,0.769230769230769,5,0.0109620053276434
"rand1",1,2,"SVP",1,0.625,0.769230769230769,5,0.0109620053276434
"rand1",1,2,"SVP (BIC)",1,0.625,0.769230769230769,5,0.0109620053276434
"rand1",1,3,"PELT",0.8,0.5,0.615384615384615,5,0.0263653904746504
"rand1",1,3,"SVP",0.666666666666667,0.5,0.571428571428572,6,0.0313756595086471
"rand1",1,3,"SVP (BIC)",0.8,0.5,0.615384615384615,5,0.0263653904746504
"rand1",1,4,"PELT",0.833333333333333,0.625,0.714285714285714,6,0.0171870280229944
"rand1",1,4,"SVP",0.8,0.5,0.615384615384615,5,0.019698721067491
"rand1",1,4,"SVP (BIC)",0.8,0.5,0.615384615384615,5,0.019698721067491
"rand1",1,5,"PELT",0.8,0.5,0.615384615384615,5,0.0418849357401632
"rand1",1,5,"SVP",0.8,0.5,0.615384615384615,5,0.0418849357401632
"rand1",1,5,"SVP (BIC)",0.8,0.5,0.615384615384615,5,0.0418849357401632
"rand1",1,6,"PELT",1,0.625,0.769230769230769,5,0.0260873662209845
"rand1",1,6,"SVP",1,0.625,0.769230769230769,5,0.0260873662209845
"rand1",1,6,"SVP (BIC)",1,0.625,0.769230769230769,5,0.0260873662209845
"rand1",1,7,"PELT",0.6,0.375,0.461538461538462,5,0.0371784904052808
"rand1",1,7,"SVP",0.6,0.375,0.461538461538462,5,0.0371784904052808
"rand1",1,7,"SVP (BIC)",0.6,0.375,0.461538461538462,5,0.0371784904052808
"rand1",1,8,"PELT",0.666666666666667,0.5,0.571428571428572,6,0.0251824617787996
"rand1",1,8,"SVP",0.8,0.5,0.615384615384615,5,0.0322054924717902
"rand1",1,8,"SVP (BIC)",0.8,0.5,0.615384615384615,5,0.0322054924717902
"rand1",1,9,"PELT",1,0.75,0.857142857142857,6,0.0162190683921812
"rand1",1,9,"SVP",1,0.625,0.769230769230769,5,0.0187719420876533
"rand1",1,9,"SVP (BIC)",1,0.625,0.769230769230769,5,0.0187719420876533
"rand1",1,10,"PELT",0.8,0.5,0.615384615384615,5,0.0290650723327093
"rand1",1,10,"SVP",0.8,0.5,0.615384615384615,5,0.0290650723327093
"rand1",1,10,"SVP (BIC)",0.5,0.25,0.333333333333333,4,0.10220832249154
"rand1",1,11,"PELT",0.8,0.5,0.615384615384615,5,0.0240381524449642
"rand1",1,11,"SVP",0.8,0.5,0.615384615384615,5,0.0240381524449642
"rand1",1,11,"SVP (BIC)",0.8,0.5,0.615384615384615,5,0.0240381524449642
"rand1",1,12,"PELT",0.833333333333333,0.625,0.714285714285714,6,0.0218626028065935
"rand1",1,12,"SVP",0.833333333333333,0.625,0.714285714285714,6,0.0218626028065935
"rand1",1,12,"SVP (BIC)",0.833333333333333,0.625,0.714285714285714,6,0.0218626028065935
"rand1",1,13,"PELT",1,0.625,0.769230769230769,5,0.0281752486309578
"rand1",1,13,"SVP",0.8,0.5,0.615384615384615,5,0.0321312204683198
"rand1",1,13,"SVP (BIC)",1,0.625,0.769230769230769,5,0.0281752486309578
"rand1",1,14,"PELT",0.833333333333333,0.625,0.714285714285714,6,0.0343135529810452
"rand1",1,14,"SVP",1,0.625,0.769230769230769,5,0.0290247329939646
"rand1",1,14,"SVP (BIC)",1,0.625,0.769230769230769,5,0.0290247329939646
"rand1",1,15,"PELT",0.6,0.375,0.461538461538462,5,0.0423120205683511
"rand1",1,15,"SVP",0.6,0.375,0.461538461538462,5,0.0423120205683511
"rand1",1,15,"SVP (BIC)",0.6,0.375,0.461538461538462,5,0.0423120205683511
"rand1",1,16,"PELT",1,0.625,0.769230769230769,5,0.0266327182326688
"rand1",1,16,"SVP",1,0.625,0.769230769230769,5,0.0266327182326688
"rand1",1,16,"SVP (BIC)",1,0.625,0.769230769230769,5,0.0266327182326688
"rand1",1,17,"PELT",0.8,0.5,0.615384615384615,5,0.0208494895839703
"rand1",1,17,"SVP",0.8,0.5,0.615384615384615,5,0.0208494895839703
"rand1",1,17,"SVP (BIC)",0.8,0.5,0.615384615384615,5,0.0208494895839703
"rand1",1,18,"PELT",0.8,0.5,0.615384615384615,5,0.0165648971136746
"rand1",1,18,"SVP",0.8,0.5,0.615384615384615,5,0.0165648971136746
"rand1",1,18,"SVP (BIC)",0.8,0.5,0.615384615384615,5,0.0165648971136746
"rand1",1,19,"PELT",0.833333333333333,0.625,0.714285714285714,6,0.0195643758290085
"rand1",1,19,"SVP",1,0.625,0.769230769230769,5,0.0204303376908282
"rand1",1,19,"SVP (BIC)",1,0.625,0.769230769230769,5,0.0204303376908282
"rand1",1,20,"PELT",0.8,0.5,0.615384615384615,5,0.0284745695498445
"rand1",1,20,"SVP",0.8,0.5,0.615384615384615,5,0.0284745695498445
"rand1",1,20,"SVP (BIC)",0.8,0.5,0.615384615384615,5,0.0284745695498445
"rand1",1,21,"PELT",0.714285714285714,0.625,0.666666666666667,7,0.0220550080231921
"rand1",1,21,"SVP",1,0.625,0.769230769230769,5,0.021123567715028
"rand1",1,21,"SVP (BIC)",1,0.625,0.769230769230769,5,0.021123567715028
"rand1",1,22,"PELT",0.6,0.375,0.461538461538462,5,0.0746607958605315
"rand1",1,22,"SVP",0.6,0.375,0.461538461538462,5,0.0746607958605315
"rand1",1,22,"SVP (BIC)",0.6,0.375,0.461538461538462,5,0.0746607958605315
"rand1",1,23,"PELT",0.5,0.375,0.428571428571429,6,0.0303545487880191
"rand1",1,23,"SVP",0.6,0.375,0.461538461538462,5,0.0313147215091259
"rand1",1,23,"SVP (BIC)",0.6,0.375,0.461538461538462,5,0.0313147215091259
"rand1",1,24,"PELT",1,0.625,0.769230769230769,5,0.0220354482279315
"rand1",1,24,"SVP",1,0.625,0.769230769230769,5,0.0220354482279315
"rand1",1,24,"SVP (BIC)",1,0.625,0.769230769230769,5,0.0220354482279315
"rand1",1,25,"PELT",1,0.625,0.769230769230769,5,0.0163216864312256
"rand1",1,25,"SVP",1,0.625,0.769230769230769,5,0.0163216864312256
"rand1",1,25,"SVP (BIC)",1,0.625,0.769230769230769,5,0.0163216864312256
"rand1",1,26,"PELT",1,0.625,0.769230769230769,5,0.0256024531658899
"rand1",1,26,"SVP",0.833333333333333,0.625,0.714285714285714,6,0.0186680496806049
"rand1",1,26,"SVP (BIC)",1,0.625,0.769230769230769,5,0.0256024531658899
"rand1",1,27,"PELT",1,0.625,0.769230769230769,5,0.022220444209015
"rand1",1,27,"SVP",1,0.625,0.769230769230769,5,0.022220444209015
"rand1",1,27,"SVP (BIC)",1,0.625,0.769230769230769,5,0.022220444209015
"rand1",1,28,"PELT",0.6,0.375,0.461538461538462,5,0.0429521890369769
"rand1",1,28,"SVP",0.6,0.375,0.461538461538462,5,0.0429521890369769
"rand1",1,28,"SVP (BIC)",0.6,0.375,0.461538461538462,5,0.0429521890369769
"rand1",1,29,"PELT",1,0.625,0.769230769230769,5,0.0154245555409253
"rand1",1,29,"SVP",1,0.625,0.769230769230769,5,0.0154245555409253
"rand1",1,29,"SVP (BIC)",1,0.625,0.769230769230769,5,0.0154245555409253
"rand1",1,30,"PELT",0.8,0.5,0.615384615384615,5,0.0211613175036155
"rand1",1,30,"SVP",0.8,0.5,0.615384615384615,5,0.0211613175036155
"rand1",1,30,"SVP (BIC)",0.8,0.5,0.615384615384615,5,0.0211613175036155
"rand1",1,31,"PELT",0.8,0.5,0.615384615384615,5,0.0250479125922746
"rand1",1,31,"SVP",0.8,0.5,0.615384615384615,5,0.0250479125922746
"rand1",1,31,"SVP (BIC)",0.8,0.5,0.615384615384615,5,0.0250479125922746
"rand1",1,32,"PELT",0.8,0.5,0.615384615384615,5,0.0227029216144882
"rand1",1,32,"SVP",0.8,0.5,0.615384615384615,5,0.0227029216144882
"rand1",1,32,"SVP (BIC)",0.8,0.5,0.615384615384615,5,0.0227029216144882
"rand1",1,33,"PELT",1,0.625,0.769230769230769,5,0.0138174512922009
"rand1",1,33,"SVP",1,0.625,0.769230769230769,5,0.0138174512922009
"rand1",1,33,"SVP (BIC)",1,0.625,0.769230769230769,5,0.0138174512922009
"rand1",1,34,"PELT",0.8,0.5,0.615384615384615,5,0.0302398508649074
"rand1",1,34,"SVP",0.8,0.5,0.615384615384615,5,0.0302398508649074
"rand1",1,34,"SVP (BIC)",0.8,0.5,0.615384615384615,5,0.0302398508649074
"rand1",1,35,"PELT",1,0.625,0.769230769230769,5,0.0218665536311665
"rand1",1,35,"SVP",1,0.625,0.769230769230769,5,0.0218665536311665
"rand1",1,35,"SVP (BIC)",1,0.625,0.769230769230769,5,0.0218665536311665
"rand1",1,36,"PELT",1,0.625,0.769230769230769,5,0.0207408971259262
"rand1",1,36,"SVP",1,0.625,0.769230769230769,5,0.0207408971259262
"rand1",1,36,"SVP (BIC)",1,0.625,0.769230769230769,5,0.0207408971259262
"rand1",1,37,"PELT",1,0.625,0.769230769230769,5,0.0235402597860347
"rand1",1,37,"SVP",1,0.625,0.769230769230769,5,0.0235402597860347
"rand1",1,37,"SVP (BIC)",1,0.625,0.769230769230769,5,0.0235402597860347
"rand1",1,38,"PELT",1,0.625,0.769230769230769,5,0.0134486806549077
"rand1",1,38,"SVP",1,0.625,0.769230769230769,5,0.0134486806549077
"rand1",1,38,"SVP (BIC)",1,0.625,0.769230769230769,5,0.0134486806549077
"rand1",1,39,"PELT",0.833333333333333,0.625,0.714285714285714,6,0.0369791257454087
"rand1",1,39,"SVP",0.833333333333333,0.625,0.714285714285714,6,0.0369791257454087
"rand1",1,39,"SVP (BIC)",0.8,0.5,0.615384615384615,5,0.0430736845640993
"rand1",1,40,"PELT",1,0.625,0.769230769230769,5,0.0170846896558235
"rand1",1,40,"SVP",1,0.625,0.769230769230769,5,0.0170846896558235
"rand1",1,40,"SVP (BIC)",0.75,0.375,0.5,4,0.0851535435909147
"rand1",1,41,"PELT",1,0.625,0.769230769230769,5,0.0234267941394709
"rand1",1,41,"SVP",1,0.625,0.769230769230769,5,0.0234267941394709
"rand1",1,41,"SVP (BIC)",1,0.625,0.769230769230769,5,0.0234267941394709
"rand1",1,42,"PELT",0.8,0.5,0.615384615384615,5,0.0183724612777102
"rand1",1,42,"SVP",0.8,0.5,0.615384615384615,5,0.0183724612777102
"rand1",1,42,"SVP (BIC)",0.8,0.5,0.615384615384615,5,0.0183724612777102
"rand1",1,43,"PELT",1,0.625,0.769230769230769,5,0.0209301391695495
"rand1",1,43,"SVP",1,0.625,0.769230769230769,5,0.0209301391695495
"rand1",1,43,"SVP (BIC)",1,0.625,0.769230769230769,5,0.0209301391695495
"rand1",1,44,"PELT",1,0.625,0.769230769230769,5,0.0233201239465433
"rand1",1,44,"SVP",1,0.625,0.769230769230769,5,0.0233201239465433
"rand1",1,44,"SVP (BIC)",1,0.625,0.769230769230769,5,0.0233201239465433
"rand1",1,45,"PELT",1,0.625,0.769230769230769,5,0.0152245391491183
"rand1",1,45,"SVP",1,0.625,0.769230769230769,5,0.0152245391491183
"rand1",1,45,"SVP (BIC)",1,0.625,0.769230769230769,5,0.0152245391491183
"rand1",1,46,"PELT",1,0.625,0.769230769230769,5,0.0123986502215555
"rand1",1,46,"SVP",1,0.625,0.769230769230769,5,0.0123986502215555
"rand1",1,46,"SVP (BIC)",1,0.625,0.769230769230769,5,0.0123986502215555
"rand1",1,47,"PELT",1,0.625,0.769230769230769,5,0.0154271593506105
"rand1",1,47,"SVP",1,0.625,0.769230769230769,5,0.0154271593506105
"rand1",1,47,"SVP (BIC)",1,0.625,0.769230769230769,5,0.0154271593506105
"rand1",1,48,"PELT",1,0.625,0.769230769230769,5,0.0102520206745931
"rand1",1,48,"SVP",1,0.625,0.769230769230769,5,0.0102520206745931
"rand1",1,48,"SVP (BIC)",1,0.625,0.769230769230769,5,0.0102520206745931
"rand1",1,49,"PELT",1,0.625,0.769230769230769,5,0.0246859325410404
"rand1",1,49,"SVP",1,0.625,0.769230769230769,5,0.0246859325410404
"rand1",1,49,"SVP (BIC)",1,0.625,0.769230769230769,5,0.0246859325410404
"rand1",1,50,"PELT",0.8,0.5,0.615384615384615,5,0.0307789574046299
"rand1",1,50,"SVP",0.6,0.375,0.461538461538462,5,0.0477138687674971
"rand1",1,50,"SVP (BIC)",0.8,0.5,0.615384615384615,5,0.0307789574046299
"rand1",1,51,"PELT",1,0.625,0.769230769230769,5,0.015683886515819
"rand1",1,51,"SVP",1,0.625,0.769230769230769,5,0.015683886515819
"rand1",1,51,"SVP (BIC)",1,0.625,0.769230769230769,5,0.015683886515819
"rand1",1,52,"PELT",0.6,0.375,0.461538461538462,5,0.0407914257502023
"rand1",1,52,"SVP",0.6,0.375,0.461538461538462,5,0.0407914257502023
"rand1",1,52,"SVP (BIC)",0.6,0.375,0.461538461538462,5,0.0407914257502023
"rand1",1,53,"PELT",0.6,0.375,0.461538461538462,5,0.0353456904952745
"rand1",1,53,"SVP",0.6,0.375,0.461538461538462,5,0.0353456904952745
"rand1",1,53,"SVP (BIC)",0.6,0.375,0.461538461538462,5,0.0353456904952745
"rand1",1,54,"PELT",0.8,0.5,0.615384615384615,5,0.023315766857024
"rand1",1,54,"SVP",0.8,0.5,0.615384615384615,5,0.023315766857024
"rand1",1,54,"SVP (BIC)",0.8,0.5,0.615384615384615,5,0.023315766857024
"rand1",1,55,"PELT",0.6,0.375,0.461538461538462,5,0.0570625244269735
"rand1",1,55,"SVP",0.6,0.375,0.461538461538462,5,0.0570625244269735
"rand1",1,55,"SVP (BIC)",0.6,0.375,0.461538461538462,5,0.0570625244269735
"rand1",1,56,"PELT",0.8,0.5,0.615384615384615,5,0.0162000314653817
"rand1",1,56,"SVP",0.8,0.5,0.615384615384615,5,0.0162000314653817
"rand1",1,56,"SVP (BIC)",0.8,0.5,0.615384615384615,5,0.0162000314653817
"rand1",1,57,"PELT",0.5,0.375,0.428571428571429,6,0.0367598762655196
"rand1",1,57,"SVP",0.428571428571429,0.375,0.4,7,0.0453786296872238
"rand1",1,57,"SVP (BIC)",0.6,0.375,0.461538461538462,5,0.0369168832412156
"rand1",1,58,"PELT",1,0.625,0.769230769230769,5,0.0227567699543164
"rand1",1,58,"SVP",1,0.625,0.769230769230769,5,0.0227567699543164
"rand1",1,58,"SVP (BIC)",1,0.625,0.769230769230769,5,0.0227567699543164
"rand1",1,59,"PELT",0.571428571428571,0.5,0.533333333333333,7,0.0332384639574461
"rand1",1,59,"SVP",0.8,0.5,0.615384615384615,5,0.0305820585453229
"rand1",1,59,"SVP (BIC)",0.8,0.5,0.615384615384615,5,0.0305820585453229
"rand1",1,60,"PELT",1,0.625,0.769230769230769,5,0.019027069306451
"rand1",1,60,"SVP",1,0.625,0.769230769230769,5,0.019027069306451
"rand1",1,60,"SVP (BIC)",1,0.625,0.769230769230769,5,0.019027069306451
"rand1",1,61,"PELT",0.8,0.5,0.615384615384615,5,0.0242540136361456
"rand1",1,61,"SVP",0.8,0.5,0.615384615384615,5,0.0242540136361456
"rand1",1,61,"SVP (BIC)",0.8,0.5,0.615384615384615,5,0.0242540136361456
"rand1",1,62,"PELT",0.6,0.375,0.461538461538462,5,0.0413710290588222
"rand1",1,62,"SVP",0.6,0.375,0.461538461538462,5,0.0413710290588222
"rand1",1,62,"SVP (BIC)",0.6,0.375,0.461538461538462,5,0.0413710290588222
"rand1",1,63,"PELT",0.666666666666667,0.5,0.571428571428572,6,0.0241371292921947
"rand1",1,63,"SVP",0.8,0.5,0.615384615384615,5,0.0244580473790721
"rand1",1,63,"SVP (BIC)",0.8,0.5,0.615384615384615,5,0.0247099523654462
"rand1",1,64,"PELT",1,0.625,0.769230769230769,5,0.0134906260796741
"rand1",1,64,"SVP",1,0.625,0.769230769230769,5,0.0134906260796741
"rand1",1,64,"SVP (BIC)",1,0.625,0.769230769230769,5,0.0134906260796741
"rand1",1,65,"PELT",0.333333333333333,0.25,0.285714285714286,6,0.0781124574047122
"rand1",1,65,"SVP",0.333333333333333,0.25,0.285714285714286,6,0.0781124574047122
"rand1",1,65,"SVP (BIC)",0.25,0.125,0.166666666666667,4,0.10999601730428
"rand1",1,66,"PELT",0.8,0.5,0.615384615384615,5,0.0264871324185985
"rand1",1,66,"SVP",0.8,0.5,0.615384615384615,5,0.0264871324185985
"rand1",1,66,"SVP (BIC)",0.8,0.5,0.615384615384615,5,0.0264871324185985
"rand1",1,67,"PELT",0.666666666666667,0.5,0.571428571428572,6,0.0313641777323099
"rand1",1,67,"SVP",0.8,0.5,0.615384615384615,5,0.0280178014001918
"rand1",1,67,"SVP (BIC)",0.8,0.5,0.615384615384615,5,0.0280178014001918
"rand1",1,68,"PELT",0.4,0.25,0.307692307692308,5,0.0306701946822045
"rand1",1,68,"SVP",0.4,0.25,0.307692307692308,5,0.0306701946822045
"rand1",1,68,"SVP (BIC)",0.4,0.25,0.307692307692308,5,0.0306701946822045
"rand1",1,69,"PELT",1,0.625,0.769230769230769,5,0.0297306916746799
"rand1",1,69,"SVP",1,0.625,0.769230769230769,5,0.0297306916746799
"rand1",1,69,"SVP (BIC)",1,0.625,0.769230769230769,5,0.0297306916746799
"rand1",1,70,"PELT",0.6,0.375,0.461538461538462,5,0.0339913836511811
"rand1",1,70,"SVP",0.6,0.375,0.461538461538462,5,0.0339913836511811
"rand1",1,70,"SVP (BIC)",0.6,0.375,0.461538461538462,5,0.0339913836511811
"rand1",1,71,"PELT",1,0.625,0.769230769230769,5,0.0159421212680698
"rand1",1,71,"SVP",1,0.625,0.769230769230769,5,0.0159421212680698
"rand1",1,71,"SVP (BIC)",1,0.625,0.769230769230769,5,0.0159421212680698
"rand1",1,72,"PELT",0.714285714285714,0.625,0.666666666666667,7,0.0231741851533968
"rand1",1,72,"SVP",1,0.625,0.769230769230769,5,0.019545905493217
"rand1",1,72,"SVP (BIC)",1,0.625,0.769230769230769,5,0.019545905493217
"rand1",1,73,"PELT",1,0.625,0.769230769230769,5,0.0160251668563461
"rand1",1,73,"SVP",1,0.625,0.769230769230769,5,0.0160251668563461
"rand1",1,73,"SVP (BIC)",1,0.625,0.769230769230769,5,0.0160251668563461
"rand1",1,74,"PELT",0.8,0.5,0.615384615384615,5,0.0260042688616857
"rand1",1,74,"SVP",0.8,0.5,0.615384615384615,5,0.0260042688616857
"rand1",1,74,"SVP (BIC)",0.75,0.375,0.5,4,0.0851216531953001
"rand1",1,75,"PELT",1,0.625,0.769230769230769,5,0.0125332420979663
"rand1",1,75,"SVP",0.714285714285714,0.625,0.666666666666667,7,0.0146717413099701
"rand1",1,75,"SVP (BIC)",1,0.625,0.769230769230769,5,0.0125332420979663
"rand1",1,76,"PELT",0.6,0.375,0.461538461538462,5,0.0385854135530114
"rand1",1,76,"SVP",0.5,0.25,0.333333333333333,4,0.0869843102240874
"rand1",1,76,"SVP (BIC)",0.5,0.25,0.333333333333333,4,0.0846864547718749
"rand1",1,77,"PELT",1,0.625,0.769230769230769,5,0.0190465113320777
"rand1",1,77,"SVP",1,0.625,0.769230769230769,5,0.0190465113320777
"rand1",1,77,"SVP (BIC)",1,0.625,0.769230769230769,5,0.0190465113320777
"rand1",1,78,"PELT",0.5,0.375,0.428571428571429,6,0.0269730673796061
"rand1",1,78,"SVP",0.6,0.375,0.461538461538462,5,0.0289243283557135
"rand1",1,78,"SVP (BIC)",0.6,0.375,0.461538461538462,5,0.0289243283557135
"rand1",1,79,"PELT",0.833333333333333,0.625,0.714285714285714,6,0.0187295559868017
"rand1",1,79,"SVP",1,0.625,0.769230769230769,5,0.0195611207351457
"rand1",1,79,"SVP (BIC)",1,0.625,0.769230769230769,5,0.0195611207351457
"rand1",1,80,"PELT",0.8,0.5,0.615384615384615,5,0.0247393891191362
"rand1",1,80,"SVP",0.8,0.5,0.615384615384615,5,0.0247393891191362
"rand1",1,80,"SVP (BIC)",0.8,0.5,0.615384615384615,5,0.0247393891191362
"rand1",1,81,"PELT",0.8,0.5,0.615384615384615,5,0.0346235749967625
"rand1",1,81,"SVP",0.8,0.5,0.615384615384615,5,0.0346235749967625
"rand1",1,81,"SVP (BIC)",0.8,0.5,0.615384615384615,5,0.0346235749967625
"rand1",1,82,"PELT",1,0.625,0.769230769230769,5,0.0174829987929786
"rand1",1,82,"SVP",1,0.625,0.769230769230769,5,0.0174829987929786
"rand1",1,82,"SVP (BIC)",1,0.625,0.769230769230769,5,0.0174829987929786
"rand1",1,83,"PELT",0.8,0.5,0.615384615384615,5,0.0311480213840303
"rand1",1,83,"SVP",0.8,0.5,0.615384615384615,5,0.0311480213840303
"rand1",1,83,"SVP (BIC)",0.8,0.5,0.615384615384615,5,0.0311480213840303
"rand1",1,84,"PELT",0.571428571428571,0.5,0.533333333333333,7,0.0318320578393605
"rand1",1,84,"SVP",0.8,0.5,0.615384615384615,5,0.030533596732979
"rand1",1,84,"SVP (BIC)",0.8,0.5,0.615384615384615,5,0.030533596732979
"rand1",1,85,"PELT",0.8,0.5,0.615384615384615,5,0.030180770347451
"rand1",1,85,"SVP",0.666666666666667,0.5,0.571428571428572,6,0.0253365793951618
"rand1",1,85,"SVP (BIC)",0.8,0.5,0.615384615384615,5,0.030180770347451
"rand1",1,86,"PELT",1,0.625,0.769230769230769,5,0.010194483184109
"rand1",1,86,"SVP",1,0.625,0.769230769230769,5,0.010194483184109
"rand1",1,86,"SVP (BIC)",1,0.625,0.769230769230769,5,0.010194483184109
"rand1",1,87,"PELT",0.833333333333333,0.625,0.714285714285714,6,0.0267356853409479
"rand1",1,87,"SVP",0.833333333333333,0.625,0.714285714285714,6,0.0267356853409479
"rand1",1,87,"SVP (BIC)",0.8,0.5,0.615384615384615,5,0.0211706504646288
"rand1",1,88,"PELT",1,0.625,0.769230769230769,5,0.0178013581829621
"rand1",1,88,"SVP",1,0.625,0.769230769230769,5,0.0178013581829621
"rand1",1,88,"SVP (BIC)",1,0.625,0.769230769230769,5,0.0178013581829621
"rand1",1,89,"PELT",0.6,0.375,0.461538461538462,5,0.0426761506908623
"rand1",1,89,"SVP",0.6,0.375,0.461538461538462,5,0.0426761506908623
"rand1",1,89,"SVP (BIC)",0.6,0.375,0.461538461538462,5,0.0426761506908623
"rand1",1,90,"PELT",1,0.625,0.769230769230769,5,0.0165043324423723
"rand1",1,90,"SVP",1,0.625,0.769230769230769,5,0.0165043324423723
"rand1",1,90,"SVP (BIC)",1,0.625,0.769230769230769,5,0.0165043324423723
"rand1",1,91,"PELT",0.666666666666667,0.5,0.571428571428572,6,0.035542208743606
"rand1",1,91,"SVP",0.8,0.5,0.615384615384615,5,0.0317147565000208
"rand1",1,91,"SVP (BIC)",0.8,0.5,0.615384615384615,5,0.0317147565000208
"rand1",1,92,"PELT",0.8,0.5,0.615384615384615,5,0.0436767140299912
"rand1",1,92,"SVP",0.8,0.5,0.615384615384615,5,0.0436767140299912
"rand1",1,92,"SVP (BIC)",0.8,0.5,0.615384615384615,5,0.0436767140299912
"rand1",1,93,"PELT",0.666666666666667,0.5,0.571428571428572,6,0.0330576599693942
"rand1",1,93,"SVP",0.8,0.5,0.615384615384615,5,0.0356964702181901
"rand1",1,93,"SVP (BIC)",0.5,0.25,0.333333333333333,4,0.0935324722837269
"rand1",1,94,"PELT",0.833333333333333,0.625,0.714285714285714,6,0.0165250903936851
"rand1",1,94,"SVP",0.833333333333333,0.625,0.714285714285714,6,0.0165250903936851
"rand1",1,94,"SVP (BIC)",1,0.625,0.769230769230769,5,0.0186888043625753
"rand1",1,95,"PELT",1,0.625,0.769230769230769,5,0.0184639701811122
"rand1",1,95,"SVP",1,0.625,0.769230769230769,5,0.0184639701811122
"rand1",1,95,"SVP (BIC)",1,0.625,0.769230769230769,5,0.0184639701811122
"rand1",1,96,"PELT",0.6,0.375,0.461538461538462,5,0.0397840385403057
"rand1",1,96,"SVP",0.6,0.375,0.461538461538462,5,0.0397840385403057
"rand1",1,96,"SVP (BIC)",0.6,0.375,0.461538461538462,5,0.0397840385403057
"rand1",1,97,"PELT",0.833333333333333,0.625,0.714285714285714,6,0.0209996762708305
"rand1",1,97,"SVP",1,0.625,0.769230769230769,5,0.0219140510636123
"rand1",1,97,"SVP (BIC)",0.75,0.375,0.5,4,0.0841129835071556
"rand1",1,98,"PELT",1,0.625,0.769230769230769,5,0.0171614601437442
"rand1",1,98,"SVP",1,0.625,0.769230769230769,5,0.0171614601437442
"rand1",1,98,"SVP (BIC)",1,0.625,0.769230769230769,5,0.0171614601437442
"rand1",1,99,"PELT",1,0.75,0.857142857142857,6,0.0201124166851341
"rand1",1,99,"SVP",1,0.625,0.769230769230769,5,0.02386456646704
"rand1",1,99,"SVP (BIC)",1,0.625,0.769230769230769,5,0.02386456646704
"rand1",1,100,"PELT",0.6,0.375,0.461538461538462,5,0.0330544432357791
"rand1",1,100,"SVP",0.6,0.375,0.461538461538462,5,0.0330544432357791
"rand1",1,100,"SVP (BIC)",0.6,0.375,0.461538461538462,5,0.0330544432357791
"none",1.1,1,"PELT",1,1,1,1,0.000356377914373642
"none",1.1,1,"SVP",1,1,1,1,0.000356377914373642
"none",1.1,1,"SVP (BIC)",1,1,1,1,0.000356377914373642
"none",1.1,2,"PELT",1,1,1,1,0.000895881873993421
"none",1.1,2,"SVP",1,1,1,1,0.000895881873993421
"none",1.1,2,"SVP (BIC)",1,1,1,1,0.000895881873993421
"none",1.1,3,"PELT",1,1,1,1,0.000347726723299176
"none",1.1,3,"SVP",1,1,1,1,0.000347726723299176
"none",1.1,3,"SVP (BIC)",1,1,1,1,0.000347726723299176
"none",1.1,4,"PELT",1,1,1,1,0.00200928790958151
"none",1.1,4,"SVP",1,1,1,1,0.00200928790958151
"none",1.1,4,"SVP (BIC)",1,1,1,1,0.00200928790958151
"none",1.1,5,"PELT",1,1,1,1,0.00189529994231929
"none",1.1,5,"SVP",1,1,1,1,0.00189529994231929
"none",1.1,5,"SVP (BIC)",1,1,1,1,0.00189529994231929
"none",1.1,6,"PELT",1,1,1,1,1.13356170452821e-05
"none",1.1,6,"SVP",1,1,1,1,1.13356170452821e-05
"none",1.1,6,"SVP (BIC)",1,1,1,1,1.13356170452821e-05
"none",1.1,7,"PELT",1,1,1,1,0.00346379597824077
"none",1.1,7,"SVP",1,1,1,1,0.00346379597824077
"none",1.1,7,"SVP (BIC)",1,1,1,1,0.00346379597824077
"none",1.1,8,"PELT",1,1,1,1,0.000207454269495919
"none",1.1,8,"SVP",1,1,1,1,0.000207454269495919
"none",1.1,8,"SVP (BIC)",1,1,1,1,0.000207454269495919
"none",1.1,9,"PELT",1,1,1,1,0.00142057422801079
"none",1.1,9,"SVP",1,1,1,1,0.00142057422801079
"none",1.1,9,"SVP (BIC)",1,1,1,1,0.00142057422801079
"none",1.1,10,"PELT",1,1,1,1,9.46128147749576e-05
"none",1.1,10,"SVP",1,1,1,1,9.46128147749576e-05
"none",1.1,10,"SVP (BIC)",1,1,1,1,9.46128147749576e-05
"none",1.1,11,"PELT",1,1,1,1,2.85858994994491e-06
"none",1.1,11,"SVP",1,1,1,1,2.85858994994491e-06
"none",1.1,11,"SVP (BIC)",1,1,1,1,2.85858994994491e-06
"none",1.1,12,"PELT",1,1,1,1,0.00120242764855182
"none",1.1,12,"SVP",1,1,1,1,0.00120242764855182
"none",1.1,12,"SVP (BIC)",1,1,1,1,0.00120242764855182
"none",1.1,13,"PELT",1,1,1,1,0.00889303223973021
"none",1.1,13,"SVP",1,1,1,1,0.00889303223973021
"none",1.1,13,"SVP (BIC)",1,1,1,1,0.00889303223973021
"none",1.1,14,"PELT",1,1,1,1,0.00106452165248098
"none",1.1,14,"SVP",1,1,1,1,0.00106452165248098
"none",1.1,14,"SVP (BIC)",1,1,1,1,0.00106452165248098
"none",1.1,15,"PELT",1,1,1,1,1.33402882617788e-06
"none",1.1,15,"SVP",1,1,1,1,1.33402882617788e-06
"none",1.1,15,"SVP (BIC)",1,1,1,1,1.33402882617788e-06
"none",1.1,16,"PELT",1,1,1,1,0.00184418231166239
"none",1.1,16,"SVP",1,1,1,1,0.00184418231166239
"none",1.1,16,"SVP (BIC)",1,1,1,1,0.00184418231166239
"none",1.1,17,"PELT",1,1,1,1,0.000241197020324352
"none",1.1,17,"SVP",1,1,1,1,0.000241197020324352
"none",1.1,17,"SVP (BIC)",1,1,1,1,0.000241197020324352
"none",1.1,18,"PELT",1,1,1,1,1.71775306347371e-06
"none",1.1,18,"SVP",1,1,1,1,1.71775306347371e-06
"none",1.1,18,"SVP (BIC)",1,1,1,1,1.71775306347371e-06
"none",1.1,19,"PELT",1,1,1,1,0.000989716626095168
"none",1.1,19,"SVP",1,1,1,1,0.000989716626095168
"none",1.1,19,"SVP (BIC)",1,1,1,1,0.000989716626095168
"none",1.1,20,"PELT",1,1,1,1,0.00269835829498685
"none",1.1,20,"SVP",1,1,1,1,0.00269835829498685
"none",1.1,20,"SVP (BIC)",1,1,1,1,0.00269835829498685
"none",1.1,21,"PELT",1,1,1,1,0.000303727234467587
"none",1.1,21,"SVP",1,1,1,1,0.000303727234467587
"none",1.1,21,"SVP (BIC)",1,1,1,1,0.000303727234467587
"none",1.1,22,"PELT",1,1,1,1,0.000900958442406284
"none",1.1,22,"SVP",1,1,1,1,0.000900958442406284
"none",1.1,22,"SVP (BIC)",1,1,1,1,0.000900958442406284
"none",1.1,23,"PELT",1,1,1,1,0.0030583183704348
"none",1.1,23,"SVP",1,1,1,1,0.0030583183704348
"none",1.1,23,"SVP (BIC)",1,1,1,1,0.0030583183704348
"none",1.1,24,"PELT",1,1,1,1,0.00368679216388371
"none",1.1,24,"SVP",1,1,1,1,0.00368679216388371
"none",1.1,24,"SVP (BIC)",1,1,1,1,0.00368679216388371
"none",1.1,25,"PELT",1,1,1,1,0.00298705183585831
"none",1.1,25,"SVP",1,1,1,1,0.00298705183585831
"none",1.1,25,"SVP (BIC)",1,1,1,1,0.00298705183585831
"none",1.1,26,"PELT",1,1,1,1,6.64688756224868e-06
"none",1.1,26,"SVP",1,1,1,1,6.64688756224868e-06
"none",1.1,26,"SVP (BIC)",1,1,1,1,6.64688756224868e-06
"none",1.1,27,"PELT",1,1,1,1,0.00311375216623523
"none",1.1,27,"SVP",1,1,1,1,0.00311375216623523
"none",1.1,27,"SVP (BIC)",1,1,1,1,0.00311375216623523
"none",1.1,28,"PELT",1,1,1,1,0.000275134509703308
"none",1.1,28,"SVP",1,1,1,1,0.000275134509703308
"none",1.1,28,"SVP (BIC)",1,1,1,1,0.000275134509703308
"none",1.1,29,"PELT",1,1,1,1,0.00281660127129457
"none",1.1,29,"SVP",1,1,1,1,0.00281660127129457
"none",1.1,29,"SVP (BIC)",1,1,1,1,0.00281660127129457
"none",1.1,30,"PELT",1,1,1,1,0.00267951774840762
"none",1.1,30,"SVP",1,1,1,1,0.00267951774840762
"none",1.1,30,"SVP (BIC)",1,1,1,1,0.00267951774840762
"none",1.1,31,"PELT",1,1,1,1,0.00291283782803167
"none",1.1,31,"SVP",1,1,1,1,0.00291283782803167
"none",1.1,31,"SVP (BIC)",1,1,1,1,0.00291283782803167
"none",1.1,32,"PELT",1,1,1,1,3.69192203362789e-05
"none",1.1,32,"SVP",1,1,1,1,3.69192203362789e-05
"none",1.1,32,"SVP (BIC)",1,1,1,1,3.69192203362789e-05
"none",1.1,33,"PELT",1,1,1,1,0.00225501891542442
"none",1.1,33,"SVP",1,1,1,1,0.00225501891542442
"none",1.1,33,"SVP (BIC)",1,1,1,1,0.00225501891542442
"none",1.1,34,"PELT",1,1,1,1,0.000872774807225112
"none",1.1,34,"SVP",1,1,1,1,0.000872774807225112
"none",1.1,34,"SVP (BIC)",1,1,1,1,0.000872774807225112
"none",1.1,35,"PELT",1,1,1,1,0.000514835389062283
"none",1.1,35,"SVP",1,1,1,1,0.000514835389062283
"none",1.1,35,"SVP (BIC)",1,1,1,1,0.000514835389062283
"none",1.1,36,"PELT",1,1,1,1,0.00463990367784516
"none",1.1,36,"SVP",1,1,1,1,0.00463990367784516
"none",1.1,36,"SVP (BIC)",1,1,1,1,0.00463990367784516
"none",1.1,37,"PELT",1,1,1,1,0.000568797370053518
"none",1.1,37,"SVP",1,1,1,1,0.000568797370053518
"none",1.1,37,"SVP (BIC)",1,1,1,1,0.000568797370053518
"none",1.1,38,"PELT",1,1,1,1,8.60367274669849e-05
"none",1.1,38,"SVP",1,1,1,1,8.60367274669849e-05
"none",1.1,38,"SVP (BIC)",1,1,1,1,8.60367274669849e-05
"none",1.1,39,"PELT",1,1,1,1,0.000619145530488872
"none",1.1,39,"SVP",1,1,1,1,0.000619145530488872
"none",1.1,39,"SVP (BIC)",1,1,1,1,0.000619145530488872
"none",1.1,40,"PELT",1,1,1,1,1.30505830987507e-07
"none",1.1,40,"SVP",1,1,1,1,1.30505830987507e-07
"none",1.1,40,"SVP (BIC)",1,1,1,1,1.30505830987507e-07
"none",1.1,41,"PELT",1,1,1,1,0.00277908839005455
"none",1.1,41,"SVP",1,1,1,1,0.00277908839005455
"none",1.1,41,"SVP (BIC)",1,1,1,1,0.00277908839005455
"none",1.1,42,"PELT",1,1,1,1,7.98140472999501e-05
"none",1.1,42,"SVP",1,1,1,1,7.98140472999501e-05
"none",1.1,42,"SVP (BIC)",1,1,1,1,7.98140472999501e-05
"none",1.1,43,"PELT",1,1,1,1,0.000913291948820012
"none",1.1,43,"SVP",1,1,1,1,0.000913291948820012
"none",1.1,43,"SVP (BIC)",1,1,1,1,0.000913291948820012
"none",1.1,44,"PELT",1,1,1,1,5.86180136721855e-05
"none",1.1,44,"SVP",1,1,1,1,5.86180136721855e-05
"none",1.1,44,"SVP (BIC)",1,1,1,1,5.86180136721855e-05
"none",1.1,45,"PELT",1,1,1,1,0.00234057610510353
"none",1.1,45,"SVP",1,1,1,1,0.00234057610510353
"none",1.1,45,"SVP (BIC)",1,1,1,1,0.00234057610510353
"none",1.1,46,"PELT",1,1,1,1,0.000993937391228082
"none",1.1,46,"SVP",1,1,1,1,0.000993937391228082
"none",1.1,46,"SVP (BIC)",1,1,1,1,0.000993937391228082
"none",1.1,47,"PELT",1,1,1,1,2.31511444723201e-06
"none",1.1,47,"SVP",1,1,1,1,2.31511444723201e-06
"none",1.1,47,"SVP (BIC)",1,1,1,1,2.31511444723201e-06
"none",1.1,48,"PELT",1,1,1,1,0.000587930930852085
"none",1.1,48,"SVP",1,1,1,1,0.000587930930852085
"none",1.1,48,"SVP (BIC)",1,1,1,1,0.000587930930852085
"none",1.1,49,"PELT",1,1,1,1,0.000300616459680983
"none",1.1,49,"SVP",1,1,1,1,0.000300616459680983
"none",1.1,49,"SVP (BIC)",1,1,1,1,0.000300616459680983
"none",1.1,50,"PELT",1,1,1,1,0.00026479696470758
"none",1.1,50,"SVP",1,1,1,1,0.00026479696470758
"none",1.1,50,"SVP (BIC)",1,1,1,1,0.00026479696470758
"none",1.1,51,"PELT",1,1,1,1,0.000785429665277137
"none",1.1,51,"SVP",1,1,1,1,0.000785429665277137
"none",1.1,51,"SVP (BIC)",1,1,1,1,0.000785429665277137
"none",1.1,52,"PELT",1,1,1,1,0.000334852184998231
"none",1.1,52,"SVP",1,1,1,1,0.000334852184998231
"none",1.1,52,"SVP (BIC)",1,1,1,1,0.000334852184998231
"none",1.1,53,"PELT",1,1,1,1,0.00135289990354238
"none",1.1,53,"SVP",1,1,1,1,0.00135289990354238
"none",1.1,53,"SVP (BIC)",1,1,1,1,0.00135289990354238
"none",1.1,54,"PELT",1,1,1,1,1.59474962963946e-05
"none",1.1,54,"SVP",1,1,1,1,1.59474962963946e-05
"none",1.1,54,"SVP (BIC)",1,1,1,1,1.59474962963946e-05
"none",1.1,55,"PELT",0.333333333333333,1,0.5,3,0.0302759965316161
"none",1.1,55,"SVP",0.5,1,0.666666666666667,2,0.00801277314361585
"none",1.1,55,"SVP (BIC)",0.5,1,0.666666666666667,2,0.00937407163018297
"none",1.1,56,"PELT",1,1,1,1,0.000750423453532684
"none",1.1,56,"SVP",1,1,1,1,0.000750423453532684
"none",1.1,56,"SVP (BIC)",1,1,1,1,0.000750423453532684
"none",1.1,57,"PELT",1,1,1,1,0.00263579056122748
"none",1.1,57,"SVP",1,1,1,1,0.00263579056122748
"none",1.1,57,"SVP (BIC)",1,1,1,1,0.00263579056122748
"none",1.1,58,"PELT",1,1,1,1,5.33875770521497e-05
"none",1.1,58,"SVP",1,1,1,1,5.33875770521497e-05
"none",1.1,58,"SVP (BIC)",1,1,1,1,5.33875770521497e-05
"none",1.1,59,"PELT",1,1,1,1,8.31113398031874e-07
"none",1.1,59,"SVP",1,1,1,1,8.31113398031874e-07
"none",1.1,59,"SVP (BIC)",1,1,1,1,8.31113398031874e-07
"none",1.1,60,"PELT",1,1,1,1,0.00148203298860379
"none",1.1,60,"SVP",1,1,1,1,0.00148203298860379
"none",1.1,60,"SVP (BIC)",1,1,1,1,0.00148203298860379
"none",1.1,61,"PELT",1,1,1,1,9.37926605317929e-05
"none",1.1,61,"SVP",1,1,1,1,9.37926605317929e-05
"none",1.1,61,"SVP (BIC)",1,1,1,1,9.37926605317929e-05
"none",1.1,62,"PELT",1,1,1,1,0.000309445027578231
"none",1.1,62,"SVP",1,1,1,1,0.000309445027578231
"none",1.1,62,"SVP (BIC)",1,1,1,1,0.000309445027578231
"none",1.1,63,"PELT",1,1,1,1,0.000773930130446849
"none",1.1,63,"SVP",1,1,1,1,0.000773930130446849
"none",1.1,63,"SVP (BIC)",1,1,1,1,0.000773930130446849
"none",1.1,64,"PELT",1,1,1,1,0.00171961122671536
"none",1.1,64,"SVP",1,1,1,1,0.00171961122671536
"none",1.1,64,"SVP (BIC)",1,1,1,1,0.00171961122671536
"none",1.1,65,"PELT",1,1,1,1,0.000125097415060378
"none",1.1,65,"SVP",1,1,1,1,0.000125097415060378
"none",1.1,65,"SVP (BIC)",1,1,1,1,0.000125097415060378
"none",1.1,66,"PELT",1,1,1,1,2.41181915814242e-05
"none",1.1,66,"SVP",1,1,1,1,2.41181915814242e-05
"none",1.1,66,"SVP (BIC)",1,1,1,1,2.41181915814242e-05
"none",1.1,67,"PELT",1,1,1,1,0.000668596002881324
"none",1.1,67,"SVP",1,1,1,1,0.000668596002881324
"none",1.1,67,"SVP (BIC)",1,1,1,1,0.000668596002881324
"none",1.1,68,"PELT",1,1,1,1,1.0756658595887e-05
"none",1.1,68,"SVP",1,1,1,1,1.0756658595887e-05
"none",1.1,68,"SVP (BIC)",1,1,1,1,1.0756658595887e-05
"none",1.1,69,"PELT",1,1,1,1,1.1384523495286e-07
"none",1.1,69,"SVP",1,1,1,1,1.1384523495286e-07
"none",1.1,69,"SVP (BIC)",1,1,1,1,1.1384523495286e-07
"none",1.1,70,"PELT",1,1,1,1,0.000365364079647555
"none",1.1,70,"SVP",1,1,1,1,0.000365364079647555
"none",1.1,70,"SVP (BIC)",1,1,1,1,0.000365364079647555
"none",1.1,71,"PELT",1,1,1,1,0.000593136573855601
"none",1.1,71,"SVP",1,1,1,1,0.000593136573855601
"none",1.1,71,"SVP (BIC)",1,1,1,1,0.000593136573855601
"none",1.1,72,"PELT",1,1,1,1,4.80078540855309e-05
"none",1.1,72,"SVP",1,1,1,1,4.80078540855309e-05
"none",1.1,72,"SVP (BIC)",1,1,1,1,4.80078540855309e-05
"none",1.1,73,"PELT",1,1,1,1,8.37693442001488e-05
"none",1.1,73,"SVP",1,1,1,1,8.37693442001488e-05
"none",1.1,73,"SVP (BIC)",1,1,1,1,8.37693442001488e-05
"none",1.1,74,"PELT",1,1,1,1,0.000387407685347194
"none",1.1,74,"SVP",1,1,1,1,0.000387407685347194
"none",1.1,74,"SVP (BIC)",1,1,1,1,0.000387407685347194
"none",1.1,75,"PELT",0.333333333333333,1,0.5,3,0.0300806597709589
"none",1.1,75,"SVP",0.333333333333333,1,0.5,3,0.0300806597709589
"none",1.1,75,"SVP (BIC)",0.5,1,0.666666666666667,2,0.0099335382924243
"none",1.1,76,"PELT",1,1,1,1,0.0041569421266455
"none",1.1,76,"SVP",1,1,1,1,0.0041569421266455
"none",1.1,76,"SVP (BIC)",1,1,1,1,0.0041569421266455
"none",1.1,77,"PELT",1,1,1,1,0.000663058623284228
"none",1.1,77,"SVP",1,1,1,1,0.000663058623284228
"none",1.1,77,"SVP (BIC)",1,1,1,1,0.000663058623284228
"none",1.1,78,"PELT",1,1,1,1,0.000262318222869381
"none",1.1,78,"SVP",1,1,1,1,0.000262318222869381
"none",1.1,78,"SVP (BIC)",1,1,1,1,0.000262318222869381
"none",1.1,79,"PELT",1,1,1,1,0.000753322977094339
"none",1.1,79,"SVP",1,1,1,1,0.000753322977094339
"none",1.1,79,"SVP (BIC)",1,1,1,1,0.000753322977094339
"none",1.1,80,"PELT",1,1,1,1,2.72149977553636e-05
"none",1.1,80,"SVP",1,1,1,1,2.72149977553636e-05
"none",1.1,80,"SVP (BIC)",1,1,1,1,2.72149977553636e-05
"none",1.1,81,"PELT",1,1,1,1,0.000559958210410218
"none",1.1,81,"SVP",1,1,1,1,0.000559958210410218
"none",1.1,81,"SVP (BIC)",1,1,1,1,0.000559958210410218
"none",1.1,82,"PELT",1,1,1,1,2.50009817843311e-05
"none",1.1,82,"SVP",1,1,1,1,2.50009817843311e-05
"none",1.1,82,"SVP (BIC)",1,1,1,1,2.50009817843311e-05
"none",1.1,83,"PELT",1,1,1,1,0.00105844614634486
"none",1.1,83,"SVP",1,1,1,1,0.00105844614634486
"none",1.1,83,"SVP (BIC)",1,1,1,1,0.00105844614634486
"none",1.1,84,"PELT",1,1,1,1,1.06685918380005e-07
"none",1.1,84,"SVP",1,1,1,1,1.06685918380005e-07
"none",1.1,84,"SVP (BIC)",1,1,1,1,1.06685918380005e-07
"none",1.1,85,"PELT",1,1,1,1,0.00342840184880966
"none",1.1,85,"SVP",1,1,1,1,0.00342840184880966
"none",1.1,85,"SVP (BIC)",1,1,1,1,0.00342840184880966
"none",1.1,86,"PELT",1,1,1,1,3.42800936147649e-05
"none",1.1,86,"SVP",1,1,1,1,3.42800936147649e-05
"none",1.1,86,"SVP (BIC)",1,1,1,1,3.42800936147649e-05
"none",1.1,87,"PELT",1,1,1,1,0.00256498812377226
"none",1.1,87,"SVP",1,1,1,1,0.00256498812377226
"none",1.1,87,"SVP (BIC)",1,1,1,1,0.00256498812377226
"none",1.1,88,"PELT",1,1,1,1,0.00146301722815137
"none",1.1,88,"SVP",1,1,1,1,0.00146301722815137
"none",1.1,88,"SVP (BIC)",1,1,1,1,0.00146301722815137
"none",1.1,89,"PELT",1,1,1,1,0.0100806002296575
"none",1.1,89,"SVP",1,1,1,1,0.0100806002296575
"none",1.1,89,"SVP (BIC)",1,1,1,1,0.0100806002296575
"none",1.1,90,"PELT",1,1,1,1,0.000141373005285058
"none",1.1,90,"SVP",1,1,1,1,0.000141373005285058
"none",1.1,90,"SVP (BIC)",1,1,1,1,0.000141373005285058
"none",1.1,91,"PELT",1,1,1,1,0.000262977488818606
"none",1.1,91,"SVP",1,1,1,1,0.000262977488818606
"none",1.1,91,"SVP (BIC)",1,1,1,1,0.000262977488818606
"none",1.1,92,"PELT",1,1,1,1,3.35284760933346e-07
"none",1.1,92,"SVP",1,1,1,1,3.35284760933346e-07
"none",1.1,92,"SVP (BIC)",1,1,1,1,3.35284760933346e-07
"none",1.1,93,"PELT",1,1,1,1,2.56961507078102e-06
"none",1.1,93,"SVP",1,1,1,1,2.56961507078102e-06
"none",1.1,93,"SVP (BIC)",1,1,1,1,2.56961507078102e-06
"none",1.1,94,"PELT",1,1,1,1,0.00553025020672009
"none",1.1,94,"SVP",1,1,1,1,0.00553025020672009
"none",1.1,94,"SVP (BIC)",1,1,1,1,0.00553025020672009
"none",1.1,95,"PELT",1,1,1,1,0.000492212742630719
"none",1.1,95,"SVP",1,1,1,1,0.000492212742630719
"none",1.1,95,"SVP (BIC)",1,1,1,1,0.000492212742630719
"none",1.1,96,"PELT",1,1,1,1,7.28590668129117e-05
"none",1.1,96,"SVP",1,1,1,1,7.28590668129117e-05
"none",1.1,96,"SVP (BIC)",1,1,1,1,7.28590668129117e-05
"none",1.1,97,"PELT",1,1,1,1,2.37532553464613e-05
"none",1.1,97,"SVP",1,1,1,1,2.37532553464613e-05
"none",1.1,97,"SVP (BIC)",1,1,1,1,2.37532553464613e-05
"none",1.1,98,"PELT",1,1,1,1,1.06635030742159e-05
"none",1.1,98,"SVP",1,1,1,1,1.06635030742159e-05
"none",1.1,98,"SVP (BIC)",1,1,1,1,1.06635030742159e-05
"none",1.1,99,"PELT",1,1,1,1,0.00197060711840212
"none",1.1,99,"SVP",1,1,1,1,0.00197060711840212
"none",1.1,99,"SVP (BIC)",1,1,1,1,0.00197060711840212
"none",1.1,100,"PELT",1,1,1,1,0.00067606316308234
"none",1.1,100,"SVP",1,1,1,1,0.00067606316308234
"none",1.1,100,"SVP (BIC)",1,1,1,1,0.00067606316308234
"up",1.1,1,"PELT",0.75,0.75,0.75,8,0.0315561314589595
"up",1.1,1,"SVP",0.75,0.75,0.75,8,0.0315561314589595
"up",1.1,1,"SVP (BIC)",0.75,0.75,0.75,8,0.0315561314589595
"up",1.1,2,"PELT",1,1,1,8,0.0095687513613125
"up",1.1,2,"SVP",1,1,1,8,0.0095687513613125
"up",1.1,2,"SVP (BIC)",1,1,1,8,0.0095687513613125
"up",1.1,3,"PELT",0.625,0.625,0.625,8,0.0295965102709456
"up",1.1,3,"SVP",0.625,0.625,0.625,8,0.0295965102709456
"up",1.1,3,"SVP (BIC)",0.625,0.625,0.625,8,0.0295965102709456
"up",1.1,4,"PELT",1,1,1,8,0.0160261084994754
"up",1.1,4,"SVP",1,1,1,8,0.0160261084994754
"up",1.1,4,"SVP (BIC)",1,1,1,8,0.0160261084994754
"up",1.1,5,"PELT",0.75,0.75,0.75,8,0.0174405487930587
"up",1.1,5,"SVP",0.75,0.75,0.75,8,0.0174405487930587
"up",1.1,5,"SVP (BIC)",0.75,0.75,0.75,8,0.0174405487930587
"up",1.1,6,"PELT",0.875,0.875,0.875,8,0.0215812445402214
"up",1.1,6,"SVP",0.875,0.875,0.875,8,0.0215812445402214
"up",1.1,6,"SVP (BIC)",0.875,0.875,0.875,8,0.0215812445402214
"up",1.1,7,"PELT",0.5,0.5,0.5,8,0.0322387556677997
"up",1.1,7,"SVP",0.5,0.5,0.5,8,0.0322387556677997
"up",1.1,7,"SVP (BIC)",0.5,0.5,0.5,8,0.0322387556677997
"up",1.1,8,"PELT",0.75,0.75,0.75,8,0.036438500279997
"up",1.1,8,"SVP",0.75,0.75,0.75,8,0.036438500279997
"up",1.1,8,"SVP (BIC)",0.75,0.75,0.75,8,0.036438500279997
"up",1.1,9,"PELT",0.625,0.625,0.625,8,0.024098967157045
"up",1.1,9,"SVP",0.625,0.625,0.625,8,0.024098967157045
"up",1.1,9,"SVP (BIC)",0.625,0.625,0.625,8,0.024098967157045
"up",1.1,10,"PELT",0.5,0.5,0.5,8,0.047730200222578
"up",1.1,10,"SVP",0.5,0.5,0.5,8,0.047730200222578
"up",1.1,10,"SVP (BIC)",0.5,0.5,0.5,8,0.047730200222578
"up",1.1,11,"PELT",0.625,0.625,0.625,8,0.0202630042197596
"up",1.1,11,"SVP",0.625,0.625,0.625,8,0.0202630042197596
"up",1.1,11,"SVP (BIC)",0.625,0.625,0.625,8,0.0202630042197596
"up",1.1,12,"PELT",0.625,0.625,0.625,8,0.0303856505574487
"up",1.1,12,"SVP",0.625,0.625,0.625,8,0.0303856505574487
"up",1.1,12,"SVP (BIC)",0.625,0.625,0.625,8,0.0303856505574487
"up",1.1,13,"PELT",0.625,0.625,0.625,8,0.032613881094967
"up",1.1,13,"SVP",0.625,0.625,0.625,8,0.032613881094967
"up",1.1,13,"SVP (BIC)",0.625,0.625,0.625,8,0.032613881094967
"up",1.1,14,"PELT",0.666666666666667,0.75,0.705882352941177,9,0.0443255503213095
"up",1.1,14,"SVP",0.75,0.75,0.75,8,0.0293868349962609
"up",1.1,14,"SVP (BIC)",0.75,0.75,0.75,8,0.0293868349962609
"up",1.1,15,"PELT",1,1,1,8,0.0156573061699874
"up",1.1,15,"SVP",1,1,1,8,0.0167452079970062
"up",1.1,15,"SVP (BIC)",1,1,1,8,0.0156573061699874
"up",1.1,16,"PELT",0.5,0.5,0.5,8,0.0284593633716576
"up",1.1,16,"SVP",0.5,0.5,0.5,8,0.0284593633716576
"up",1.1,16,"SVP (BIC)",0.5,0.5,0.5,8,0.0284593633716576
"up",1.1,17,"PELT",0.5,0.5,0.5,8,0.0292526343241386
"up",1.1,17,"SVP",0.5,0.5,0.5,8,0.0292526343241386
"up",1.1,17,"SVP (BIC)",0.5,0.5,0.5,8,0.0292526343241386
"up",1.1,18,"PELT",0.75,0.75,0.75,8,0.0266980712063722
"up",1.1,18,"SVP",0.75,0.75,0.75,8,0.0266980712063722
"up",1.1,18,"SVP (BIC)",0.75,0.75,0.75,8,0.0266980712063722
"up",1.1,19,"PELT",1,1,1,8,0.0131309929720631
"up",1.1,19,"SVP",0.875,0.875,0.875,8,0.0185494416353551
"up",1.1,19,"SVP (BIC)",1,1,1,8,0.0131309929720631
"up",1.1,20,"PELT",0.75,0.75,0.75,8,0.0188495948720907
"up",1.1,20,"SVP",0.75,0.75,0.75,8,0.0188495948720907
"up",1.1,20,"SVP (BIC)",0.75,0.75,0.75,8,0.0188495948720907
"up",1.1,21,"PELT",0.75,0.75,0.75,8,0.0233005867874074
"up",1.1,21,"SVP",0.75,0.75,0.75,8,0.0233005867874074
"up",1.1,21,"SVP (BIC)",0.75,0.75,0.75,8,0.0233005867874074
"up",1.1,22,"PELT",0.875,0.875,0.875,8,0.00987524342154613
"up",1.1,22,"SVP",0.875,0.875,0.875,8,0.00987524342154613
"up",1.1,22,"SVP (BIC)",0.875,0.875,0.875,8,0.00987524342154613
"up",1.1,23,"PELT",0.625,0.625,0.625,8,0.0348956915993091
"up",1.1,23,"SVP",0.625,0.625,0.625,8,0.0348956915993091
"up",1.1,23,"SVP (BIC)",0.625,0.625,0.625,8,0.0348956915993091
"up",1.1,24,"PELT",1,1,1,8,0.0107523183950338
"up",1.1,24,"SVP",1,1,1,8,0.0107523183950338
"up",1.1,24,"SVP (BIC)",1,1,1,8,0.0107523183950338
"up",1.1,25,"PELT",0.75,0.75,0.75,8,0.0306731221543211
"up",1.1,25,"SVP",0.75,0.75,0.75,8,0.0306731221543211
"up",1.1,25,"SVP (BIC)",0.75,0.75,0.75,8,0.0306731221543211
"up",1.1,26,"PELT",1,1,1,8,0.0121126537144771
"up",1.1,26,"SVP",1,1,1,8,0.0121126537144771
"up",1.1,26,"SVP (BIC)",1,1,1,8,0.0121126537144771
"up",1.1,27,"PELT",0.875,0.875,0.875,8,0.0346677090417567
"up",1.1,27,"SVP",0.875,0.875,0.875,8,0.0346677090417567
"up",1.1,27,"SVP (BIC)",0.875,0.875,0.875,8,0.0346677090417567
"up",1.1,28,"PELT",0.75,0.75,0.75,8,0.0654162640866421
"up",1.1,28,"SVP",0.75,0.75,0.75,8,0.0654162640866421
"up",1.1,28,"SVP (BIC)",0.75,0.75,0.75,8,0.0654162640866421
"up",1.1,29,"PELT",0.625,0.625,0.625,8,0.0266016105768954
"up",1.1,29,"SVP",0.625,0.625,0.625,8,0.0266016105768954
"up",1.1,29,"SVP (BIC)",0.625,0.625,0.625,8,0.0266016105768954
"up",1.1,30,"PELT",0.75,0.75,0.75,8,0.0291086313666443
"up",1.1,30,"SVP",0.75,0.75,0.75,8,0.0291086313666443
"up",1.1,30,"SVP (BIC)",0.75,0.75,0.75,8,0.0291086313666443
"up",1.1,31,"PELT",0.875,0.875,0.875,8,0.0151825063265968
"up",1.1,31,"SVP",0.875,0.875,0.875,8,0.0151825063265968
"up",1.1,31,"SVP (BIC)",0.875,0.875,0.875,8,0.0151825063265968
"up",1.1,32,"PELT",0.625,0.625,0.625,8,0.0485782973156098
"up",1.1,32,"SVP",0.625,0.625,0.625,8,0.0485782973156098
"up",1.1,32,"SVP (BIC)",0.625,0.625,0.625,8,0.0485782973156098
"up",1.1,33,"PELT",0.75,0.75,0.75,8,0.026671142302848
"up",1.1,33,"SVP",0.75,0.75,0.75,8,0.026671142302848
"up",1.1,33,"SVP (BIC)",0.142857142857143,0.125,0.133333333333333,7,0.18137919057518
"up",1.1,34,"PELT",0.625,0.625,0.625,8,0.0240682002255107
"up",1.1,34,"SVP",0.625,0.625,0.625,8,0.0240682002255107
"up",1.1,34,"SVP (BIC)",0.625,0.625,0.625,8,0.0240682002255107
"up",1.1,35,"PELT",0.5,0.5,0.5,8,0.0504354628985248
"up",1.1,35,"SVP",0.5,0.5,0.5,8,0.0504354628985248
"up",1.1,35,"SVP (BIC)",0.5,0.5,0.5,8,0.0504354628985248
"up",1.1,36,"PELT",0.75,0.75,0.75,8,0.0144622178492781
"up",1.1,36,"SVP",0.75,0.75,0.75,8,0.0144622178492781
"up",1.1,36,"SVP (BIC)",0.75,0.75,0.75,8,0.0144622178492781
"up",1.1,37,"PELT",0.75,0.75,0.75,8,0.0313251725375471
"up",1.1,37,"SVP",0.75,0.75,0.75,8,0.0313251725375471
"up",1.1,37,"SVP (BIC)",0.75,0.75,0.75,8,0.0313251725375471
"up",1.1,38,"PELT",0.5,0.5,0.5,8,0.0403972862946832
"up",1.1,38,"SVP",0.5,0.5,0.5,8,0.0403972862946832
"up",1.1,38,"SVP (BIC)",0.5,0.5,0.5,8,0.0403972862946832
"up",1.1,39,"PELT",1,1,1,8,0.00913931160011898
"up",1.1,39,"SVP",1,1,1,8,0.00913931160011898
"up",1.1,39,"SVP (BIC)",1,1,1,8,0.00913931160011898
"up",1.1,40,"PELT",0.375,0.375,0.375,8,0.0529871162473321
"up",1.1,40,"SVP",0.285714285714286,0.25,0.266666666666667,7,0.150571274278921
"up",1.1,40,"SVP (BIC)",0.285714285714286,0.25,0.266666666666667,7,0.136580782231893
"up",1.1,41,"PELT",0.75,0.75,0.75,8,0.0237933358219173
"up",1.1,41,"SVP",0.75,0.75,0.75,8,0.0237933358219173
"up",1.1,41,"SVP (BIC)",0.75,0.75,0.75,8,0.0237933358219173
"up",1.1,42,"PELT",0.75,0.75,0.75,8,0.0189059307667998
"up",1.1,42,"SVP",0.75,0.75,0.75,8,0.0189059307667998
"up",1.1,42,"SVP (BIC)",0.75,0.75,0.75,8,0.0189059307667998
"up",1.1,43,"PELT",0.75,0.75,0.75,8,0.0336872841238519
"up",1.1,43,"SVP",0.75,0.75,0.75,8,0.0336872841238519
"up",1.1,43,"SVP (BIC)",0.75,0.75,0.75,8,0.0336872841238519
"up",1.1,44,"PELT",1,1,1,8,0.0119653417866351
"up",1.1,44,"SVP",1,1,1,8,0.0119653417866351
"up",1.1,44,"SVP (BIC)",1,1,1,8,0.0119653417866351
"up",1.1,45,"PELT",1,1,1,8,0.00832015816913997
"up",1.1,45,"SVP",1,1,1,8,0.00832015816913997
"up",1.1,45,"SVP (BIC)",1,1,1,8,0.00832015816913997
"up",1.1,46,"PELT",0.375,0.375,0.375,8,0.0383317232406927
"up",1.1,46,"SVP",0.375,0.375,0.375,8,0.0383317232406927
"up",1.1,46,"SVP (BIC)",0.375,0.375,0.375,8,0.0383317232406927
"up",1.1,47,"PELT",0.5,0.5,0.5,8,0.0445956151532322
"up",1.1,47,"SVP",0.5,0.5,0.5,8,0.0445956151532322
"up",1.1,47,"SVP (BIC)",0.5,0.5,0.5,8,0.0445956151532322
"up",1.1,48,"PELT",0.75,0.75,0.75,8,0.0210988750365768
"up",1.1,48,"SVP",0.75,0.75,0.75,8,0.0210988750365768
"up",1.1,48,"SVP (BIC)",0.75,0.75,0.75,8,0.0210988750365768
"up",1.1,49,"PELT",0.75,0.75,0.75,8,0.0306191754606612
"up",1.1,49,"SVP",0.75,0.75,0.75,8,0.0306191754606612
"up",1.1,49,"SVP (BIC)",0.75,0.75,0.75,8,0.0306191754606612
"up",1.1,50,"PELT",1,1,1,8,0.0129134581103943
"up",1.1,50,"SVP",1,1,1,8,0.0129134581103943
"up",1.1,50,"SVP (BIC)",1,1,1,8,0.0129134581103943
"up",1.1,51,"PELT",0.75,0.75,0.75,8,0.0381824950806648
"up",1.1,51,"SVP",0.75,0.75,0.75,8,0.0381824950806648
"up",1.1,51,"SVP (BIC)",0.75,0.75,0.75,8,0.0381824950806648
"up",1.1,52,"PELT",0.75,0.75,0.75,8,0.0296517594659128
"up",1.1,52,"SVP",0.75,0.75,0.75,8,0.0296517594659128
"up",1.1,52,"SVP (BIC)",0.75,0.75,0.75,8,0.0296517594659128
"up",1.1,53,"PELT",0.75,0.75,0.75,8,0.0304017603091286
"up",1.1,53,"SVP",0.75,0.75,0.75,8,0.0304017603091286
"up",1.1,53,"SVP (BIC)",0.75,0.75,0.75,8,0.0304017603091286
"up",1.1,54,"PELT",0.875,0.875,0.875,8,0.0292349121474531
"up",1.1,54,"SVP",0.875,0.875,0.875,8,0.0292349121474531
"up",1.1,54,"SVP (BIC)",0.875,0.875,0.875,8,0.0292349121474531
"up",1.1,55,"PELT",0.777777777777778,0.875,0.823529411764706,9,0.0408937375131608
"up",1.1,55,"SVP",0.777777777777778,0.875,0.823529411764706,9,0.0408937375131608
"up",1.1,55,"SVP (BIC)",1,1,1,8,0.0121499792181785
"up",1.1,56,"PELT",1,1,1,8,0.0137235698401017
"up",1.1,56,"SVP",1,1,1,8,0.0137235698401017
"up",1.1,56,"SVP (BIC)",1,1,1,8,0.0137235698401017
"up",1.1,57,"PELT",0.75,0.75,0.75,8,0.0201012792077213
"up",1.1,57,"SVP",0.75,0.75,0.75,8,0.0201012792077213
"up",1.1,57,"SVP (BIC)",0.75,0.75,0.75,8,0.0201012792077213
"up",1.1,58,"PELT",0.625,0.625,0.625,8,0.0380274086229533
"up",1.1,58,"SVP",0.625,0.625,0.625,8,0.0380274086229533
"up",1.1,58,"SVP (BIC)",0.625,0.625,0.625,8,0.0380274086229533
"up",1.1,59,"PELT",0.75,0.75,0.75,8,0.0429161569988746
"up",1.1,59,"SVP",0.75,0.75,0.75,8,0.0429161569988746
"up",1.1,59,"SVP (BIC)",0.75,0.75,0.75,8,0.0429161569988746
"up",1.1,60,"PELT",0.75,0.75,0.75,8,0.0203578327258432
"up",1.1,60,"SVP",0.75,0.75,0.75,8,0.0203578327258432
"up",1.1,60,"SVP (BIC)",0.75,0.75,0.75,8,0.0203578327258432
"up",1.1,61,"PELT",0.625,0.625,0.625,8,0.0318618542176053
"up",1.1,61,"SVP",0.625,0.625,0.625,8,0.0318618542176053
"up",1.1,61,"SVP (BIC)",0.625,0.625,0.625,8,0.0318618542176053
"up",1.1,62,"PELT",0.75,0.75,0.75,8,0.0270919500892851
"up",1.1,62,"SVP",0.75,0.75,0.75,8,0.0270919500892851
"up",1.1,62,"SVP (BIC)",0.75,0.75,0.75,8,0.0270919500892851
"up",1.1,63,"PELT",0.75,0.75,0.75,8,0.0234191955635816
"up",1.1,63,"SVP",0.75,0.75,0.75,8,0.0234191955635816
"up",1.1,63,"SVP (BIC)",0.75,0.75,0.75,8,0.0234191955635816
"up",1.1,64,"PELT",0.625,0.625,0.625,8,0.0283574068160642
"up",1.1,64,"SVP",0.625,0.625,0.625,8,0.0283574068160642
"up",1.1,64,"SVP (BIC)",0.625,0.625,0.625,8,0.0283574068160642
"up",1.1,65,"PELT",0.75,0.75,0.75,8,0.0311142070701051
"up",1.1,65,"SVP",0.75,0.75,0.75,8,0.0311142070701051
"up",1.1,65,"SVP (BIC)",0.75,0.75,0.75,8,0.0311142070701051
"up",1.1,66,"PELT",0.75,0.75,0.75,8,0.0148881323571417
"up",1.1,66,"SVP",0.75,0.75,0.75,8,0.0148881323571417
"up",1.1,66,"SVP (BIC)",0.75,0.75,0.75,8,0.0148881323571417
"up",1.1,67,"PELT",0.75,0.75,0.75,8,0.02101766572948
"up",1.1,67,"SVP",0.75,0.75,0.75,8,0.02101766572948
"up",1.1,67,"SVP (BIC)",0.75,0.75,0.75,8,0.02101766572948
"up",1.1,68,"PELT",0.75,0.75,0.75,8,0.0271665214956914
"up",1.1,68,"SVP",0.75,0.75,0.75,8,0.0271665214956914
"up",1.1,68,"SVP (BIC)",0.75,0.75,0.75,8,0.0271665214956914
"up",1.1,69,"PELT",0.875,0.875,0.875,8,0.0187829604543909
"up",1.1,69,"SVP",0.875,0.875,0.875,8,0.0187829604543909
"up",1.1,69,"SVP (BIC)",0.875,0.875,0.875,8,0.0187829604543909
"up",1.1,70,"PELT",0.625,0.625,0.625,8,0.0300560990378236
"up",1.1,70,"SVP",0.625,0.625,0.625,8,0.0300560990378236
"up",1.1,70,"SVP (BIC)",0.625,0.625,0.625,8,0.0300560990378236
"up",1.1,71,"PELT",0.75,0.75,0.75,8,0.0339592665056348
"up",1.1,71,"SVP",0.75,0.75,0.75,8,0.0339592665056348
"up",1.1,71,"SVP (BIC)",0.285714285714286,0.25,0.266666666666667,7,0.150327017788019
"up",1.1,72,"PELT",0.75,0.75,0.75,8,0.023499461944444
"up",1.1,72,"SVP",0.75,0.75,0.75,8,0.023499461944444
"up",1.1,72,"SVP (BIC)",0.75,0.75,0.75,8,0.023499461944444
"up",1.1,73,"PELT",0.75,0.75,0.75,8,0.0347622098788753
"up",1.1,73,"SVP",0.75,0.75,0.75,8,0.0347622098788753
"up",1.1,73,"SVP (BIC)",0.75,0.75,0.75,8,0.0347622098788753
"up",1.1,74,"PELT",0.625,0.625,0.625,8,0.0321054008116877
"up",1.1,74,"SVP",0.625,0.625,0.625,8,0.0321054008116877
"up",1.1,74,"SVP (BIC)",0.625,0.625,0.625,8,0.0321054008116877
"up",1.1,75,"PELT",0.5,0.5,0.5,8,0.0323530558215147
"up",1.1,75,"SVP",0.5,0.5,0.5,8,0.0323530558215147
"up",1.1,75,"SVP (BIC)",0.5,0.5,0.5,8,0.0323530558215147
"up",1.1,76,"PELT",0.75,0.75,0.75,8,0.0222101676126914
"up",1.1,76,"SVP",0.75,0.75,0.75,8,0.0222101676126914
"up",1.1,76,"SVP (BIC)",0.75,0.75,0.75,8,0.0222101676126914
"up",1.1,77,"PELT",0.875,0.875,0.875,8,0.0258415841911731
"up",1.1,77,"SVP",0.875,0.875,0.875,8,0.0258415841911731
"up",1.1,77,"SVP (BIC)",0.875,0.875,0.875,8,0.0258415841911731
"up",1.1,78,"PELT",0.75,0.75,0.75,8,0.0390675405018436
"up",1.1,78,"SVP",0.75,0.75,0.75,8,0.0390675405018436
"up",1.1,78,"SVP (BIC)",0.75,0.75,0.75,8,0.0390675405018436
"up",1.1,79,"PELT",0.625,0.625,0.625,8,0.0194993399887282
"up",1.1,79,"SVP",0.625,0.625,0.625,8,0.0194993399887282
"up",1.1,79,"SVP (BIC)",0.625,0.625,0.625,8,0.0194993399887282
"up",1.1,80,"PELT",0.875,0.875,0.875,8,0.0374125522846724
"up",1.1,80,"SVP",0.875,0.875,0.875,8,0.0374125522846724
"up",1.1,80,"SVP (BIC)",0.714285714285714,0.625,0.666666666666667,7,0.117577244075133
"up",1.1,81,"PELT",0.625,0.625,0.625,8,0.0204911790420031
"up",1.1,81,"SVP",0.625,0.625,0.625,8,0.0204911790420031
"up",1.1,81,"SVP (BIC)",0.625,0.625,0.625,8,0.0204911790420031
"up",1.1,82,"PELT",0.875,0.875,0.875,8,0.026366635996999
"up",1.1,82,"SVP",0.875,0.875,0.875,8,0.026366635996999
"up",1.1,82,"SVP (BIC)",0.875,0.875,0.875,8,0.026366635996999
"up",1.1,83,"PELT",0.5,0.5,0.5,8,0.0268050170843413
"up",1.1,83,"SVP",0.5,0.5,0.5,8,0.0268050170843413
"up",1.1,83,"SVP (BIC)",0.5,0.5,0.5,8,0.0268050170843413
"up",1.1,84,"PELT",0.75,0.75,0.75,8,0.0238353310744001
"up",1.1,84,"SVP",0.75,0.75,0.75,8,0.0238353310744001
"up",1.1,84,"SVP (BIC)",0.75,0.75,0.75,8,0.0238353310744001
"up",1.1,85,"PELT",0.875,0.875,0.875,8,0.0290953435767208
"up",1.1,85,"SVP",0.875,0.875,0.875,8,0.0290953435767208
"up",1.1,85,"SVP (BIC)",0.875,0.875,0.875,8,0.0290953435767208
"up",1.1,86,"PELT",0.555555555555556,0.625,0.588235294117647,9,0.0467541211540589
"up",1.1,86,"SVP",0.625,0.625,0.625,8,0.0291585940441247
"up",1.1,86,"SVP (BIC)",0.625,0.625,0.625,8,0.0291585940441247
"up",1.1,87,"PELT",0.75,0.75,0.75,8,0.0218689442635574
"up",1.1,87,"SVP",0.75,0.75,0.75,8,0.0218689442635574
"up",1.1,87,"SVP (BIC)",0.75,0.75,0.75,8,0.0218689442635574
"up",1.1,88,"PELT",0.875,0.875,0.875,8,0.0258775209115742
"up",1.1,88,"SVP",0.875,0.875,0.875,8,0.0258775209115742
"up",1.1,88,"SVP (BIC)",0.571428571428571,0.5,0.533333333333333,7,0.132824200491936
"up",1.1,89,"PELT",0.75,0.75,0.75,8,0.0426585463910161
"up",1.1,89,"SVP",0.75,0.75,0.75,8,0.0426585463910161
"up",1.1,89,"SVP (BIC)",0.75,0.75,0.75,8,0.0426585463910161
"up",1.1,90,"PELT",0.625,0.625,0.625,8,0.0304857992673232
"up",1.1,90,"SVP",0.625,0.625,0.625,8,0.0304857992673232
"up",1.1,90,"SVP (BIC)",0.571428571428571,0.5,0.533333333333333,7,0.157244031380389
"up",1.1,91,"PELT",0.625,0.625,0.625,8,0.033314798667813
"up",1.1,91,"SVP",0.625,0.625,0.625,8,0.033314798667813
"up",1.1,91,"SVP (BIC)",0.625,0.625,0.625,8,0.033314798667813
"up",1.1,92,"PELT",1,1,1,8,0.00996065380316799
"up",1.1,92,"SVP",1,1,1,8,0.00996065380316799
"up",1.1,92,"SVP (BIC)",1,1,1,8,0.00996065380316799
"up",1.1,93,"PELT",0.25,0.25,0.25,8,0.0681823028325576
"up",1.1,93,"SVP",0.25,0.25,0.25,8,0.0681823028325576
"up",1.1,93,"SVP (BIC)",0.25,0.25,0.25,8,0.0681823028325576
"up",1.1,94,"PELT",0.875,0.875,0.875,8,0.019009931447418
"up",1.1,94,"SVP",0.875,0.875,0.875,8,0.019009931447418
"up",1.1,94,"SVP (BIC)",0.875,0.875,0.875,8,0.019009931447418
"up",1.1,95,"PELT",0.875,0.875,0.875,8,0.0215529479487833
"up",1.1,95,"SVP",0.875,0.875,0.875,8,0.0215529479487833
"up",1.1,95,"SVP (BIC)",0.875,0.875,0.875,8,0.0215529479487833
"up",1.1,96,"PELT",0.75,0.75,0.75,8,0.0310865015007367
"up",1.1,96,"SVP",0.75,0.75,0.75,8,0.0310865015007367
"up",1.1,96,"SVP (BIC)",0.75,0.75,0.75,8,0.0310865015007367
"up",1.1,97,"PELT",0.75,0.75,0.75,8,0.0193501413927294
"up",1.1,97,"SVP",0.75,0.75,0.75,8,0.0193501413927294
"up",1.1,97,"SVP (BIC)",0.75,0.75,0.75,8,0.0193501413927294
"up",1.1,98,"PELT",0.75,0.75,0.75,8,0.0207845689047909
"up",1.1,98,"SVP",0.75,0.75,0.75,8,0.0207845689047909
"up",1.1,98,"SVP (BIC)",0.75,0.75,0.75,8,0.0207845689047909
"up",1.1,99,"PELT",0.875,0.875,0.875,8,0.027839971133088
"up",1.1,99,"SVP",0.875,0.875,0.875,8,0.027839971133088
"up",1.1,99,"SVP (BIC)",0.875,0.875,0.875,8,0.027839971133088
"up",1.1,100,"PELT",0.625,0.625,0.625,8,0.0354241701874837
"up",1.1,100,"SVP",0.625,0.625,0.625,8,0.0354241701874837
"up",1.1,100,"SVP (BIC)",0.625,0.625,0.625,8,0.0354241701874837
"updown",1.1,1,"PELT",0.75,0.75,0.75,8,0.0316199387559055
"updown",1.1,1,"SVP",0.75,0.75,0.75,8,0.0316199387559055
"updown",1.1,1,"SVP (BIC)",0.75,0.75,0.75,8,0.0316199387559055
"updown",1.1,2,"PELT",0.75,0.75,0.75,8,0.02157168761277
"updown",1.1,2,"SVP",0.625,0.625,0.625,8,0.0604356089657083
"updown",1.1,2,"SVP (BIC)",0.75,0.75,0.75,8,0.02157168761277
"updown",1.1,3,"PELT",0.625,0.625,0.625,8,0.0222552529125254
"updown",1.1,3,"SVP",0.625,0.625,0.625,8,0.0222552529125254
"updown",1.1,3,"SVP (BIC)",0.625,0.625,0.625,8,0.0222552529125254
"updown",1.1,4,"PELT",0.875,0.875,0.875,8,0.0192468438174221
"updown",1.1,4,"SVP",0.777777777777778,0.875,0.823529411764706,9,0.0191861632164821
"updown",1.1,4,"SVP (BIC)",0.875,0.875,0.875,8,0.0192468438174221
"updown",1.1,5,"PELT",0.5,0.5,0.5,8,0.0326750736934171
"updown",1.1,5,"SVP",0.5,0.5,0.5,8,0.0326750736934171
"updown",1.1,5,"SVP (BIC)",0.5,0.5,0.5,8,0.0326750736934171
"updown",1.1,6,"PELT",0.875,0.875,0.875,8,0.0236879421012267
"updown",1.1,6,"SVP",0.875,0.875,0.875,8,0.0236879421012267
"updown",1.1,6,"SVP (BIC)",0.875,0.875,0.875,8,0.0236879421012267
"updown",1.1,7,"PELT",0.875,0.875,0.875,8,0.0162790725572447
"updown",1.1,7,"SVP",0.875,0.875,0.875,8,0.0162790725572447
"updown",1.1,7,"SVP (BIC)",0.875,0.875,0.875,8,0.0162790725572447
"updown",1.1,8,"PELT",0.625,0.625,0.625,8,0.0220395080321737
"updown",1.1,8,"SVP",0.625,0.625,0.625,8,0.0220395080321737
"updown",1.1,8,"SVP (BIC)",0.625,0.625,0.625,8,0.0220395080321737
"updown",1.1,9,"PELT",0.5,0.5,0.5,8,0.0425353280269315
"updown",1.1,9,"SVP",0.5,0.5,0.5,8,0.0425353280269315
"updown",1.1,9,"SVP (BIC)",0.5,0.5,0.5,8,0.0425353280269315
"updown",1.1,10,"PELT",0.625,0.625,0.625,8,0.0234806662899451
"updown",1.1,10,"SVP",0.625,0.625,0.625,8,0.0234806662899451
"updown",1.1,10,"SVP (BIC)",0.625,0.625,0.625,8,0.0234806662899451
"updown",1.1,11,"PELT",0.75,0.75,0.75,8,0.036718611403265
"updown",1.1,11,"SVP",0.75,0.75,0.75,8,0.036718611403265
"updown",1.1,11,"SVP (BIC)",0.75,0.75,0.75,8,0.036718611403265
"updown",1.1,12,"PELT",0.625,0.625,0.625,8,0.0337844008247627
"updown",1.1,12,"SVP",0.625,0.625,0.625,8,0.0337844008247627
"updown",1.1,12,"SVP (BIC)",0.625,0.625,0.625,8,0.0337844008247627
"updown",1.1,13,"PELT",1,1,1,8,0.0156627565394639
"updown",1.1,13,"SVP",1,1,1,8,0.0156627565394639
"updown",1.1,13,"SVP (BIC)",1,1,1,8,0.0156627565394639
"updown",1.1,14,"PELT",0.75,0.75,0.75,8,0.0443661198437965
"updown",1.1,14,"SVP",0.75,0.75,0.75,8,0.0443661198437965
"updown",1.1,14,"SVP (BIC)",0.571428571428571,0.5,0.533333333333333,7,0.112928807424817
"updown",1.1,15,"PELT",0.5,0.5,0.5,8,0.068690203270624
"updown",1.1,15,"SVP",0.5,0.5,0.5,8,0.068690203270624
"updown",1.1,15,"SVP (BIC)",0.5,0.5,0.5,8,0.068690203270624
"updown",1.1,16,"PELT",0.75,0.75,0.75,8,0.0298605130795303
"updown",1.1,16,"SVP",0.75,0.75,0.75,8,0.0298605130795303
"updown",1.1,16,"SVP (BIC)",0.75,0.75,0.75,8,0.0298605130795303
"updown",1.1,17,"PELT",0.75,0.75,0.75,8,0.0222526097349335
"updown",1.1,17,"SVP",0.75,0.75,0.75,8,0.0222526097349335
"updown",1.1,17,"SVP (BIC)",0.75,0.75,0.75,8,0.0222526097349335
"updown",1.1,18,"PELT",0.625,0.625,0.625,8,0.0366078181986223
"updown",1.1,18,"SVP",0.625,0.625,0.625,8,0.0366078181986223
"updown",1.1,18,"SVP (BIC)",0.625,0.625,0.625,8,0.0366078181986223
"updown",1.1,19,"PELT",0.625,0.625,0.625,8,0.0600435485813797
"updown",1.1,19,"SVP",0.625,0.625,0.625,8,0.0600435485813797
"updown",1.1,19,"SVP (BIC)",0.625,0.625,0.625,8,0.0600435485813797
"updown",1.1,20,"PELT",0.625,0.625,0.625,8,0.0275081030106696
"updown",1.1,20,"SVP",0.625,0.625,0.625,8,0.0275081030106696
"updown",1.1,20,"SVP (BIC)",0.625,0.625,0.625,8,0.0275081030106696
"updown",1.1,21,"PELT",0.5,0.5,0.5,8,0.0393592707552146
"updown",1.1,21,"SVP",0.5,0.5,0.5,8,0.0393592707552146
"updown",1.1,21,"SVP (BIC)",0.5,0.5,0.5,8,0.0393592707552146
"updown",1.1,22,"PELT",0.75,0.75,0.75,8,0.0152055183820874
"updown",1.1,22,"SVP",0.75,0.75,0.75,8,0.0152055183820874
"updown",1.1,22,"SVP (BIC)",0.75,0.75,0.75,8,0.0152055183820874
"updown",1.1,23,"PELT",0.875,0.875,0.875,8,0.0106164727922052
"updown",1.1,23,"SVP",0.875,0.875,0.875,8,0.0106164727922052
"updown",1.1,23,"SVP (BIC)",0.875,0.875,0.875,8,0.0106164727922052
"updown",1.1,24,"PELT",0.875,0.875,0.875,8,0.022174416748583
"updown",1.1,24,"SVP",0.875,0.875,0.875,8,0.022174416748583
"updown",1.1,24,"SVP (BIC)",0.714285714285714,0.625,0.666666666666667,7,0.109465562438352
"updown",1.1,25,"PELT",0.75,0.75,0.75,8,0.0250606802525268
"updown",1.1,25,"SVP",0.75,0.75,0.75,8,0.0250606802525268
"updown",1.1,25,"SVP (BIC)",0.75,0.75,0.75,8,0.0250606802525268
"updown",1.1,26,"PELT",0.777777777777778,0.875,0.823529411764706,9,0.0387804382316054
"updown",1.1,26,"SVP",1,1,1,8,0.0174323920361879
"updown",1.1,26,"SVP (BIC)",0.875,0.875,0.875,8,0.0188481318009474
"updown",1.1,27,"PELT",0.75,0.75,0.75,8,0.0285681001028162
"updown",1.1,27,"SVP",0.75,0.75,0.75,8,0.0285681001028162
"updown",1.1,27,"SVP (BIC)",0.75,0.75,0.75,8,0.0285681001028162
"updown",1.1,28,"PELT",0.625,0.625,0.625,8,0.0341604933379967
"updown",1.1,28,"SVP",0.625,0.625,0.625,8,0.0341604933379967
"updown",1.1,28,"SVP (BIC)",0.625,0.625,0.625,8,0.0341604933379967
"updown",1.1,29,"PELT",0.625,0.625,0.625,8,0.0295987494815595
"updown",1.1,29,"SVP",0.625,0.625,0.625,8,0.0295987494815595
"updown",1.1,29,"SVP (BIC)",0.625,0.625,0.625,8,0.0295987494815595
"updown",1.1,30,"PELT",0.75,0.75,0.75,8,0.0396811669472026
"updown",1.1,30,"SVP",0.75,0.75,0.75,8,0.0396811669472026
"updown",1.1,30,"SVP (BIC)",0.75,0.75,0.75,8,0.0396811669472026
"updown",1.1,31,"PELT",0.625,0.625,0.625,8,0.0283226686946777
"updown",1.1,31,"SVP",0.625,0.625,0.625,8,0.0283226686946777
"updown",1.1,31,"SVP (BIC)",0.428571428571429,0.375,0.4,7,0.117503486665977
"updown",1.1,32,"PELT",0.875,0.875,0.875,8,0.0253733904126863
"updown",1.1,32,"SVP",0.875,0.875,0.875,8,0.0253733904126863
"updown",1.1,32,"SVP (BIC)",0.714285714285714,0.625,0.666666666666667,7,0.111652358094829
"updown",1.1,33,"PELT",0.75,0.75,0.75,8,0.0213364226349726
"updown",1.1,33,"SVP",0.75,0.75,0.75,8,0.0213364226349726
"updown",1.1,33,"SVP (BIC)",0.75,0.75,0.75,8,0.0213364226349726
"updown",1.1,34,"PELT",0.75,0.75,0.75,8,0.0431337686234935
"updown",1.1,34,"SVP",0.75,0.75,0.75,8,0.0431337686234935
"updown",1.1,34,"SVP (BIC)",0.75,0.75,0.75,8,0.0431337686234935
"updown",1.1,35,"PELT",0.875,0.875,0.875,8,0.0257848114780915
"updown",1.1,35,"SVP",0.875,0.875,0.875,8,0.0257848114780915
"updown",1.1,35,"SVP (BIC)",0.875,0.875,0.875,8,0.0257848114780915
"updown",1.1,36,"PELT",0.875,0.875,0.875,8,0.0288667070597776
"updown",1.1,36,"SVP",0.875,0.875,0.875,8,0.0288667070597776
"updown",1.1,36,"SVP (BIC)",0.875,0.875,0.875,8,0.0288667070597776
"updown",1.1,37,"PELT",0.375,0.375,0.375,8,0.0708033903053963
"updown",1.1,37,"SVP",0.375,0.375,0.375,8,0.0708033903053963
"updown",1.1,37,"SVP (BIC)",0.375,0.375,0.375,8,0.0708033903053963
"updown",1.1,38,"PELT",0.625,0.625,0.625,8,0.0321000765807875
"updown",1.1,38,"SVP",0.625,0.625,0.625,8,0.0321000765807875
"updown",1.1,38,"SVP (BIC)",0.625,0.625,0.625,8,0.0321000765807875
"updown",1.1,39,"PELT",0.875,0.875,0.875,8,0.0127328387386642
"updown",1.1,39,"SVP",0.875,0.875,0.875,8,0.0127328387386642
"updown",1.1,39,"SVP (BIC)",0.875,0.875,0.875,8,0.0127328387386642
"updown",1.1,40,"PELT",0.625,0.625,0.625,8,0.0235188663897157
"updown",1.1,40,"SVP",0.625,0.625,0.625,8,0.0235188663897157
"updown",1.1,40,"SVP (BIC)",0.625,0.625,0.625,8,0.0235188663897157
"updown",1.1,41,"PELT",0.75,0.75,0.75,8,0.0264212600585372
"updown",1.1,41,"SVP",0.75,0.75,0.75,8,0.0264212600585372
"updown",1.1,41,"SVP (BIC)",0.75,0.75,0.75,8,0.0264212600585372
"updown",1.1,42,"PELT",0.625,0.625,0.625,8,0.0381275302463756
"updown",1.1,42,"SVP",0.625,0.625,0.625,8,0.0381275302463756
"updown",1.1,42,"SVP (BIC)",0.625,0.625,0.625,8,0.0381275302463756
"updown",1.1,43,"PELT",0.75,0.75,0.75,8,0.038278664694123
"updown",1.1,43,"SVP",0.75,0.75,0.75,8,0.038278664694123
"updown",1.1,43,"SVP (BIC)",0.75,0.75,0.75,8,0.038278664694123
"updown",1.1,44,"PELT",0.75,0.75,0.75,8,0.0312635906379325
"updown",1.1,44,"SVP",0.75,0.75,0.75,8,0.0312635906379325
"updown",1.1,44,"SVP (BIC)",0.75,0.75,0.75,8,0.0312635906379325
"updown",1.1,45,"PELT",1,1,1,8,0.0187301182227112
"updown",1.1,45,"SVP",1,1,1,8,0.0187301182227112
"updown",1.1,45,"SVP (BIC)",1,1,1,8,0.0187301182227112
"updown",1.1,46,"PELT",1,1,1,8,0.0144173063825101
"updown",1.1,46,"SVP",1,1,1,8,0.0144173063825101
"updown",1.1,46,"SVP (BIC)",1,1,1,8,0.0144173063825101
"updown",1.1,47,"PELT",0.625,0.625,0.625,8,0.0279496303554935
"updown",1.1,47,"SVP",0.625,0.625,0.625,8,0.0279496303554935
"updown",1.1,47,"SVP (BIC)",0.625,0.625,0.625,8,0.0279496303554935
"updown",1.1,48,"PELT",0.875,0.875,0.875,8,0.0189036099979877
"updown",1.1,48,"SVP",0.875,0.875,0.875,8,0.0189036099979877
"updown",1.1,48,"SVP (BIC)",0.714285714285714,0.625,0.666666666666667,7,0.100387204270501
"updown",1.1,49,"PELT",0.375,0.375,0.375,8,0.034081680188302
"updown",1.1,49,"SVP",0.375,0.375,0.375,8,0.034081680188302
"updown",1.1,49,"SVP (BIC)",0.375,0.375,0.375,8,0.034081680188302
"updown",1.1,50,"PELT",0.75,0.75,0.75,8,0.0438792852517596
"updown",1.1,50,"SVP",0.75,0.75,0.75,8,0.0438792852517596
"updown",1.1,50,"SVP (BIC)",0.75,0.75,0.75,8,0.0438792852517596
"updown",1.1,51,"PELT",0.875,0.875,0.875,8,0.0228692277594117
"updown",1.1,51,"SVP",0.875,0.875,0.875,8,0.0228692277594117
"updown",1.1,51,"SVP (BIC)",0.875,0.875,0.875,8,0.0228692277594117
"updown",1.1,52,"PELT",0.5,0.5,0.5,8,0.0446712891277895
"updown",1.1,52,"SVP",0.5,0.5,0.5,8,0.0446712891277895
"updown",1.1,52,"SVP (BIC)",0.5,0.5,0.5,8,0.0446712891277895
"updown",1.1,53,"PELT",0.75,0.75,0.75,8,0.0162185029127218
"updown",1.1,53,"SVP",0.75,0.75,0.75,8,0.0162185029127218
"updown",1.1,53,"SVP (BIC)",0.75,0.75,0.75,8,0.0162185029127218
"updown",1.1,54,"PELT",0.75,0.75,0.75,8,0.027895869580153
"updown",1.1,54,"SVP",0.75,0.75,0.75,8,0.027895869580153
"updown",1.1,54,"SVP (BIC)",0.75,0.75,0.75,8,0.027895869580153
"updown",1.1,55,"PELT",0.75,0.75,0.75,8,0.0269863078001588
"updown",1.1,55,"SVP",0.75,0.75,0.75,8,0.0269863078001588
"updown",1.1,55,"SVP (BIC)",0.75,0.75,0.75,8,0.0269863078001588
"updown",1.1,56,"PELT",1,1,1,8,0.0168296995017735
"updown",1.1,56,"SVP",1,1,1,8,0.0168296995017735
"updown",1.1,56,"SVP (BIC)",1,1,1,8,0.0168296995017735
"updown",1.1,57,"PELT",0.625,0.625,0.625,8,0.0451970630747941
"updown",1.1,57,"SVP",0.625,0.625,0.625,8,0.0451970630747941
"updown",1.1,57,"SVP (BIC)",0.625,0.625,0.625,8,0.0451970630747941
"updown",1.1,58,"PELT",0.5,0.5,0.5,8,0.028338061163546
"updown",1.1,58,"SVP",0.5,0.5,0.5,8,0.028338061163546
"updown",1.1,58,"SVP (BIC)",0.5,0.5,0.5,8,0.028338061163546
"updown",1.1,59,"PELT",0.625,0.625,0.625,8,0.0394181716441256
"updown",1.1,59,"SVP",0.625,0.625,0.625,8,0.0394181716441256
"updown",1.1,59,"SVP (BIC)",0.333333333333333,0.25,0.285714285714286,6,0.198349615048133
"updown",1.1,60,"PELT",0.75,0.75,0.75,8,0.0219141655670283
"updown",1.1,60,"SVP",0.75,0.75,0.75,8,0.0219141655670283
"updown",1.1,60,"SVP (BIC)",0.571428571428571,0.5,0.533333333333333,7,0.129192152172742
"updown",1.1,61,"PELT",0.625,0.625,0.625,8,0.0329095693409282
"updown",1.1,61,"SVP",0.625,0.625,0.625,8,0.0329095693409282
"updown",1.1,61,"SVP (BIC)",0.625,0.625,0.625,8,0.0329095693409282
"updown",1.1,62,"PELT",0.555555555555556,0.625,0.588235294117647,9,0.0800290727450589
"updown",1.1,62,"SVP",0.5,0.5,0.5,8,0.0873838612338686
"updown",1.1,62,"SVP (BIC)",0.5,0.5,0.5,8,0.0873838612338686
"updown",1.1,63,"PELT",0.75,0.75,0.75,8,0.0247098055392624
"updown",1.1,63,"SVP",0.75,0.75,0.75,8,0.0247098055392624
"updown",1.1,63,"SVP (BIC)",0.75,0.75,0.75,8,0.0247098055392624
"updown",1.1,64,"PELT",0.5,0.5,0.5,8,0.0594111011807444
"updown",1.1,64,"SVP",0.5,0.5,0.5,8,0.0594111011807444
"updown",1.1,64,"SVP (BIC)",0.5,0.5,0.5,8,0.0594111011807444
"updown",1.1,65,"PELT",0.666666666666667,0.75,0.705882352941177,9,0.0512668023800916
"updown",1.1,65,"SVP",0.75,0.75,0.75,8,0.0332762141300943
"updown",1.1,65,"SVP (BIC)",0.75,0.75,0.75,8,0.0332762141300943
"updown",1.1,66,"PELT",0.75,0.75,0.75,8,0.0300776068370167
"updown",1.1,66,"SVP",0.75,0.75,0.75,8,0.0300776068370167
"updown",1.1,66,"SVP (BIC)",0.75,0.75,0.75,8,0.0300776068370167
"updown",1.1,67,"PELT",0.625,0.625,0.625,8,0.0319458564399135
"updown",1.1,67,"SVP",0.625,0.625,0.625,8,0.0319458564399135
"updown",1.1,67,"SVP (BIC)",0.625,0.625,0.625,8,0.0319458564399135
"updown",1.1,68,"PELT",0.625,0.625,0.625,8,0.0307602051939491
"updown",1.1,68,"SVP",0.625,0.625,0.625,8,0.0307602051939491
"updown",1.1,68,"SVP (BIC)",0.625,0.625,0.625,8,0.0307602051939491
"updown",1.1,69,"PELT",0.875,0.875,0.875,8,0.0159467534534795
"updown",1.1,69,"SVP",0.875,0.875,0.875,8,0.0159467534534795
"updown",1.1,69,"SVP (BIC)",0.875,0.875,0.875,8,0.0159467534534795
"updown",1.1,70,"PELT",0.75,0.75,0.75,8,0.050074776933954
"updown",1.1,70,"SVP",0.75,0.75,0.75,8,0.050074776933954
"updown",1.1,70,"SVP (BIC)",0.75,0.75,0.75,8,0.050074776933954
"updown",1.1,71,"PELT",0.875,0.875,0.875,8,0.0179786456158437
"updown",1.1,71,"SVP",0.875,0.875,0.875,8,0.0179786456158437
"updown",1.1,71,"SVP (BIC)",0.875,0.875,0.875,8,0.0179786456158437
"updown",1.1,72,"PELT",1,1,1,8,0.0106086961109869
"updown",1.1,72,"SVP",1,1,1,8,0.0106086961109869
"updown",1.1,72,"SVP (BIC)",1,1,1,8,0.0106086961109869
"updown",1.1,73,"PELT",0.75,0.75,0.75,8,0.0203378226039138
"updown",1.1,73,"SVP",0.75,0.75,0.75,8,0.0203378226039138
"updown",1.1,73,"SVP (BIC)",0.75,0.75,0.75,8,0.0203378226039138
"updown",1.1,74,"PELT",0.875,0.875,0.875,8,0.0304101725515455
"updown",1.1,74,"SVP",0.875,0.875,0.875,8,0.0304101725515455
"updown",1.1,74,"SVP (BIC)",0.875,0.875,0.875,8,0.0304101725515455
"updown",1.1,75,"PELT",0.625,0.625,0.625,8,0.0549997222497684
"updown",1.1,75,"SVP",0.625,0.625,0.625,8,0.0549997222497684
"updown",1.1,75,"SVP (BIC)",0.625,0.625,0.625,8,0.0549997222497684
"updown",1.1,76,"PELT",0.5,0.5,0.5,8,0.0326983789341214
"updown",1.1,76,"SVP",0.5,0.5,0.5,8,0.0326983789341214
"updown",1.1,76,"SVP (BIC)",0.5,0.5,0.5,8,0.0326983789341214
"updown",1.1,77,"PELT",0.75,0.75,0.75,8,0.0258312820874312
"updown",1.1,77,"SVP",0.555555555555556,0.625,0.588235294117647,9,0.0269598793323612
"updown",1.1,77,"SVP (BIC)",0.75,0.75,0.75,8,0.0258312820874312
"updown",1.1,78,"PELT",0.375,0.375,0.375,8,0.0598103466432389
"updown",1.1,78,"SVP",0.375,0.375,0.375,8,0.0598103466432389
"updown",1.1,78,"SVP (BIC)",0.375,0.375,0.375,8,0.0598103466432389
"updown",1.1,79,"PELT",0.75,0.75,0.75,8,0.0370377739542932
"updown",1.1,79,"SVP",0.75,0.75,0.75,8,0.0370377739542932
"updown",1.1,79,"SVP (BIC)",0.75,0.75,0.75,8,0.0370377739542932
"updown",1.1,80,"PELT",0.875,0.875,0.875,8,0.0188807771577938
"updown",1.1,80,"SVP",0.875,0.875,0.875,8,0.0188807771577938
"updown",1.1,80,"SVP (BIC)",0.428571428571429,0.375,0.4,7,0.110953076592033
"updown",1.1,81,"PELT",0.25,0.25,0.25,8,0.0728487801342952
"updown",1.1,81,"SVP",0.25,0.25,0.25,8,0.0728487801342952
"updown",1.1,81,"SVP (BIC)",0.25,0.25,0.25,8,0.0728487801342952
"updown",1.1,82,"PELT",0.777777777777778,0.875,0.823529411764706,9,0.0444222414597656
"updown",1.1,82,"SVP",0.875,0.875,0.875,8,0.0470114411610435
"updown",1.1,82,"SVP (BIC)",0.875,0.875,0.875,8,0.0470114411610435
"updown",1.1,83,"PELT",0.875,0.875,0.875,8,0.0227965799481918
"updown",1.1,83,"SVP",0.875,0.875,0.875,8,0.0227965799481918
"updown",1.1,83,"SVP (BIC)",0.875,0.875,0.875,8,0.0227965799481918
"updown",1.1,84,"PELT",0.625,0.625,0.625,8,0.0442206678074637
"updown",1.1,84,"SVP",0.625,0.625,0.625,8,0.0442206678074637
"updown",1.1,84,"SVP (BIC)",0.625,0.625,0.625,8,0.0442206678074637
"updown",1.1,85,"PELT",0.875,0.875,0.875,8,0.0191360478779159
"updown",1.1,85,"SVP",0.875,0.875,0.875,8,0.0191360478779159
"updown",1.1,85,"SVP (BIC)",0.714285714285714,0.625,0.666666666666667,7,0.097887875368758
"updown",1.1,86,"PELT",0.75,0.75,0.75,8,0.0269770537592096
"updown",1.1,86,"SVP",0.75,0.75,0.75,8,0.0269770537592096
"updown",1.1,86,"SVP (BIC)",0.75,0.75,0.75,8,0.0269770537592096
"updown",1.1,87,"PELT",0.75,0.75,0.75,8,0.0292529395785663
"updown",1.1,87,"SVP",0.75,0.75,0.75,8,0.0292529395785663
"updown",1.1,87,"SVP (BIC)",0.75,0.75,0.75,8,0.0292529395785663
"updown",1.1,88,"PELT",1,1,1,8,0.0111595233982759
"updown",1.1,88,"SVP",1,1,1,8,0.0111595233982759
"updown",1.1,88,"SVP (BIC)",1,1,1,8,0.0111595233982759
"updown",1.1,89,"PELT",0.75,0.75,0.75,8,0.020026338998242
"updown",1.1,89,"SVP",0.75,0.75,0.75,8,0.020026338998242
"updown",1.1,89,"SVP (BIC)",0.75,0.75,0.75,8,0.020026338998242
"updown",1.1,90,"PELT",0.75,0.75,0.75,8,0.0198377784024312
"updown",1.1,90,"SVP",0.75,0.75,0.75,8,0.0198377784024312
"updown",1.1,90,"SVP (BIC)",0.75,0.75,0.75,8,0.0198377784024312
"updown",1.1,91,"PELT",0.625,0.625,0.625,8,0.0320411835830444
"updown",1.1,91,"SVP",0.625,0.625,0.625,8,0.0320411835830444
"updown",1.1,91,"SVP (BIC)",0.625,0.625,0.625,8,0.0320411835830444
"updown",1.1,92,"PELT",0.625,0.625,0.625,8,0.0508383282984667
"updown",1.1,92,"SVP",0.625,0.625,0.625,8,0.0508383282984667
"updown",1.1,92,"SVP (BIC)",0.428571428571429,0.375,0.4,7,0.126004528024123
"updown",1.1,93,"PELT",0.625,0.625,0.625,8,0.053550968453914
"updown",1.1,93,"SVP",0.625,0.625,0.625,8,0.053550968453914
"updown",1.1,93,"SVP (BIC)",0.625,0.625,0.625,8,0.053550968453914
"updown",1.1,94,"PELT",0.625,0.625,0.625,8,0.0403622623768921
"updown",1.1,94,"SVP",0.625,0.625,0.625,8,0.0403622623768921
"updown",1.1,94,"SVP (BIC)",0.625,0.625,0.625,8,0.0403622623768921
"updown",1.1,95,"PELT",0.75,0.75,0.75,8,0.0179910218354652
"updown",1.1,95,"SVP",0.75,0.75,0.75,8,0.0179910218354652
"updown",1.1,95,"SVP (BIC)",0.75,0.75,0.75,8,0.0179910218354652
"updown",1.1,96,"PELT",0.75,0.75,0.75,8,0.0504692394917972
"updown",1.1,96,"SVP",0.75,0.75,0.75,8,0.0504692394917972
"updown",1.1,96,"SVP (BIC)",0.75,0.75,0.75,8,0.0504692394917972
"updown",1.1,97,"PELT",0.625,0.625,0.625,8,0.030195975957099
"updown",1.1,97,"SVP",0.625,0.625,0.625,8,0.030195975957099
"updown",1.1,97,"SVP (BIC)",0.625,0.625,0.625,8,0.030195975957099
"updown",1.1,98,"PELT",0.875,0.875,0.875,8,0.0115231405242848
"updown",1.1,98,"SVP",0.875,0.875,0.875,8,0.0115231405242848
"updown",1.1,98,"SVP (BIC)",0.571428571428571,0.5,0.533333333333333,7,0.116872163370989
"updown",1.1,99,"PELT",0.75,0.75,0.75,8,0.0324760073906285
"updown",1.1,99,"SVP",0.75,0.75,0.75,8,0.0324760073906285
"updown",1.1,99,"SVP (BIC)",0.75,0.75,0.75,8,0.0324760073906285
"updown",1.1,100,"PELT",0.625,0.625,0.625,8,0.0261754597415546
"updown",1.1,100,"SVP",0.625,0.625,0.625,8,0.0261754597415546
"updown",1.1,100,"SVP (BIC)",0.428571428571429,0.375,0.4,7,0.134640014771801
"rand1",1.1,1,"PELT",1,0.625,0.769230769230769,5,0.021078547109711
"rand1",1.1,1,"SVP",1,0.625,0.769230769230769,5,0.021078547109711
"rand1",1.1,1,"SVP (BIC)",1,0.625,0.769230769230769,5,0.021078547109711
"rand1",1.1,2,"PELT",0.8,0.5,0.615384615384615,5,0.0256731838931212
"rand1",1.1,2,"SVP",0.8,0.5,0.615384615384615,5,0.0256731838931212
"rand1",1.1,2,"SVP (BIC)",0.8,0.5,0.615384615384615,5,0.0256731838931212
"rand1",1.1,3,"PELT",0.6,0.375,0.461538461538462,5,0.0373285064036415
"rand1",1.1,3,"SVP",0.6,0.375,0.461538461538462,5,0.0373285064036415
"rand1",1.1,3,"SVP (BIC)",0.6,0.375,0.461538461538462,5,0.0373285064036415
"rand1",1.1,4,"PELT",1,0.625,0.769230769230769,5,0.0243480929898846
"rand1",1.1,4,"SVP",1,0.625,0.769230769230769,5,0.0243480929898846
"rand1",1.1,4,"SVP (BIC)",1,0.625,0.769230769230769,5,0.0243480929898846
"rand1",1.1,5,"PELT",0.666666666666667,0.5,0.571428571428572,6,0.0444272633901198
"rand1",1.1,5,"SVP",0.8,0.5,0.615384615384615,5,0.0302397187571337
"rand1",1.1,5,"SVP (BIC)",0.8,0.5,0.615384615384615,5,0.0302397187571337
"rand1",1.1,6,"PELT",1,0.625,0.769230769230769,5,0.0140296432399551
"rand1",1.1,6,"SVP",1,0.625,0.769230769230769,5,0.0140296432399551
"rand1",1.1,6,"SVP (BIC)",1,0.625,0.769230769230769,5,0.0140296432399551
"rand1",1.1,7,"PELT",0.8,0.5,0.615384615384615,5,0.0282689011758404
"rand1",1.1,7,"SVP",0.8,0.5,0.615384615384615,5,0.0282689011758404
"rand1",1.1,7,"SVP (BIC)",0.8,0.5,0.615384615384615,5,0.0282689011758404
"rand1",1.1,8,"PELT",1,0.625,0.769230769230769,5,0.0170101981562798
"rand1",1.1,8,"SVP",1,0.625,0.769230769230769,5,0.0170101981562798
"rand1",1.1,8,"SVP (BIC)",1,0.625,0.769230769230769,5,0.0170101981562798
"rand1",1.1,9,"PELT",0.8,0.5,0.615384615384615,5,0.024827845877294
"rand1",1.1,9,"SVP",0.8,0.5,0.615384615384615,5,0.024827845877294
"rand1",1.1,9,"SVP (BIC)",0.8,0.5,0.615384615384615,5,0.024827845877294
"rand1",1.1,10,"PELT",0.666666666666667,0.5,0.571428571428572,6,0.0210528946956623
"rand1",1.1,10,"SVP",0.8,0.5,0.615384615384615,5,0.0244176841330702
"rand1",1.1,10,"SVP (BIC)",0.8,0.5,0.615384615384615,5,0.0244176841330702
"rand1",1.1,11,"PELT",0.8,0.5,0.615384615384615,5,0.0468597311923249
"rand1",1.1,11,"SVP",0.8,0.5,0.615384615384615,5,0.0468597311923249
"rand1",1.1,11,"SVP (BIC)",0.8,0.5,0.615384615384615,5,0.0468597311923249
"rand1",1.1,12,"PELT",0.833333333333333,0.625,0.714285714285714,6,0.0278130894855609
"rand1",1.1,12,"SVP",0.833333333333333,0.625,0.714285714285714,6,0.0278130894855609
"rand1",1.1,12,"SVP (BIC)",1,0.625,0.769230769230769,5,0.0274133179771331
"rand1",1.1,13,"PELT",0.833333333333333,0.625,0.714285714285714,6,0.0160279429497811
"rand1",1.1,13,"SVP",1,0.625,0.769230769230769,5,0.0217551465346802
"rand1",1.1,13,"SVP (BIC)",1,0.625,0.769230769230769,5,0.0217551465346802
"rand1",1.1,14,"PELT",0.5,0.375,0.428571428571429,6,0.0310960571202537
"rand1",1.1,14,"SVP",0.6,0.375,0.461538461538462,5,0.0313880384227243
"rand1",1.1,14,"SVP (BIC)",0.6,0.375,0.461538461538462,5,0.0313880384227243
"rand1",1.1,15,"PELT",1,0.625,0.769230769230769,5,0.0284196009460163
"rand1",1.1,15,"SVP",1,0.625,0.769230769230769,5,0.0284196009460163
"rand1",1.1,15,"SVP (BIC)",1,0.625,0.769230769230769,5,0.0284196009460163
"rand1",1.1,16,"PELT",0.8,0.5,0.615384615384615,5,0.0225715863227322
"rand1",1.1,16,"SVP",0.8,0.5,0.615384615384615,5,0.0225715863227322
"rand1",1.1,16,"SVP (BIC)",0.8,0.5,0.615384615384615,5,0.0225715863227322
"rand1",1.1,17,"PELT",1,0.625,0.769230769230769,5,0.0219063590960032
"rand1",1.1,17,"SVP",1,0.625,0.769230769230769,5,0.0219063590960032
"rand1",1.1,17,"SVP (BIC)",1,0.625,0.769230769230769,5,0.0219063590960032
"rand1",1.1,18,"PELT",0.6,0.375,0.461538461538462,5,0.0447472972066938
"rand1",1.1,18,"SVP",0.6,0.375,0.461538461538462,5,0.0447472972066938
"rand1",1.1,18,"SVP (BIC)",0.6,0.375,0.461538461538462,5,0.0447472972066938
"rand1",1.1,19,"PELT",0.833333333333333,0.625,0.714285714285714,6,0.020645607150881
"rand1",1.1,19,"SVP",0.6,0.375,0.461538461538462,5,0.0499112930865938
"rand1",1.1,19,"SVP (BIC)",0.6,0.375,0.461538461538462,5,0.0499112930865938
"rand1",1.1,20,"PELT",0.714285714285714,0.625,0.666666666666667,7,0.0326301548702102
"rand1",1.1,20,"SVP",0.666666666666667,0.5,0.571428571428572,6,0.0267907051762963
"rand1",1.1,20,"SVP (BIC)",0.8,0.5,0.615384615384615,5,0.0282013656583768
"rand1",1.1,21,"PELT",1,0.625,0.769230769230769,5,0.0142457455556176
"rand1",1.1,21,"SVP",1,0.625,0.769230769230769,5,0.0142457455556176
"rand1",1.1,21,"SVP (BIC)",1,0.625,0.769230769230769,5,0.0142457455556176
"rand1",1.1,22,"PELT",0.666666666666667,0.5,0.571428571428572,6,0.0209486638662793
"rand1",1.1,22,"SVP",0.8,0.5,0.615384615384615,5,0.0252948873642363
"rand1",1.1,22,"SVP (BIC)",0.8,0.5,0.615384615384615,5,0.0252948873642363
"rand1",1.1,23,"PELT",1,0.625,0.769230769230769,5,0.0229590334997085
"rand1",1.1,23,"SVP",1,0.625,0.769230769230769,5,0.0229590334997085
"rand1",1.1,23,"SVP (BIC)",1,0.625,0.769230769230769,5,0.0229590334997085
"rand1",1.1,24,"PELT",0.833333333333333,0.625,0.714285714285714,6,0.011667204551739
"rand1",1.1,24,"SVP",0.833333333333333,0.625,0.714285714285714,6,0.011667204551739
"rand1",1.1,24,"SVP (BIC)",1,0.625,0.769230769230769,5,0.0144032153317782
"rand1",1.1,25,"PELT",0.833333333333333,0.625,0.714285714285714,6,0.0137933422776932
"rand1",1.1,25,"SVP",0.833333333333333,0.625,0.714285714285714,6,0.0137933422776932
"rand1",1.1,25,"SVP (BIC)",1,0.625,0.769230769230769,5,0.0185828520872391
"rand1",1.1,26,"PELT",1,0.625,0.769230769230769,5,0.0284676443143202
"rand1",1.1,26,"SVP",1,0.625,0.769230769230769,5,0.0284676443143202
"rand1",1.1,26,"SVP (BIC)",1,0.625,0.769230769230769,5,0.0284676443143202
"rand1",1.1,27,"PELT",0.833333333333333,0.625,0.714285714285714,6,0.0213603449356794
"rand1",1.1,27,"SVP",0.833333333333333,0.625,0.714285714285714,6,0.0213603449356794
"rand1",1.1,27,"SVP (BIC)",1,0.625,0.769230769230769,5,0.0217102724633183
"rand1",1.1,28,"PELT",0.833333333333333,0.625,0.714285714285714,6,0.0178463145148391
"rand1",1.1,28,"SVP",0.8,0.5,0.615384615384615,5,0.0234902388826031
"rand1",1.1,28,"SVP (BIC)",0.8,0.5,0.615384615384615,5,0.0234902388826031
"rand1",1.1,29,"PELT",0.6,0.375,0.461538461538462,5,0.0393394057095826
"rand1",1.1,29,"SVP",0.6,0.375,0.461538461538462,5,0.0393394057095826
"rand1",1.1,29,"SVP (BIC)",0.6,0.375,0.461538461538462,5,0.0393394057095826
"rand1",1.1,30,"PELT",1,0.625,0.769230769230769,5,0.0307030467601719
"rand1",1.1,30,"SVP",1,0.625,0.769230769230769,5,0.0307030467601719
"rand1",1.1,30,"SVP (BIC)",1,0.625,0.769230769230769,5,0.0307030467601719
"rand1",1.1,31,"PELT",0.714285714285714,0.625,0.666666666666667,7,0.0278970561418464
"rand1",1.1,31,"SVP",0.714285714285714,0.625,0.666666666666667,7,0.0278970561418464
"rand1",1.1,31,"SVP (BIC)",1,0.625,0.769230769230769,5,0.0134940412386082
"rand1",1.1,32,"PELT",0.833333333333333,0.625,0.714285714285714,6,0.0144563014147789
"rand1",1.1,32,"SVP",1,0.625,0.769230769230769,5,0.0192023169824269
"rand1",1.1,32,"SVP (BIC)",1,0.625,0.769230769230769,5,0.0192023169824269
"rand1",1.1,33,"PELT",0.8,0.5,0.615384615384615,5,0.0349975554185308
"rand1",1.1,33,"SVP",0.8,0.5,0.615384615384615,5,0.0349975554185308
"rand1",1.1,33,"SVP (BIC)",0.8,0.5,0.615384615384615,5,0.0349975554185308
"rand1",1.1,34,"PELT",0.8,0.5,0.615384615384615,5,0.0289816382219724
"rand1",1.1,34,"SVP",0.8,0.5,0.615384615384615,5,0.0289816382219724
"rand1",1.1,34,"SVP (BIC)",0.8,0.5,0.615384615384615,5,0.0289816382219724
"rand1",1.1,35,"PELT",1,0.625,0.769230769230769,5,0.0272591603953185
"rand1",1.1,35,"SVP",1,0.625,0.769230769230769,5,0.0272591603953185
"rand1",1.1,35,"SVP (BIC)",1,0.625,0.769230769230769,5,0.0272591603953185
"rand1",1.1,36,"PELT",0.5,0.375,0.428571428571429,6,0.0328466128910778
"rand1",1.1,36,"SVP",0.6,0.375,0.461538461538462,5,0.0382593590123435
"rand1",1.1,36,"SVP (BIC)",0.6,0.375,0.461538461538462,5,0.0382593590123435
"rand1",1.1,37,"PELT",0.6,0.375,0.461538461538462,5,0.0303493905250745
"rand1",1.1,37,"SVP",0.6,0.375,0.461538461538462,5,0.0303493905250745
"rand1",1.1,37,"SVP (BIC)",0.6,0.375,0.461538461538462,5,0.0303493905250745
"rand1",1.1,38,"PELT",1,0.75,0.857142857142857,6,0.0239124286608598
"rand1",1.1,38,"SVP",1,0.625,0.769230769230769,5,0.0294287996239066
"rand1",1.1,38,"SVP (BIC)",1,0.625,0.769230769230769,5,0.0294287996239066
"rand1",1.1,39,"PELT",0.833333333333333,0.625,0.714285714285714,6,0.0145598125219077
"rand1",1.1,39,"SVP",0.833333333333333,0.625,0.714285714285714,6,0.0145598125219077
"rand1",1.1,39,"SVP (BIC)",0.6,0.375,0.461538461538462,5,0.0551572859270804
"rand1",1.1,40,"PELT",0.8,0.5,0.615384615384615,5,0.0269961929189849
"rand1",1.1,40,"SVP",0.8,0.5,0.615384615384615,5,0.0269961929189849
"rand1",1.1,40,"SVP (BIC)",0.8,0.5,0.615384615384615,5,0.0269961929189849
"rand1",1.1,41,"PELT",0.8,0.5,0.615384615384615,5,0.0247899393235687
"rand1",1.1,41,"SVP",0.8,0.5,0.615384615384615,5,0.0247899393235687
"rand1",1.1,41,"SVP (BIC)",0.8,0.5,0.615384615384615,5,0.0247899393235687
"rand1",1.1,42,"PELT",0.6,0.375,0.461538461538462,5,0.0302412964684647
"rand1",1.1,42,"SVP",0.6,0.375,0.461538461538462,5,0.0302412964684647
"rand1",1.1,42,"SVP (BIC)",0.6,0.375,0.461538461538462,5,0.0302412964684647
"rand1",1.1,43,"PELT",0.8,0.5,0.615384615384615,5,0.0348511659524537
"rand1",1.1,43,"SVP",0.8,0.5,0.615384615384615,5,0.0348511659524537
"rand1",1.1,43,"SVP (BIC)",0.8,0.5,0.615384615384615,5,0.0348511659524537
"rand1",1.1,44,"PELT",0.666666666666667,0.5,0.571428571428572,6,0.0399013788140916
"rand1",1.1,44,"SVP",0.571428571428571,0.5,0.533333333333333,7,0.0429224644314524
"rand1",1.1,44,"SVP (BIC)",0.8,0.5,0.615384615384615,5,0.0383008985691168
"rand1",1.1,45,"PELT",0.666666666666667,0.5,0.571428571428572,6,0.0335402600891944
"rand1",1.1,45,"SVP",0.666666666666667,0.5,0.571428571428572,6,0.0335402600891944
"rand1",1.1,45,"SVP (BIC)",0.666666666666667,0.5,0.571428571428572,6,0.0335402600891944
"rand1",1.1,46,"PELT",0.666666666666667,0.5,0.571428571428572,6,0.0285299559962538
"rand1",1.1,46,"SVP",0.666666666666667,0.5,0.571428571428572,6,0.0256986452591318
"rand1",1.1,46,"SVP (BIC)",0.8,0.5,0.615384615384615,5,0.0256545073287162
"rand1",1.1,47,"PELT",1,0.625,0.769230769230769,5,0.0171839892771503
"rand1",1.1,47,"SVP",1,0.625,0.769230769230769,5,0.0171839892771503
"rand1",1.1,47,"SVP (BIC)",1,0.625,0.769230769230769,5,0.0171839892771503
"rand1",1.1,48,"PELT",1,0.625,0.769230769230769,5,0.0142519112041433
"rand1",1.1,48,"SVP",1,0.625,0.769230769230769,5,0.0142519112041433
"rand1",1.1,48,"SVP (BIC)",1,0.625,0.769230769230769,5,0.0142519112041433
"rand1",1.1,49,"PELT",0.285714285714286,0.25,0.266666666666667,7,0.0573757750014461
"rand1",1.1,49,"SVP",0.333333333333333,0.25,0.285714285714286,6,0.0371786844915671
"rand1",1.1,49,"SVP (BIC)",0.4,0.25,0.307692307692308,5,0.0458893740384156
"rand1",1.1,50,"PELT",1,0.625,0.769230769230769,5,0.0188109483478178
"rand1",1.1,50,"SVP",1,0.625,0.769230769230769,5,0.0188109483478178
"rand1",1.1,50,"SVP (BIC)",1,0.625,0.769230769230769,5,0.0188109483478178
"rand1",1.1,51,"PELT",0.8,0.5,0.615384615384615,5,0.0331683326823669
"rand1",1.1,51,"SVP",0.8,0.5,0.615384615384615,5,0.0331683326823669
"rand1",1.1,51,"SVP (BIC)",0.8,0.5,0.615384615384615,5,0.0331683326823669
"rand1",1.1,52,"PELT",0.833333333333333,0.625,0.714285714285714,6,0.0169012068798757
"rand1",1.1,52,"SVP",1,0.625,0.769230769230769,5,0.0229746261402977
"rand1",1.1,52,"SVP (BIC)",1,0.625,0.769230769230769,5,0.0203277759973267
"rand1",1.1,53,"PELT",1,0.625,0.769230769230769,5,0.0241102438777127
"rand1",1.1,53,"SVP",1,0.625,0.769230769230769,5,0.0241102438777127
"rand1",1.1,53,"SVP (BIC)",1,0.625,0.769230769230769,5,0.0241102438777127
"rand1",1.1,54,"PELT",0.8,0.5,0.615384615384615,5,0.02721935020532
"rand1",1.1,54,"SVP",0.8,0.5,0.615384615384615,5,0.02721935020532
"rand1",1.1,54,"SVP (BIC)",0.8,0.5,0.615384615384615,5,0.02721935020532
"rand1",1.1,55,"PELT",1,0.625,0.769230769230769,5,0.017969971273386
"rand1",1.1,55,"SVP",1,0.625,0.769230769230769,5,0.017969971273386
"rand1",1.1,55,"SVP (BIC)",0.5,0.25,0.333333333333333,4,0.12255553755503
"rand1",1.1,56,"PELT",0.666666666666667,0.5,0.571428571428572,6,0.0242570266337386
"rand1",1.1,56,"SVP",1,0.625,0.769230769230769,5,0.0254690761371465
"rand1",1.1,56,"SVP (BIC)",1,0.625,0.769230769230769,5,0.0254690761371465
"rand1",1.1,57,"PELT",0.6,0.375,0.461538461538462,5,0.0334874170300326
"rand1",1.1,57,"SVP",0.6,0.375,0.461538461538462,5,0.0334874170300326
"rand1",1.1,57,"SVP (BIC)",0.6,0.375,0.461538461538462,5,0.0334874170300326
"rand1",1.1,58,"PELT",0.8,0.5,0.615384615384615,5,0.0287701272214058
"rand1",1.1,58,"SVP",0.8,0.5,0.615384615384615,5,0.0287701272214058
"rand1",1.1,58,"SVP (BIC)",0.8,0.5,0.615384615384615,5,0.0287701272214058
"rand1",1.1,59,"PELT",1,0.625,0.769230769230769,5,0.0229573196133323
"rand1",1.1,59,"SVP",1,0.625,0.769230769230769,5,0.0229573196133323
"rand1",1.1,59,"SVP (BIC)",1,0.625,0.769230769230769,5,0.0229573196133323
"rand1",1.1,60,"PELT",0.666666666666667,0.5,0.571428571428572,6,0.0283592041105743
"rand1",1.1,60,"SVP",0.666666666666667,0.5,0.571428571428572,6,0.0283592041105743
"rand1",1.1,60,"SVP (BIC)",1,0.625,0.769230769230769,5,0.0177828223758856
"rand1",1.1,61,"PELT",1,0.625,0.769230769230769,5,0.0230694348040167
"rand1",1.1,61,"SVP",1,0.625,0.769230769230769,5,0.0230694348040167
"rand1",1.1,61,"SVP (BIC)",1,0.625,0.769230769230769,5,0.0230694348040167
"rand1",1.1,62,"PELT",1,0.625,0.769230769230769,5,0.0172921776636936
"rand1",1.1,62,"SVP",1,0.625,0.769230769230769,5,0.0172921776636936
"rand1",1.1,62,"SVP (BIC)",1,0.625,0.769230769230769,5,0.0172921776636936
"rand1",1.1,63,"PELT",0.666666666666667,0.5,0.571428571428572,6,0.0523917343559975
"rand1",1.1,63,"SVP",0.8,0.5,0.615384615384615,5,0.0385690147138305
"rand1",1.1,63,"SVP (BIC)",0.8,0.5,0.615384615384615,5,0.0363288078196143
"rand1",1.1,64,"PELT",0.6,0.375,0.461538461538462,5,0.0410286575730797
"rand1",1.1,64,"SVP",0.6,0.375,0.461538461538462,5,0.0410286575730797
"rand1",1.1,64,"SVP (BIC)",0.6,0.375,0.461538461538462,5,0.0410286575730797
"rand1",1.1,65,"PELT",0.8,0.5,0.615384615384615,5,0.0261929753562101
"rand1",1.1,65,"SVP",0.8,0.5,0.615384615384615,5,0.0261929753562101
"rand1",1.1,65,"SVP (BIC)",0.8,0.5,0.615384615384615,5,0.0261929753562101
"rand1",1.1,66,"PELT",0.666666666666667,0.5,0.571428571428572,6,0.0452741770909121
"rand1",1.1,66,"SVP",0.6,0.375,0.461538461538462,5,0.051288374242102
"rand1",1.1,66,"SVP (BIC)",0.6,0.375,0.461538461538462,5,0.051288374242102
"rand1",1.1,67,"PELT",0.8,0.5,0.615384615384615,5,0.0213440654426788
"rand1",1.1,67,"SVP",0.8,0.5,0.615384615384615,5,0.0213440654426788
"rand1",1.1,67,"SVP (BIC)",0.8,0.5,0.615384615384615,5,0.0213440654426788
"rand1",1.1,68,"PELT",0.833333333333333,0.625,0.714285714285714,6,0.0323562606173783
"rand1",1.1,68,"SVP",1,0.625,0.769230769230769,5,0.0206369449275159
"rand1",1.1,68,"SVP (BIC)",1,0.625,0.769230769230769,5,0.0206369449275159
"rand1",1.1,69,"PELT",0.666666666666667,0.5,0.571428571428572,6,0.0284995745480952
"rand1",1.1,69,"SVP",0.666666666666667,0.5,0.571428571428572,6,0.0284995745480952
"rand1",1.1,69,"SVP (BIC)",1,0.625,0.769230769230769,5,0.0174512347926861
"rand1",1.1,70,"PELT",0.833333333333333,0.625,0.714285714285714,6,0.0343429316475662
"rand1",1.1,70,"SVP",1,0.625,0.769230769230769,5,0.0162027142040983
"rand1",1.1,70,"SVP (BIC)",1,0.625,0.769230769230769,5,0.0162027142040983
"rand1",1.1,71,"PELT",0.8,0.5,0.615384615384615,5,0.035068854939919
"rand1",1.1,71,"SVP",0.8,0.5,0.615384615384615,5,0.035068854939919
"rand1",1.1,71,"SVP (BIC)",0.8,0.5,0.615384615384615,5,0.035068854939919
"rand1",1.1,72,"PELT",0.666666666666667,0.5,0.571428571428572,6,0.0383530432964044
"rand1",1.1,72,"SVP",0.666666666666667,0.5,0.571428571428572,6,0.0383530432964044
"rand1",1.1,72,"SVP (BIC)",0.8,0.5,0.615384615384615,5,0.0262974780115484
"rand1",1.1,73,"PELT",0.8,0.5,0.615384615384615,5,0.0375407416067406
"rand1",1.1,73,"SVP",0.8,0.5,0.615384615384615,5,0.0375407416067406
"rand1",1.1,73,"SVP (BIC)",0.8,0.5,0.615384615384615,5,0.0375407416067406
"rand1",1.1,74,"PELT",0.833333333333333,0.625,0.714285714285714,6,0.0242297785565883
"rand1",1.1,74,"SVP",1,0.625,0.769230769230769,5,0.0218637760717373
"rand1",1.1,74,"SVP (BIC)",1,0.625,0.769230769230769,5,0.0218637760717373
"rand1",1.1,75,"PELT",0.8,0.5,0.615384615384615,5,0.0263816698120135
"rand1",1.1,75,"SVP",0.833333333333333,0.625,0.714285714285714,6,0.0176150856713668
"rand1",1.1,75,"SVP (BIC)",0.8,0.5,0.615384615384615,5,0.0263816698120135
"rand1",1.1,76,"PELT",1,0.625,0.769230769230769,5,0.0224623945972901
"rand1",1.1,76,"SVP",1,0.625,0.769230769230769,5,0.0224623945972901
"rand1",1.1,76,"SVP (BIC)",1,0.625,0.769230769230769,5,0.0224623945972901
"rand1",1.1,77,"PELT",0.833333333333333,0.625,0.714285714285714,6,0.0141414613402431
"rand1",1.1,77,"SVP",0.833333333333333,0.625,0.714285714285714,6,0.0203480307519705
"rand1",1.1,77,"SVP (BIC)",1,0.625,0.769230769230769,5,0.0182220149757699
"rand1",1.1,78,"PELT",0.8,0.5,0.615384615384615,5,0.0300141975540794
"rand1",1.1,78,"SVP",0.8,0.5,0.615384615384615,5,0.0300141975540794
"rand1",1.1,78,"SVP (BIC)",0.8,0.5,0.615384615384615,5,0.0300141975540794
"rand1",1.1,79,"PELT",1,0.625,0.769230769230769,5,0.0192391406383482
"rand1",1.1,79,"SVP",1,0.625,0.769230769230769,5,0.0192391406383482
"rand1",1.1,79,"SVP (BIC)",1,0.625,0.769230769230769,5,0.0192391406383482
"rand1",1.1,80,"PELT",0.8,0.5,0.615384615384615,5,0.0299639361247861
"rand1",1.1,80,"SVP",0.8,0.5,0.615384615384615,5,0.0299639361247861
"rand1",1.1,80,"SVP (BIC)",0.8,0.5,0.615384615384615,5,0.0299639361247861
"rand1",1.1,81,"PELT",0.8,0.5,0.615384615384615,5,0.0184923068743541
"rand1",1.1,81,"SVP",0.8,0.5,0.615384615384615,5,0.0184923068743541
"rand1",1.1,81,"SVP (BIC)",0.8,0.5,0.615384615384615,5,0.0184923068743541
"rand1",1.1,82,"PELT",0.833333333333333,0.625,0.714285714285714,6,0.0461381969891738
"rand1",1.1,82,"SVP",1,0.625,0.769230769230769,5,0.0256599779961133
"rand1",1.1,82,"SVP (BIC)",0.8,0.5,0.615384615384615,5,0.0476146097660151
"rand1",1.1,83,"PELT",1,0.625,0.769230769230769,5,0.0240055322102267
"rand1",1.1,83,"SVP",1,0.625,0.769230769230769,5,0.0240055322102267
"rand1",1.1,83,"SVP (BIC)",1,0.625,0.769230769230769,5,0.0240055322102267
"rand1",1.1,84,"PELT",0.8,0.5,0.615384615384615,5,0.0425931936796039
"rand1",1.1,84,"SVP",0.8,0.5,0.615384615384615,5,0.0425931936796039
"rand1",1.1,84,"SVP (BIC)",0.8,0.5,0.615384615384615,5,0.0425931936796039
"rand1",1.1,85,"PELT",0.5,0.375,0.428571428571429,6,0.0554533169919316
"rand1",1.1,85,"SVP",0.8,0.5,0.615384615384615,5,0.0259273266635589
"rand1",1.1,85,"SVP (BIC)",0.8,0.5,0.615384615384615,5,0.0259273266635589
"rand1",1.1,86,"PELT",1,0.625,0.769230769230769,5,0.019658768352331
"rand1",1.1,86,"SVP",0.833333333333333,0.625,0.714285714285714,6,0.0320403366913479
"rand1",1.1,86,"SVP (BIC)",1,0.625,0.769230769230769,5,0.019658768352331
"rand1",1.1,87,"PELT",0.5,0.375,0.428571428571429,6,0.039297402477423
"rand1",1.1,87,"SVP",0.5,0.375,0.428571428571429,6,0.039297402477423
"rand1",1.1,87,"SVP (BIC)",0.6,0.375,0.461538461538462,5,0.0362095685163904
"rand1",1.1,88,"PELT",1,0.625,0.769230769230769,5,0.0236391389569105
"rand1",1.1,88,"SVP",1,0.625,0.769230769230769,5,0.0236391389569105
"rand1",1.1,88,"SVP (BIC)",1,0.625,0.769230769230769,5,0.0236391389569105
"rand1",1.1,89,"PELT",0.833333333333333,0.625,0.714285714285714,6,0.0196941629669087
"rand1",1.1,89,"SVP",1,0.625,0.769230769230769,5,0.0195923403563924
"rand1",1.1,89,"SVP (BIC)",1,0.625,0.769230769230769,5,0.0195923403563924
"rand1",1.1,90,"PELT",1,0.625,0.769230769230769,5,0.0173880104591424
"rand1",1.1,90,"SVP",1,0.625,0.769230769230769,5,0.0173880104591424
"rand1",1.1,90,"SVP (BIC)",1,0.625,0.769230769230769,5,0.0173880104591424
"rand1",1.1,91,"PELT",1,0.625,0.769230769230769,5,0.0229380019559901
"rand1",1.1,91,"SVP",1,0.625,0.769230769230769,5,0.0229380019559901
"rand1",1.1,91,"SVP (BIC)",1,0.625,0.769230769230769,5,0.0229380019559901
"rand1",1.1,92,"PELT",1,0.625,0.769230769230769,5,0.0180095942396935
"rand1",1.1,92,"SVP",1,0.625,0.769230769230769,5,0.0180095942396935
"rand1",1.1,92,"SVP (BIC)",1,0.625,0.769230769230769,5,0.0180095942396935
"rand1",1.1,93,"PELT",0.666666666666667,0.5,0.571428571428572,6,0.0330005027563461
"rand1",1.1,93,"SVP",0.8,0.5,0.615384615384615,5,0.0313208861628301
"rand1",1.1,93,"SVP (BIC)",0.8,0.5,0.615384615384615,5,0.0313208861628301
"rand1",1.1,94,"PELT",0.666666666666667,0.5,0.571428571428572,6,0.0198325015223229
"rand1",1.1,94,"SVP",0.666666666666667,0.5,0.571428571428572,6,0.0232865119772316
"rand1",1.1,94,"SVP (BIC)",0.8,0.5,0.615384615384615,5,0.0245543443009222
"rand1",1.1,95,"PELT",0.8,0.5,0.615384615384615,5,0.0284310013536446
"rand1",1.1,95,"SVP",0.8,0.5,0.615384615384615,5,0.0284310013536446
"rand1",1.1,95,"SVP (BIC)",0.8,0.5,0.615384615384615,5,0.0284310013536446
"rand1",1.1,96,"PELT",1,0.625,0.769230769230769,5,0.0135415408831495
"rand1",1.1,96,"SVP",1,0.625,0.769230769230769,5,0.0135415408831495
"rand1",1.1,96,"SVP (BIC)",1,0.625,0.769230769230769,5,0.0135415408831495
"rand1",1.1,97,"PELT",0.833333333333333,0.625,0.714285714285714,6,0.0285299120671518
"rand1",1.1,97,"SVP",0.8,0.5,0.615384615384615,5,0.0345822387661011
"rand1",1.1,97,"SVP (BIC)",0.8,0.5,0.615384615384615,5,0.0345822387661011
"rand1",1.1,98,"PELT",1,0.625,0.769230769230769,5,0.0215757981529013
"rand1",1.1,98,"SVP",1,0.625,0.769230769230769,5,0.0215757981529013
"rand1",1.1,98,"SVP (BIC)",1,0.625,0.769230769230769,5,0.0215757981529013
"rand1",1.1,99,"PELT",0.666666666666667,0.5,0.571428571428572,6,0.0281435629196733
"rand1",1.1,99,"SVP",0.6,0.375,0.461538461538462,5,0.0407426809897085
"rand1",1.1,99,"SVP (BIC)",0.6,0.375,0.461538461538462,5,0.0407426809897085
"rand1",1.1,100,"PELT",0.666666666666667,0.5,0.571428571428572,6,0.0310402586182379
"rand1",1.1,100,"SVP",0.8,0.5,0.615384615384615,5,0.0324125659554935
"rand1",1.1,100,"SVP (BIC)",0.8,0.5,0.615384615384615,5,0.0324125659554935
"none",1.2,1,"PELT",1,1,1,1,0.000937476732122034
"none",1.2,1,"SVP",1,1,1,1,0.000937476732122034
"none",1.2,1,"SVP (BIC)",1,1,1,1,0.000937476732122034
"none",1.2,2,"PELT",1,1,1,1,0.00352245291596461
"none",1.2,2,"SVP",1,1,1,1,0.00352245291596461
"none",1.2,2,"SVP (BIC)",1,1,1,1,0.00352245291596461
"none",1.2,3,"PELT",1,1,1,1,0.000176310004470435
"none",1.2,3,"SVP",1,1,1,1,0.000176310004470435
"none",1.2,3,"SVP (BIC)",1,1,1,1,0.000176310004470435
"none",1.2,4,"PELT",1,1,1,1,0.00143124853494656
"none",1.2,4,"SVP",1,1,1,1,0.00143124853494656
"none",1.2,4,"SVP (BIC)",1,1,1,1,0.00143124853494656
"none",1.2,5,"PELT",1,1,1,1,0.000364478596658284
"none",1.2,5,"SVP",1,1,1,1,0.000364478596658284
"none",1.2,5,"SVP (BIC)",1,1,1,1,0.000364478596658284
"none",1.2,6,"PELT",1,1,1,1,0.00783843067216816
"none",1.2,6,"SVP",1,1,1,1,0.00783843067216816
"none",1.2,6,"SVP (BIC)",1,1,1,1,0.00783843067216816
"none",1.2,7,"PELT",1,1,1,1,4.03354298158401e-05
"none",1.2,7,"SVP",1,1,1,1,4.03354298158401e-05
"none",1.2,7,"SVP (BIC)",1,1,1,1,4.03354298158401e-05
"none",1.2,8,"PELT",1,1,1,1,0.000514322238253792
"none",1.2,8,"SVP",1,1,1,1,0.000514322238253792
"none",1.2,8,"SVP (BIC)",1,1,1,1,0.000514322238253792
"none",1.2,9,"PELT",1,1,1,1,0.00222942703438035
"none",1.2,9,"SVP",1,1,1,1,0.00222942703438035
"none",1.2,9,"SVP (BIC)",1,1,1,1,0.00222942703438035
"none",1.2,10,"PELT",1,1,1,1,0.00336887007568193
"none",1.2,10,"SVP",1,1,1,1,0.00336887007568193
"none",1.2,10,"SVP (BIC)",1,1,1,1,0.00336887007568193
"none",1.2,11,"PELT",1,1,1,1,0.000739388215356277
"none",1.2,11,"SVP",1,1,1,1,0.000739388215356277
"none",1.2,11,"SVP (BIC)",1,1,1,1,0.000739388215356277
"none",1.2,12,"PELT",1,1,1,1,0.00050460184438824
"none",1.2,12,"SVP",1,1,1,1,0.00050460184438824
"none",1.2,12,"SVP (BIC)",1,1,1,1,0.00050460184438824
"none",1.2,13,"PELT",1,1,1,1,7.42212523356556e-05
"none",1.2,13,"SVP",0.5,1,0.666666666666667,2,0.00133288436529994
"none",1.2,13,"SVP (BIC)",1,1,1,1,7.42212523356556e-05
"none",1.2,14,"PELT",1,1,1,1,0.000784464220133398
"none",1.2,14,"SVP",1,1,1,1,0.000784464220133398
"none",1.2,14,"SVP (BIC)",1,1,1,1,0.000784464220133398
"none",1.2,15,"PELT",1,1,1,1,2.01635454907702e-07
"none",1.2,15,"SVP",1,1,1,1,2.01635454907702e-07
"none",1.2,15,"SVP (BIC)",1,1,1,1,2.01635454907702e-07
"none",1.2,16,"PELT",1,1,1,1,1.31093414348992e-06
"none",1.2,16,"SVP",1,1,1,1,1.31093414348992e-06
"none",1.2,16,"SVP (BIC)",1,1,1,1,1.31093414348992e-06
"none",1.2,17,"PELT",1,1,1,1,0.00113826740694672
"none",1.2,17,"SVP",1,1,1,1,0.00113826740694672
"none",1.2,17,"SVP (BIC)",1,1,1,1,0.00113826740694672
"none",1.2,18,"PELT",1,1,1,1,0.000221023579093219
"none",1.2,18,"SVP",1,1,1,1,0.000221023579093219
"none",1.2,18,"SVP (BIC)",1,1,1,1,0.000221023579093219
"none",1.2,19,"PELT",1,1,1,1,0.000417623746657563
"none",1.2,19,"SVP",1,1,1,1,0.000417623746657563
"none",1.2,19,"SVP (BIC)",1,1,1,1,0.000417623746657563
"none",1.2,20,"PELT",1,1,1,1,0.000208879932499847
"none",1.2,20,"SVP",1,1,1,1,0.000208879932499847
"none",1.2,20,"SVP (BIC)",1,1,1,1,0.000208879932499847
"none",1.2,21,"PELT",1,1,1,1,1.04457421704736e-06
"none",1.2,21,"SVP",1,1,1,1,1.04457421704736e-06
"none",1.2,21,"SVP (BIC)",1,1,1,1,1.04457421704736e-06
"none",1.2,22,"PELT",1,1,1,1,0.000745908565890226
"none",1.2,22,"SVP",1,1,1,1,0.000745908565890226
"none",1.2,22,"SVP (BIC)",1,1,1,1,0.000745908565890226
"none",1.2,23,"PELT",1,1,1,1,0.00122387885151608
"none",1.2,23,"SVP",1,1,1,1,0.00122387885151608
"none",1.2,23,"SVP (BIC)",1,1,1,1,0.00122387885151608
"none",1.2,24,"PELT",1,1,1,1,0.000528925714073248
"none",1.2,24,"SVP",1,1,1,1,0.000528925714073248
"none",1.2,24,"SVP (BIC)",1,1,1,1,0.000528925714073248
"none",1.2,25,"PELT",1,1,1,1,0.00148902052570582
"none",1.2,25,"SVP",1,1,1,1,0.00148902052570582
"none",1.2,25,"SVP (BIC)",1,1,1,1,0.00148902052570582
"none",1.2,26,"PELT",1,1,1,1,0.000228630257465316
"none",1.2,26,"SVP",0.5,1,0.666666666666667,2,0.00286378331644537
"none",1.2,26,"SVP (BIC)",1,1,1,1,0.000228630257465316
"none",1.2,27,"PELT",1,1,1,1,7.3558455409257e-06
"none",1.2,27,"SVP",1,1,1,1,7.3558455409257e-06
"none",1.2,27,"SVP (BIC)",1,1,1,1,7.3558455409257e-06
"none",1.2,28,"PELT",1,1,1,1,0.000187775166655867
"none",1.2,28,"SVP",1,1,1,1,0.000187775166655867
"none",1.2,28,"SVP (BIC)",1,1,1,1,0.000187775166655867
"none",1.2,29,"PELT",1,1,1,1,0.000433179425947395
"none",1.2,29,"SVP",1,1,1,1,0.000433179425947395
"none",1.2,29,"SVP (BIC)",1,1,1,1,0.000433179425947395
"none",1.2,30,"PELT",1,1,1,1,0.00236570661505483
"none",1.2,30,"SVP",1,1,1,1,0.00236570661505483
"none",1.2,30,"SVP (BIC)",1,1,1,1,0.00236570661505483
"none",1.2,31,"PELT",1,1,1,1,0.000876572473344501
"none",1.2,31,"SVP",1,1,1,1,0.000876572473344501
"none",1.2,31,"SVP (BIC)",1,1,1,1,0.000876572473344501
"none",1.2,32,"PELT",1,1,1,1,0.000181455448551928
"none",1.2,32,"SVP",1,1,1,1,0.000181455448551928
"none",1.2,32,"SVP (BIC)",1,1,1,1,0.000181455448551928
"none",1.2,33,"PELT",1,1,1,1,8.84786762692279e-05
"none",1.2,33,"SVP",1,1,1,1,8.84786762692279e-05
"none",1.2,33,"SVP (BIC)",1,1,1,1,8.84786762692279e-05
"none",1.2,34,"PELT",1,1,1,1,6.35883210774723e-05
"none",1.2,34,"SVP",1,1,1,1,6.35883210774723e-05
"none",1.2,34,"SVP (BIC)",1,1,1,1,6.35883210774723e-05
"none",1.2,35,"PELT",1,1,1,1,0.000899628443272132
"none",1.2,35,"SVP",1,1,1,1,0.000899628443272132
"none",1.2,35,"SVP (BIC)",1,1,1,1,0.000899628443272132
"none",1.2,36,"PELT",1,1,1,1,0.00122811861628179
"none",1.2,36,"SVP",1,1,1,1,0.00122811861628179
"none",1.2,36,"SVP (BIC)",1,1,1,1,0.00122811861628179
"none",1.2,37,"PELT",1,1,1,1,0.000119299146885923
"none",1.2,37,"SVP",1,1,1,1,0.000119299146885923
"none",1.2,37,"SVP (BIC)",1,1,1,1,0.000119299146885923
"none",1.2,38,"PELT",1,1,1,1,0.000804213626629107
"none",1.2,38,"SVP",1,1,1,1,0.000804213626629107
"none",1.2,38,"SVP (BIC)",1,1,1,1,0.000804213626629107
"none",1.2,39,"PELT",1,1,1,1,0.000706614814396468
"none",1.2,39,"SVP",1,1,1,1,0.000706614814396468
"none",1.2,39,"SVP (BIC)",1,1,1,1,0.000706614814396468
"none",1.2,40,"PELT",1,1,1,1,6.79342250835758e-05
"none",1.2,40,"SVP",1,1,1,1,6.79342250835758e-05
"none",1.2,40,"SVP (BIC)",1,1,1,1,6.79342250835758e-05
"none",1.2,41,"PELT",1,1,1,1,8.3851664276772e-05
"none",1.2,41,"SVP",1,1,1,1,8.3851664276772e-05
"none",1.2,41,"SVP (BIC)",1,1,1,1,8.3851664276772e-05
"none",1.2,42,"PELT",1,1,1,1,0.00255967971547084
"none",1.2,42,"SVP",1,1,1,1,0.00255967971547084
"none",1.2,42,"SVP (BIC)",1,1,1,1,0.00255967971547084
"none",1.2,43,"PELT",1,1,1,1,0.0027191873687307
"none",1.2,43,"SVP",1,1,1,1,0.0027191873687307
"none",1.2,43,"SVP (BIC)",1,1,1,1,0.0027191873687307
"none",1.2,44,"PELT",1,1,1,1,0.000952354564721784
"none",1.2,44,"SVP",1,1,1,1,0.000952354564721784
"none",1.2,44,"SVP (BIC)",1,1,1,1,0.000952354564721784
"none",1.2,45,"PELT",1,1,1,1,0.00024137723911493
"none",1.2,45,"SVP",1,1,1,1,0.00024137723911493
"none",1.2,45,"SVP (BIC)",1,1,1,1,0.00024137723911493
"none",1.2,46,"PELT",1,1,1,1,0.000346302159947187
"none",1.2,46,"SVP",1,1,1,1,0.000346302159947187
"none",1.2,46,"SVP (BIC)",1,1,1,1,0.000346302159947187
"none",1.2,47,"PELT",1,1,1,1,7.73917531282325e-05
"none",1.2,47,"SVP",1,1,1,1,7.73917531282325e-05
"none",1.2,47,"SVP (BIC)",1,1,1,1,7.73917531282325e-05
"none",1.2,48,"PELT",1,1,1,1,0.000132669141112045
"none",1.2,48,"SVP",1,1,1,1,0.000132669141112045
"none",1.2,48,"SVP (BIC)",1,1,1,1,0.000132669141112045
"none",1.2,49,"PELT",1,1,1,1,0.000100028529628858
"none",1.2,49,"SVP",0.5,1,0.666666666666667,2,0.000254095429222471
"none",1.2,49,"SVP (BIC)",1,1,1,1,0.000100028529628858
"none",1.2,50,"PELT",0.333333333333333,1,0.5,3,0.0330534407794002
"none",1.2,50,"SVP",0.5,1,0.666666666666667,2,0.00651943155142818
"none",1.2,50,"SVP (BIC)",0.5,1,0.666666666666667,2,0.00702459068836783
"none",1.2,51,"PELT",1,1,1,1,1.61857294159829e-06
"none",1.2,51,"SVP",1,1,1,1,1.61857294159829e-06
"none",1.2,51,"SVP (BIC)",1,1,1,1,1.61857294159829e-06
"none",1.2,52,"PELT",1,1,1,1,0.00553122299056319
"none",1.2,52,"SVP",1,1,1,1,0.00553122299056319
"none",1.2,52,"SVP (BIC)",1,1,1,1,0.00553122299056319
"none",1.2,53,"PELT",1,1,1,1,0.0022526582785134
"none",1.2,53,"SVP",1,1,1,1,0.0022526582785134
"none",1.2,53,"SVP (BIC)",1,1,1,1,0.0022526582785134
"none",1.2,54,"PELT",1,1,1,1,3.27098803524645e-05
"none",1.2,54,"SVP",1,1,1,1,3.27098803524645e-05
"none",1.2,54,"SVP (BIC)",1,1,1,1,3.27098803524645e-05
"none",1.2,55,"PELT",1,1,1,1,0.00293601436476557
"none",1.2,55,"SVP",1,1,1,1,0.00293601436476557
"none",1.2,55,"SVP (BIC)",1,1,1,1,0.00293601436476557
"none",1.2,56,"PELT",1,1,1,1,0.00207381927137122
"none",1.2,56,"SVP",1,1,1,1,0.00207381927137122
"none",1.2,56,"SVP (BIC)",1,1,1,1,0.00207381927137122
"none",1.2,57,"PELT",1,1,1,1,7.84920642668266e-05
"none",1.2,57,"SVP",1,1,1,1,7.84920642668266e-05
"none",1.2,57,"SVP (BIC)",1,1,1,1,7.84920642668266e-05
"none",1.2,58,"PELT",1,1,1,1,0.000304492734243993
"none",1.2,58,"SVP",1,1,1,1,0.000304492734243993
"none",1.2,58,"SVP (BIC)",1,1,1,1,0.000304492734243993
"none",1.2,59,"PELT",1,1,1,1,0.00411863891680976
"none",1.2,59,"SVP",1,1,1,1,0.00411863891680976
"none",1.2,59,"SVP (BIC)",1,1,1,1,0.00411863891680976
"none",1.2,60,"PELT",1,1,1,1,0.000150166314067304
"none",1.2,60,"SVP",1,1,1,1,0.000150166314067304
"none",1.2,60,"SVP (BIC)",1,1,1,1,0.000150166314067304
"none",1.2,61,"PELT",1,1,1,1,6.26780710906973e-05
"none",1.2,61,"SVP",1,1,1,1,6.26780710906973e-05
"none",1.2,61,"SVP (BIC)",1,1,1,1,6.26780710906973e-05
"none",1.2,62,"PELT",1,1,1,1,0.000252938823206314
"none",1.2,62,"SVP",1,1,1,1,0.000252938823206314
"none",1.2,62,"SVP (BIC)",1,1,1,1,0.000252938823206314
"none",1.2,63,"PELT",1,1,1,1,0.000634561589196315
"none",1.2,63,"SVP",1,1,1,1,0.000634561589196315
"none",1.2,63,"SVP (BIC)",1,1,1,1,0.000634561589196315
"none",1.2,64,"PELT",1,1,1,1,0.000288280484250662
"none",1.2,64,"SVP",1,1,1,1,0.000288280484250662
"none",1.2,64,"SVP (BIC)",1,1,1,1,0.000288280484250662
"none",1.2,65,"PELT",1,1,1,1,2.5315677813337e-05
"none",1.2,65,"SVP",1,1,1,1,2.5315677813337e-05
"none",1.2,65,"SVP (BIC)",1,1,1,1,2.5315677813337e-05
"none",1.2,66,"PELT",1,1,1,1,0.00390008726670272
"none",1.2,66,"SVP",1,1,1,1,0.00390008726670272
"none",1.2,66,"SVP (BIC)",1,1,1,1,0.00390008726670272
"none",1.2,67,"PELT",1,1,1,1,0.000222611091994415
"none",1.2,67,"SVP",1,1,1,1,0.000222611091994415
"none",1.2,67,"SVP (BIC)",1,1,1,1,0.000222611091994415
"none",1.2,68,"PELT",1,1,1,1,0.00218631883753889
"none",1.2,68,"SVP",1,1,1,1,0.00218631883753889
"none",1.2,68,"SVP (BIC)",1,1,1,1,0.00218631883753889
"none",1.2,69,"PELT",1,1,1,1,0.00224557562512858
"none",1.2,69,"SVP",1,1,1,1,0.00224557562512858
"none",1.2,69,"SVP (BIC)",1,1,1,1,0.00224557562512858
"none",1.2,70,"PELT",1,1,1,1,2.86529838798575e-06
"none",1.2,70,"SVP",1,1,1,1,2.86529838798575e-06
"none",1.2,70,"SVP (BIC)",1,1,1,1,2.86529838798575e-06
"none",1.2,71,"PELT",1,1,1,1,0.000911348512014398
"none",1.2,71,"SVP",0.5,1,0.666666666666667,2,0.00756427634297
"none",1.2,71,"SVP (BIC)",1,1,1,1,0.000911348512014398
"none",1.2,72,"PELT",1,1,1,1,3.93937578412904e-07
"none",1.2,72,"SVP",1,1,1,1,3.93937578412904e-07
"none",1.2,72,"SVP (BIC)",1,1,1,1,3.93937578412904e-07
"none",1.2,73,"PELT",1,1,1,1,0.000448879988560506
"none",1.2,73,"SVP",1,1,1,1,0.000448879988560506
"none",1.2,73,"SVP (BIC)",1,1,1,1,0.000448879988560506
"none",1.2,74,"PELT",1,1,1,1,1.84079878219006e-05
"none",1.2,74,"SVP",1,1,1,1,1.84079878219006e-05
"none",1.2,74,"SVP (BIC)",1,1,1,1,1.84079878219006e-05
"none",1.2,75,"PELT",1,1,1,1,0.00113434898427891
"none",1.2,75,"SVP",1,1,1,1,0.00113434898427891
"none",1.2,75,"SVP (BIC)",1,1,1,1,0.00113434898427891
"none",1.2,76,"PELT",1,1,1,1,0.000495345945501209
"none",1.2,76,"SVP",1,1,1,1,0.000495345945501209
"none",1.2,76,"SVP (BIC)",1,1,1,1,0.000495345945501209
"none",1.2,77,"PELT",1,1,1,1,0.000713882135188313
"none",1.2,77,"SVP",1,1,1,1,0.000713882135188313
"none",1.2,77,"SVP (BIC)",1,1,1,1,0.000713882135188313
"none",1.2,78,"PELT",1,1,1,1,8.1075759933824e-05
"none",1.2,78,"SVP",1,1,1,1,8.1075759933824e-05
"none",1.2,78,"SVP (BIC)",1,1,1,1,8.1075759933824e-05
"none",1.2,79,"PELT",1,1,1,1,0.000611342691183244
"none",1.2,79,"SVP",1,1,1,1,0.000611342691183244
"none",1.2,79,"SVP (BIC)",1,1,1,1,0.000611342691183244
"none",1.2,80,"PELT",1,1,1,1,0.00126053449612153
"none",1.2,80,"SVP",1,1,1,1,0.00126053449612153
"none",1.2,80,"SVP (BIC)",1,1,1,1,0.00126053449612153
"none",1.2,81,"PELT",1,1,1,1,0.000846194069232669
"none",1.2,81,"SVP",1,1,1,1,0.000846194069232669
"none",1.2,81,"SVP (BIC)",1,1,1,1,0.000846194069232669
"none",1.2,82,"PELT",1,1,1,1,0.000804397405752029
"none",1.2,82,"SVP",1,1,1,1,0.000804397405752029
"none",1.2,82,"SVP (BIC)",1,1,1,1,0.000804397405752029
"none",1.2,83,"PELT",1,1,1,1,4.27135343569042e-05
"none",1.2,83,"SVP",1,1,1,1,4.27135343569042e-05
"none",1.2,83,"SVP (BIC)",1,1,1,1,4.27135343569042e-05
"none",1.2,84,"PELT",1,1,1,1,0.000623232852583088
"none",1.2,84,"SVP",0.5,1,0.666666666666667,2,0.00433797221905912
"none",1.2,84,"SVP (BIC)",1,1,1,1,0.000623232852583088
"none",1.2,85,"PELT",1,1,1,1,0.000157921296780681
"none",1.2,85,"SVP",1,1,1,1,0.000157921296780681
"none",1.2,85,"SVP (BIC)",1,1,1,1,0.000157921296780681
"none",1.2,86,"PELT",1,1,1,1,0.000112873926580996
"none",1.2,86,"SVP",1,1,1,1,0.000112873926580996
"none",1.2,86,"SVP (BIC)",1,1,1,1,0.000112873926580996
"none",1.2,87,"PELT",1,1,1,1,0.00079373911132329
"none",1.2,87,"SVP",1,1,1,1,0.00079373911132329
"none",1.2,87,"SVP (BIC)",1,1,1,1,0.00079373911132329
"none",1.2,88,"PELT",1,1,1,1,0.00279401006574541
"none",1.2,88,"SVP",1,1,1,1,0.00279401006574541
"none",1.2,88,"SVP (BIC)",1,1,1,1,0.00279401006574541
"none",1.2,89,"PELT",1,1,1,1,0.00228992623087309
"none",1.2,89,"SVP",1,1,1,1,0.00228992623087309
"none",1.2,89,"SVP (BIC)",1,1,1,1,0.00228992623087309
"none",1.2,90,"PELT",1,1,1,1,0.000184278211345217
"none",1.2,90,"SVP",1,1,1,1,0.000184278211345217
"none",1.2,90,"SVP (BIC)",1,1,1,1,0.000184278211345217
"none",1.2,91,"PELT",1,1,1,1,0.00175859048332003
"none",1.2,91,"SVP",1,1,1,1,0.00175859048332003
"none",1.2,91,"SVP (BIC)",1,1,1,1,0.00175859048332003
"none",1.2,92,"PELT",1,1,1,1,0.0016028159201989
"none",1.2,92,"SVP",1,1,1,1,0.0016028159201989
"none",1.2,92,"SVP (BIC)",1,1,1,1,0.0016028159201989
"none",1.2,93,"PELT",1,1,1,1,4.12029390503684e-05
"none",1.2,93,"SVP",1,1,1,1,4.12029390503684e-05
"none",1.2,93,"SVP (BIC)",1,1,1,1,4.12029390503684e-05
"none",1.2,94,"PELT",1,1,1,1,3.81287175326973e-05
"none",1.2,94,"SVP",1,1,1,1,3.81287175326973e-05
"none",1.2,94,"SVP (BIC)",1,1,1,1,3.81287175326973e-05
"none",1.2,95,"PELT",1,1,1,1,0.000584774912044256
"none",1.2,95,"SVP",0.5,1,0.666666666666667,2,0.00589732393229223
"none",1.2,95,"SVP (BIC)",1,1,1,1,0.000584774912044256
"none",1.2,96,"PELT",1,1,1,1,5.74114280011321e-05
"none",1.2,96,"SVP",1,1,1,1,5.74114280011321e-05
"none",1.2,96,"SVP (BIC)",1,1,1,1,5.74114280011321e-05
"none",1.2,97,"PELT",1,1,1,1,1.1867588451281e-05
"none",1.2,97,"SVP",0.5,1,0.666666666666667,2,0.0045608155735057
"none",1.2,97,"SVP (BIC)",1,1,1,1,1.1867588451281e-05
"none",1.2,98,"PELT",1,1,1,1,0.00028669237535992
"none",1.2,98,"SVP",1,1,1,1,0.00028669237535992
"none",1.2,98,"SVP (BIC)",1,1,1,1,0.00028669237535992
"none",1.2,99,"PELT",1,1,1,1,2.27195521323733e-06
"none",1.2,99,"SVP",1,1,1,1,2.27195521323733e-06
"none",1.2,99,"SVP (BIC)",1,1,1,1,2.27195521323733e-06
"none",1.2,100,"PELT",1,1,1,1,1.82670680991439e-05
"none",1.2,100,"SVP",1,1,1,1,1.82670680991439e-05
"none",1.2,100,"SVP (BIC)",1,1,1,1,1.82670680991439e-05
"up",1.2,1,"PELT",0.625,0.625,0.625,8,0.0573035841897721
"up",1.2,1,"SVP",0.625,0.625,0.625,8,0.0573035841897721
"up",1.2,1,"SVP (BIC)",0.625,0.625,0.625,8,0.0573035841897721
"up",1.2,2,"PELT",0.875,0.875,0.875,8,0.0162223780631365
"up",1.2,2,"SVP",0.875,0.875,0.875,8,0.0162223780631365
"up",1.2,2,"SVP (BIC)",0.875,0.875,0.875,8,0.0162223780631365
"up",1.2,3,"PELT",0.875,0.875,0.875,8,0.0253732870424193
"up",1.2,3,"SVP",0.875,0.875,0.875,8,0.0253732870424193
"up",1.2,3,"SVP (BIC)",0.875,0.875,0.875,8,0.0253732870424193
"up",1.2,4,"PELT",0.875,0.875,0.875,8,0.0203543899390789
"up",1.2,4,"SVP",0.875,0.875,0.875,8,0.0203543899390789
"up",1.2,4,"SVP (BIC)",0.875,0.875,0.875,8,0.0203543899390789
"up",1.2,5,"PELT",0.625,0.625,0.625,8,0.0314993389315867
"up",1.2,5,"SVP",0.625,0.625,0.625,8,0.0314993389315867
"up",1.2,5,"SVP (BIC)",0.625,0.625,0.625,8,0.0314993389315867
"up",1.2,6,"PELT",0.75,0.75,0.75,8,0.0298720389235632
"up",1.2,6,"SVP",0.75,0.75,0.75,8,0.0298720389235632
"up",1.2,6,"SVP (BIC)",0.75,0.75,0.75,8,0.0298720389235632
"up",1.2,7,"PELT",0.875,0.875,0.875,8,0.0130558593999152
"up",1.2,7,"SVP",0.875,0.875,0.875,8,0.0130558593999152
"up",1.2,7,"SVP (BIC)",0.875,0.875,0.875,8,0.0130558593999152
"up",1.2,8,"PELT",0.875,0.875,0.875,8,0.0203103252276886
"up",1.2,8,"SVP",0.777777777777778,0.875,0.823529411764706,9,0.027016135518084
"up",1.2,8,"SVP (BIC)",0.875,0.875,0.875,8,0.0203103252276886
"up",1.2,9,"PELT",0.75,0.75,0.75,8,0.0209740795234641
"up",1.2,9,"SVP",0.75,0.75,0.75,8,0.0209740795234641
"up",1.2,9,"SVP (BIC)",0.75,0.75,0.75,8,0.0209740795234641
"up",1.2,10,"PELT",0.5,0.5,0.5,8,0.0276027759489918
"up",1.2,10,"SVP",0.5,0.5,0.5,8,0.0276027759489918
"up",1.2,10,"SVP (BIC)",0.5,0.5,0.5,8,0.0276027759489918
"up",1.2,11,"PELT",0.5,0.5,0.5,8,0.0429434988226762
"up",1.2,11,"SVP",0.5,0.5,0.5,8,0.0429434988226762
"up",1.2,11,"SVP (BIC)",0.5,0.5,0.5,8,0.0429434988226762
"up",1.2,12,"PELT",0.75,0.75,0.75,8,0.0364729768083011
"up",1.2,12,"SVP",0.75,0.75,0.75,8,0.0364729768083011
"up",1.2,12,"SVP (BIC)",0.75,0.75,0.75,8,0.0364729768083011
"up",1.2,13,"PELT",0.875,0.875,0.875,8,0.0165057272404544
"up",1.2,13,"SVP",0.875,0.875,0.875,8,0.0165057272404544
"up",1.2,13,"SVP (BIC)",0.875,0.875,0.875,8,0.0165057272404544
"up",1.2,14,"PELT",0.8,1,0.888888888888889,10,0.0401781907016008
"up",1.2,14,"SVP",0.888888888888889,1,0.941176470588235,9,0.0113922799632812
"up",1.2,14,"SVP (BIC)",0.888888888888889,1,0.941176470588235,9,0.0115478964772265
"up",1.2,15,"PELT",0.75,0.75,0.75,8,0.0385838492957186
"up",1.2,15,"SVP",0.75,0.75,0.75,8,0.0385838492957186
"up",1.2,15,"SVP (BIC)",0.75,0.75,0.75,8,0.0385838492957186
"up",1.2,16,"PELT",0.5,0.5,0.5,8,0.027474658755983
"up",1.2,16,"SVP",0.5,0.5,0.5,8,0.027474658755983
"up",1.2,16,"SVP (BIC)",0.5,0.5,0.5,8,0.027474658755983
"up",1.2,17,"PELT",0.75,0.75,0.75,8,0.0234170666499954
"up",1.2,17,"SVP",0.75,0.75,0.75,8,0.0234170666499954
"up",1.2,17,"SVP (BIC)",0.75,0.75,0.75,8,0.0234170666499954
"up",1.2,18,"PELT",0.875,0.875,0.875,8,0.0185403552615314
"up",1.2,18,"SVP",0.875,0.875,0.875,8,0.0185403552615314
"up",1.2,18,"SVP (BIC)",0.875,0.875,0.875,8,0.0185403552615314
"up",1.2,19,"PELT",0.875,0.875,0.875,8,0.016338971158362
"up",1.2,19,"SVP",0.875,0.875,0.875,8,0.016338971158362
"up",1.2,19,"SVP (BIC)",0.875,0.875,0.875,8,0.016338971158362
"up",1.2,20,"PELT",0.75,0.75,0.75,8,0.0200513170927457
"up",1.2,20,"SVP",0.75,0.75,0.75,8,0.0200513170927457
"up",1.2,20,"SVP (BIC)",0.75,0.75,0.75,8,0.0200513170927457
"up",1.2,21,"PELT",0.875,0.875,0.875,8,0.0130673155939707
"up",1.2,21,"SVP",0.875,0.875,0.875,8,0.0130673155939707
"up",1.2,21,"SVP (BIC)",0.875,0.875,0.875,8,0.0130673155939707
"up",1.2,22,"PELT",0.875,0.875,0.875,8,0.0132320968385555
"up",1.2,22,"SVP",0.875,0.875,0.875,8,0.0132320968385555
"up",1.2,22,"SVP (BIC)",0.875,0.875,0.875,8,0.0132320968385555
"up",1.2,23,"PELT",0.75,0.75,0.75,8,0.0276175684538752
"up",1.2,23,"SVP",0.75,0.75,0.75,8,0.0276175684538752
"up",1.2,23,"SVP (BIC)",0.75,0.75,0.75,8,0.0276175684538752
"up",1.2,24,"PELT",0.375,0.375,0.375,8,0.0531418371775108
"up",1.2,24,"SVP",0.375,0.375,0.375,8,0.0531418371775108
"up",1.2,24,"SVP (BIC)",0.375,0.375,0.375,8,0.0531418371775108
"up",1.2,25,"PELT",0.875,0.875,0.875,8,0.018033788456201
"up",1.2,25,"SVP",0.875,0.875,0.875,8,0.018033788456201
"up",1.2,25,"SVP (BIC)",0.875,0.875,0.875,8,0.018033788456201
"up",1.2,26,"PELT",0.75,0.75,0.75,8,0.0291709929712768
"up",1.2,26,"SVP",0.75,0.75,0.75,8,0.0291709929712768
"up",1.2,26,"SVP (BIC)",0.75,0.75,0.75,8,0.0291709929712768
"up",1.2,27,"PELT",0.875,0.875,0.875,8,0.0193754769193681
"up",1.2,27,"SVP",0.875,0.875,0.875,8,0.0193754769193681
"up",1.2,27,"SVP (BIC)",0.875,0.875,0.875,8,0.0193754769193681
"up",1.2,28,"PELT",0.75,0.75,0.75,8,0.0190467273022145
"up",1.2,28,"SVP",0.75,0.75,0.75,8,0.0190467273022145
"up",1.2,28,"SVP (BIC)",0.75,0.75,0.75,8,0.0190467273022145
"up",1.2,29,"PELT",0.875,0.875,0.875,8,0.0233694717353314
"up",1.2,29,"SVP",0.875,0.875,0.875,8,0.0233694717353314
"up",1.2,29,"SVP (BIC)",0.875,0.875,0.875,8,0.0233694717353314
"up",1.2,30,"PELT",0.625,0.625,0.625,8,0.0255476082320229
"up",1.2,30,"SVP",0.625,0.625,0.625,8,0.0255476082320229
"up",1.2,30,"SVP (BIC)",0.625,0.625,0.625,8,0.0255476082320229
"up",1.2,31,"PELT",0.875,0.875,0.875,8,0.018582400160041
"up",1.2,31,"SVP",0.875,0.875,0.875,8,0.018582400160041
"up",1.2,31,"SVP (BIC)",0.875,0.875,0.875,8,0.018582400160041
"up",1.2,32,"PELT",1,1,1,8,0.0220503981767992
"up",1.2,32,"SVP",1,1,1,8,0.0220503981767992
"up",1.2,32,"SVP (BIC)",1,1,1,8,0.0220503981767992
"up",1.2,33,"PELT",0.5,0.5,0.5,8,0.0273918794289336
"up",1.2,33,"SVP",0.5,0.5,0.5,8,0.0273918794289336
"up",1.2,33,"SVP (BIC)",0.5,0.5,0.5,8,0.0273918794289336
"up",1.2,34,"PELT",0.777777777777778,0.875,0.823529411764706,9,0.0499417854523434
"up",1.2,34,"SVP",0.75,0.75,0.75,8,0.036322920252609
"up",1.2,34,"SVP (BIC)",0.75,0.75,0.75,8,0.036322920252609
"up",1.2,35,"PELT",1,1,1,8,0.00528577376455413
"up",1.2,35,"SVP",1,1,1,8,0.00528577376455413
"up",1.2,35,"SVP (BIC)",1,1,1,8,0.00528577376455413
"up",1.2,36,"PELT",0.625,0.625,0.625,8,0.0231563350488154
"up",1.2,36,"SVP",0.625,0.625,0.625,8,0.0231563350488154
"up",1.2,36,"SVP (BIC)",0.625,0.625,0.625,8,0.0231563350488154
"up",1.2,37,"PELT",0.5,0.5,0.5,8,0.0311552440301518
"up",1.2,37,"SVP",0.5,0.5,0.5,8,0.0311552440301518
"up",1.2,37,"SVP (BIC)",0.5,0.5,0.5,8,0.0311552440301518
"up",1.2,38,"PELT",0.875,0.875,0.875,8,0.0189570789289609
"up",1.2,38,"SVP",0.875,0.875,0.875,8,0.0189570789289609
"up",1.2,38,"SVP (BIC)",0.875,0.875,0.875,8,0.0189570789289609
"up",1.2,39,"PELT",0.375,0.375,0.375,8,0.0333134281181804
"up",1.2,39,"SVP",0.375,0.375,0.375,8,0.0333134281181804
"up",1.2,39,"SVP (BIC)",0.375,0.375,0.375,8,0.0333134281181804
"up",1.2,40,"PELT",1,1,1,8,0.0127992120212828
"up",1.2,40,"SVP",1,1,1,8,0.0127992120212828
"up",1.2,40,"SVP (BIC)",1,1,1,8,0.0127992120212828
"up",1.2,41,"PELT",0.75,0.75,0.75,8,0.0173606586512655
"up",1.2,41,"SVP",0.75,0.75,0.75,8,0.0173606586512655
"up",1.2,41,"SVP (BIC)",0.75,0.75,0.75,8,0.0173606586512655
"up",1.2,42,"PELT",0.625,0.625,0.625,8,0.0268531582536235
"up",1.2,42,"SVP",0.625,0.625,0.625,8,0.0268531582536235
"up",1.2,42,"SVP (BIC)",0.625,0.625,0.625,8,0.0268531582536235
"up",1.2,43,"PELT",0.5,0.5,0.5,8,0.0415000473524541
"up",1.2,43,"SVP",0.5,0.5,0.5,8,0.0415000473524541
"up",1.2,43,"SVP (BIC)",0.5,0.5,0.5,8,0.0415000473524541
"up",1.2,44,"PELT",0.875,0.875,0.875,8,0.0130032588059895
"up",1.2,44,"SVP",0.875,0.875,0.875,8,0.0130032588059895
"up",1.2,44,"SVP (BIC)",0.875,0.875,0.875,8,0.0130032588059895
"up",1.2,45,"PELT",0.666666666666667,0.75,0.705882352941177,9,0.0457192990131794
"up",1.2,45,"SVP",0.75,0.75,0.75,8,0.0287146321841856
"up",1.2,45,"SVP (BIC)",0.75,0.75,0.75,8,0.0287146321841856
"up",1.2,46,"PELT",0.625,0.625,0.625,8,0.0334999045611713
"up",1.2,46,"SVP",0.625,0.625,0.625,8,0.0334999045611713
"up",1.2,46,"SVP (BIC)",0.625,0.625,0.625,8,0.0334999045611713
"up",1.2,47,"PELT",0.5,0.5,0.5,8,0.0340346729497707
"up",1.2,47,"SVP",0.5,0.5,0.5,8,0.0340346729497707
"up",1.2,47,"SVP (BIC)",0.5,0.5,0.5,8,0.0340346729497707
"up",1.2,48,"PELT",1,1,1,8,0.00964137550390523
"up",1.2,48,"SVP",1,1,1,8,0.00964137550390523
"up",1.2,48,"SVP (BIC)",1,1,1,8,0.00964137550390523
"up",1.2,49,"PELT",0.75,0.75,0.75,8,0.0380267102724145
"up",1.2,49,"SVP",0.75,0.75,0.75,8,0.0380267102724145
"up",1.2,49,"SVP (BIC)",0.75,0.75,0.75,8,0.0380267102724145
"up",1.2,50,"PELT",0.375,0.375,0.375,8,0.0667529088271252
"up",1.2,50,"SVP",0.5,0.5,0.5,8,0.0846358715782269
"up",1.2,50,"SVP (BIC)",0.375,0.375,0.375,8,0.0667529088271252
"up",1.2,51,"PELT",0.75,0.75,0.75,8,0.038925635942684
"up",1.2,51,"SVP",0.75,0.75,0.75,8,0.038925635942684
"up",1.2,51,"SVP (BIC)",0.75,0.75,0.75,8,0.038925635942684
"up",1.2,52,"PELT",0.75,0.75,0.75,8,0.0218436512949324
"up",1.2,52,"SVP",0.75,0.75,0.75,8,0.0218436512949324
"up",1.2,52,"SVP (BIC)",0.75,0.75,0.75,8,0.0218436512949324
"up",1.2,53,"PELT",0.5,0.5,0.5,8,0.0408192453309913
"up",1.2,53,"SVP",0.5,0.5,0.5,8,0.0408192453309913
"up",1.2,53,"SVP (BIC)",0.5,0.5,0.5,8,0.0408192453309913
"up",1.2,54,"PELT",0.625,0.625,0.625,8,0.0581330643822259
"up",1.2,54,"SVP",0.625,0.625,0.625,8,0.0581330643822259
"up",1.2,54,"SVP (BIC)",0.625,0.625,0.625,8,0.0581330643822259
"up",1.2,55,"PELT",0.875,0.875,0.875,8,0.0246838528527565
"up",1.2,55,"SVP",0.875,0.875,0.875,8,0.0246838528527565
"up",1.2,55,"SVP (BIC)",0.875,0.875,0.875,8,0.0246838528527565
"up",1.2,56,"PELT",0.875,0.875,0.875,8,0.0178353490054263
"up",1.2,56,"SVP",0.875,0.875,0.875,8,0.0178353490054263
"up",1.2,56,"SVP (BIC)",0.875,0.875,0.875,8,0.0178353490054263
"up",1.2,57,"PELT",0.875,0.875,0.875,8,0.0132234658105297
"up",1.2,57,"SVP",0.875,0.875,0.875,8,0.0132234658105297
"up",1.2,57,"SVP (BIC)",0.875,0.875,0.875,8,0.0132234658105297
"up",1.2,58,"PELT",0.75,0.75,0.75,8,0.0250719567465936
"up",1.2,58,"SVP",0.75,0.75,0.75,8,0.0250719567465936
"up",1.2,58,"SVP (BIC)",0.75,0.75,0.75,8,0.0250719567465936
"up",1.2,59,"PELT",0.75,0.75,0.75,8,0.0285119576203268
"up",1.2,59,"SVP",0.75,0.75,0.75,8,0.0285119576203268
"up",1.2,59,"SVP (BIC)",0.75,0.75,0.75,8,0.0285119576203268
"up",1.2,60,"PELT",0.875,0.875,0.875,8,0.0191534716980302
"up",1.2,60,"SVP",0.875,0.875,0.875,8,0.0191534716980302
"up",1.2,60,"SVP (BIC)",0.875,0.875,0.875,8,0.0191534716980302
"up",1.2,61,"PELT",1,1,1,8,0.0135918396300184
"up",1.2,61,"SVP",1,1,1,8,0.0135918396300184
"up",1.2,61,"SVP (BIC)",1,1,1,8,0.0135918396300184
"up",1.2,62,"PELT",0.75,0.75,0.75,8,0.036801901503517
"up",1.2,62,"SVP",0.75,0.75,0.75,8,0.036801901503517
"up",1.2,62,"SVP (BIC)",0.75,0.75,0.75,8,0.036801901503517
"up",1.2,63,"PELT",0.625,0.625,0.625,8,0.0269130946525167
"up",1.2,63,"SVP",0.625,0.625,0.625,8,0.0269130946525167
"up",1.2,63,"SVP (BIC)",0.625,0.625,0.625,8,0.0269130946525167
"up",1.2,64,"PELT",0.875,0.875,0.875,8,0.0318664932355794
"up",1.2,64,"SVP",0.875,0.875,0.875,8,0.0318664932355794
"up",1.2,64,"SVP (BIC)",0.875,0.875,0.875,8,0.0318664932355794
"up",1.2,65,"PELT",0.625,0.625,0.625,8,0.0288159845215387
"up",1.2,65,"SVP",0.625,0.625,0.625,8,0.0288159845215387
"up",1.2,65,"SVP (BIC)",0.625,0.625,0.625,8,0.0288159845215387
"up",1.2,66,"PELT",0.75,0.75,0.75,8,0.0323601397736672
"up",1.2,66,"SVP",0.75,0.75,0.75,8,0.0323601397736672
"up",1.2,66,"SVP (BIC)",0.75,0.75,0.75,8,0.0323601397736672
"up",1.2,67,"PELT",0.75,0.75,0.75,8,0.0165809638179487
"up",1.2,67,"SVP",0.75,0.75,0.75,8,0.0165809638179487
"up",1.2,67,"SVP (BIC)",0.75,0.75,0.75,8,0.0165809638179487
"up",1.2,68,"PELT",0.5,0.5,0.5,8,0.026753680010058
"up",1.2,68,"SVP",0.5,0.5,0.5,8,0.026753680010058
"up",1.2,68,"SVP (BIC)",0.5,0.5,0.5,8,0.026753680010058
"up",1.2,69,"PELT",0.875,0.875,0.875,8,0.0221149853107807
"up",1.2,69,"SVP",0.875,0.875,0.875,8,0.0221149853107807
"up",1.2,69,"SVP (BIC)",0.875,0.875,0.875,8,0.0221149853107807
"up",1.2,70,"PELT",1,1,1,8,0.0144898440770576
"up",1.2,70,"SVP",1,1,1,8,0.0144898440770576
"up",1.2,70,"SVP (BIC)",1,1,1,8,0.0144898440770576
"up",1.2,71,"PELT",0.75,0.75,0.75,8,0.0237879007891251
"up",1.2,71,"SVP",0.75,0.75,0.75,8,0.0237879007891251
"up",1.2,71,"SVP (BIC)",0.75,0.75,0.75,8,0.0237879007891251
"up",1.2,72,"PELT",1,1,1,8,0.00964486222055531
"up",1.2,72,"SVP",1,1,1,8,0.00964486222055531
"up",1.2,72,"SVP (BIC)",1,1,1,8,0.00964486222055531
"up",1.2,73,"PELT",0.5,0.5,0.5,8,0.0492634912476001
"up",1.2,73,"SVP",0.5,0.5,0.5,8,0.0492634912476001
"up",1.2,73,"SVP (BIC)",0.5,0.5,0.5,8,0.0492634912476001
"up",1.2,74,"PELT",0.625,0.625,0.625,8,0.0278413406843779
"up",1.2,74,"SVP",0.625,0.625,0.625,8,0.0278413406843779
"up",1.2,74,"SVP (BIC)",0.625,0.625,0.625,8,0.0278413406843779
"up",1.2,75,"PELT",0.5,0.5,0.5,8,0.0382082701441972
"up",1.2,75,"SVP",0.5,0.5,0.5,8,0.0382082701441972
"up",1.2,75,"SVP (BIC)",0.5,0.5,0.5,8,0.0382082701441972
"up",1.2,76,"PELT",1,1,1,8,0.0207365922237547
"up",1.2,76,"SVP",1,1,1,8,0.0207365922237547
"up",1.2,76,"SVP (BIC)",1,1,1,8,0.0207365922237547
"up",1.2,77,"PELT",0.875,0.875,0.875,8,0.0187786547873013
"up",1.2,77,"SVP",0.875,0.875,0.875,8,0.0187786547873013
"up",1.2,77,"SVP (BIC)",0.875,0.875,0.875,8,0.0187786547873013
"up",1.2,78,"PELT",0.666666666666667,0.75,0.705882352941177,9,0.0472460064983907
"up",1.2,78,"SVP",0.75,0.75,0.75,8,0.0313660878644006
"up",1.2,78,"SVP (BIC)",0.75,0.75,0.75,8,0.0313660878644006
"up",1.2,79,"PELT",1,1,1,8,0.0160877108065236
"up",1.2,79,"SVP",1,1,1,8,0.0160877108065236
"up",1.2,79,"SVP (BIC)",1,1,1,8,0.0160877108065236
"up",1.2,80,"PELT",0.875,0.875,0.875,8,0.0194425111676752
"up",1.2,80,"SVP",0.875,0.875,0.875,8,0.0194425111676752
"up",1.2,80,"SVP (BIC)",0.875,0.875,0.875,8,0.0194425111676752
"up",1.2,81,"PELT",0.625,0.625,0.625,8,0.0251616817806282
"up",1.2,81,"SVP",0.625,0.625,0.625,8,0.0251616817806282
"up",1.2,81,"SVP (BIC)",0.625,0.625,0.625,8,0.0251616817806282
"up",1.2,82,"PELT",0.75,0.75,0.75,8,0.0139260204795102
"up",1.2,82,"SVP",0.75,0.75,0.75,8,0.0139260204795102
"up",1.2,82,"SVP (BIC)",0.75,0.75,0.75,8,0.0139260204795102
"up",1.2,83,"PELT",0.666666666666667,0.75,0.705882352941177,9,0.0434156844757344
"up",1.2,83,"SVP",0.75,0.75,0.75,8,0.0254629315951262
"up",1.2,83,"SVP (BIC)",0.75,0.75,0.75,8,0.0254629315951262
"up",1.2,84,"PELT",0.75,0.75,0.75,8,0.0209223919752677
"up",1.2,84,"SVP",0.75,0.75,0.75,8,0.0209223919752677
"up",1.2,84,"SVP (BIC)",0.75,0.75,0.75,8,0.0209223919752677
"up",1.2,85,"PELT",0.75,0.75,0.75,8,0.0230345253308047
"up",1.2,85,"SVP",0.75,0.75,0.75,8,0.0230345253308047
"up",1.2,85,"SVP (BIC)",0.75,0.75,0.75,8,0.0230345253308047
"up",1.2,86,"PELT",0.75,0.75,0.75,8,0.0305822829536589
"up",1.2,86,"SVP",0.75,0.75,0.75,8,0.0305822829536589
"up",1.2,86,"SVP (BIC)",0.75,0.75,0.75,8,0.0305822829536589
"up",1.2,87,"PELT",0.875,0.875,0.875,8,0.0179814170708642
"up",1.2,87,"SVP",0.875,0.875,0.875,8,0.0179814170708642
"up",1.2,87,"SVP (BIC)",0.875,0.875,0.875,8,0.0179814170708642
"up",1.2,88,"PELT",0.75,0.75,0.75,8,0.0241478372131313
"up",1.2,88,"SVP",0.75,0.75,0.75,8,0.0241478372131313
"up",1.2,88,"SVP (BIC)",0.75,0.75,0.75,8,0.0241478372131313
"up",1.2,89,"PELT",0.625,0.625,0.625,8,0.028729893242766
"up",1.2,89,"SVP",0.625,0.625,0.625,8,0.028729893242766
"up",1.2,89,"SVP (BIC)",0.625,0.625,0.625,8,0.028729893242766
"up",1.2,90,"PELT",1,1,1,8,0.0221489043280108
"up",1.2,90,"SVP",1,1,1,8,0.0221489043280108
"up",1.2,90,"SVP (BIC)",1,1,1,8,0.0221489043280108
"up",1.2,91,"PELT",0.75,0.75,0.75,8,0.0378195875275257
"up",1.2,91,"SVP",0.75,0.75,0.75,8,0.0378195875275257
"up",1.2,91,"SVP (BIC)",0.75,0.75,0.75,8,0.0378195875275257
"up",1.2,92,"PELT",1,1,1,8,0.0113180485965834
"up",1.2,92,"SVP",1,1,1,8,0.0113180485965834
"up",1.2,92,"SVP (BIC)",1,1,1,8,0.0113180485965834
"up",1.2,93,"PELT",0.875,0.875,0.875,8,0.0118505444904637
"up",1.2,93,"SVP",0.875,0.875,0.875,8,0.0118505444904637
"up",1.2,93,"SVP (BIC)",0.875,0.875,0.875,8,0.0118505444904637
"up",1.2,94,"PELT",1,1,1,8,0.0206588255817729
"up",1.2,94,"SVP",1,1,1,8,0.0206588255817729
"up",1.2,94,"SVP (BIC)",1,1,1,8,0.0206588255817729
"up",1.2,95,"PELT",0.875,0.875,0.875,8,0.0294169269135948
"up",1.2,95,"SVP",0.875,0.875,0.875,8,0.0294169269135948
"up",1.2,95,"SVP (BIC)",0.875,0.875,0.875,8,0.0294169269135948
"up",1.2,96,"PELT",0.875,0.875,0.875,8,0.0190572486836186
"up",1.2,96,"SVP",0.875,0.875,0.875,8,0.0190572486836186
"up",1.2,96,"SVP (BIC)",0.875,0.875,0.875,8,0.0190572486836186
"up",1.2,97,"PELT",0.75,0.75,0.75,8,0.018385461192348
"up",1.2,97,"SVP",0.75,0.75,0.75,8,0.018385461192348
"up",1.2,97,"SVP (BIC)",0.75,0.75,0.75,8,0.018385461192348
"up",1.2,98,"PELT",0.5,0.5,0.5,8,0.0839262460987974
"up",1.2,98,"SVP",0.5,0.5,0.5,8,0.0839262460987974
"up",1.2,98,"SVP (BIC)",0.5,0.5,0.5,8,0.0839262460987974
"up",1.2,99,"PELT",0.5,0.5,0.5,8,0.0296731385628668
"up",1.2,99,"SVP",0.5,0.5,0.5,8,0.0296731385628668
"up",1.2,99,"SVP (BIC)",0.5,0.5,0.5,8,0.0296731385628668
"up",1.2,100,"PELT",0.75,0.75,0.75,8,0.0181180066068748
"up",1.2,100,"SVP",0.75,0.75,0.75,8,0.0181180066068748
"up",1.2,100,"SVP (BIC)",0.75,0.75,0.75,8,0.0181180066068748
"updown",1.2,1,"PELT",0.625,0.625,0.625,8,0.0486923360881157
"updown",1.2,1,"SVP",0.625,0.625,0.625,8,0.0486923360881157
"updown",1.2,1,"SVP (BIC)",0.625,0.625,0.625,8,0.0486923360881157
"updown",1.2,2,"PELT",0.75,0.75,0.75,8,0.0307893081317338
"updown",1.2,2,"SVP",0.75,0.75,0.75,8,0.0307893081317338
"updown",1.2,2,"SVP (BIC)",0.75,0.75,0.75,8,0.0307893081317338
"updown",1.2,3,"PELT",0.875,0.875,0.875,8,0.0254898025694349
"updown",1.2,3,"SVP",0.875,0.875,0.875,8,0.0254898025694349
"updown",1.2,3,"SVP (BIC)",0.875,0.875,0.875,8,0.0254898025694349
"updown",1.2,4,"PELT",0.75,0.75,0.75,8,0.0225585493833264
"updown",1.2,4,"SVP",0.75,0.75,0.75,8,0.0225585493833264
"updown",1.2,4,"SVP (BIC)",0.75,0.75,0.75,8,0.0225585493833264
"updown",1.2,5,"PELT",1,1,1,8,0.0125780846958923
"updown",1.2,5,"SVP",1,1,1,8,0.0125780846958923
"updown",1.2,5,"SVP (BIC)",1,1,1,8,0.0125780846958923
"updown",1.2,6,"PELT",0.75,0.75,0.75,8,0.0403637665821255
"updown",1.2,6,"SVP",0.75,0.75,0.75,8,0.0403637665821255
"updown",1.2,6,"SVP (BIC)",0.75,0.75,0.75,8,0.0403637665821255
"updown",1.2,7,"PELT",0.6,0.75,0.666666666666667,10,0.0685506663526229
"updown",1.2,7,"SVP",0.75,0.75,0.75,8,0.0363956759126342
"updown",1.2,7,"SVP (BIC)",0.75,0.75,0.75,8,0.046993224398882
"updown",1.2,8,"PELT",0.625,0.625,0.625,8,0.0407605445013131
"updown",1.2,8,"SVP",0.625,0.625,0.625,8,0.0407605445013131
"updown",1.2,8,"SVP (BIC)",0.625,0.625,0.625,8,0.0407605445013131
"updown",1.2,9,"PELT",0.875,0.875,0.875,8,0.0298542289929696
"updown",1.2,9,"SVP",0.875,0.875,0.875,8,0.0298542289929696
"updown",1.2,9,"SVP (BIC)",0.875,0.875,0.875,8,0.0298542289929696
"updown",1.2,10,"PELT",0.625,0.625,0.625,8,0.0201058085284797
"updown",1.2,10,"SVP",0.5,0.5,0.5,8,0.0227562824538309
"updown",1.2,10,"SVP (BIC)",0.625,0.625,0.625,8,0.0201058085284797
"updown",1.2,11,"PELT",0.875,0.875,0.875,8,0.0184779556357139
"updown",1.2,11,"SVP",0.875,0.875,0.875,8,0.0184779556357139
"updown",1.2,11,"SVP (BIC)",0.875,0.875,0.875,8,0.0184779556357139
"updown",1.2,12,"PELT",0.625,0.625,0.625,8,0.0333082596073996
"updown",1.2,12,"SVP",0.625,0.625,0.625,8,0.0333082596073996
"updown",1.2,12,"SVP (BIC)",0.625,0.625,0.625,8,0.0333082596073996
"updown",1.2,13,"PELT",0.75,0.75,0.75,8,0.0320745637407525
"updown",1.2,13,"SVP",0.75,0.75,0.75,8,0.0320745637407525
"updown",1.2,13,"SVP (BIC)",0.75,0.75,0.75,8,0.0320745637407525
"updown",1.2,14,"PELT",0.875,0.875,0.875,8,0.0222681780454289
"updown",1.2,14,"SVP",0.875,0.875,0.875,8,0.0222681780454289
"updown",1.2,14,"SVP (BIC)",0.875,0.875,0.875,8,0.0222681780454289
"updown",1.2,15,"PELT",0.75,0.75,0.75,8,0.0649853908995001
"updown",1.2,15,"SVP",0.75,0.75,0.75,8,0.0649853908995001
"updown",1.2,15,"SVP (BIC)",0.75,0.75,0.75,8,0.0649853908995001
"updown",1.2,16,"PELT",0.75,0.75,0.75,8,0.0349391306886951
"updown",1.2,16,"SVP",0.75,0.75,0.75,8,0.0349391306886951
"updown",1.2,16,"SVP (BIC)",0.75,0.75,0.75,8,0.0349391306886951
"updown",1.2,17,"PELT",0.75,0.75,0.75,8,0.0208927570636613
"updown",1.2,17,"SVP",0.75,0.75,0.75,8,0.0208927570636613
"updown",1.2,17,"SVP (BIC)",0.75,0.75,0.75,8,0.0208927570636613
"updown",1.2,18,"PELT",0.5,0.5,0.5,8,0.0582892315332685
"updown",1.2,18,"SVP",0.5,0.5,0.5,8,0.0582892315332685
"updown",1.2,18,"SVP (BIC)",0.5,0.5,0.5,8,0.0582892315332685
"updown",1.2,19,"PELT",0.7,0.875,0.777777777777778,10,0.0571874047741731
"updown",1.2,19,"SVP",0.625,0.625,0.625,8,0.0482284266800324
"updown",1.2,19,"SVP (BIC)",0.75,0.75,0.75,8,0.0261108936765482
"updown",1.2,20,"PELT",0.625,0.625,0.625,8,0.0307522414915581
"updown",1.2,20,"SVP",0.625,0.625,0.625,8,0.0307522414915581
"updown",1.2,20,"SVP (BIC)",0.625,0.625,0.625,8,0.0307522414915581
"updown",1.2,21,"PELT",0.75,0.75,0.75,8,0.0309621126417401
"updown",1.2,21,"SVP",0.75,0.75,0.75,8,0.0309621126417401
"updown",1.2,21,"SVP (BIC)",0.75,0.75,0.75,8,0.0309621126417401
"updown",1.2,22,"PELT",0.875,0.875,0.875,8,0.0244841779828407
"updown",1.2,22,"SVP",0.875,0.875,0.875,8,0.0244841779828407
"updown",1.2,22,"SVP (BIC)",0.571428571428571,0.5,0.533333333333333,7,0.140903204343402
"updown",1.2,23,"PELT",0.75,0.75,0.75,8,0.0254235208458018
"updown",1.2,23,"SVP",0.75,0.75,0.75,8,0.0254235208458018
"updown",1.2,23,"SVP (BIC)",0.75,0.75,0.75,8,0.0254235208458018
"updown",1.2,24,"PELT",0.875,0.875,0.875,8,0.0186528325816445
"updown",1.2,24,"SVP",0.875,0.875,0.875,8,0.0186528325816445
"updown",1.2,24,"SVP (BIC)",0.875,0.875,0.875,8,0.0186528325816445
"updown",1.2,25,"PELT",0.75,0.75,0.75,8,0.0256756186712645
"updown",1.2,25,"SVP",0.75,0.75,0.75,8,0.0256756186712645
"updown",1.2,25,"SVP (BIC)",0.75,0.75,0.75,8,0.0256756186712645
"updown",1.2,26,"PELT",0.625,0.625,0.625,8,0.0350683286902204
"updown",1.2,26,"SVP",0.625,0.625,0.625,8,0.0350683286902204
"updown",1.2,26,"SVP (BIC)",0.625,0.625,0.625,8,0.0350683286902204
"updown",1.2,27,"PELT",0.875,0.875,0.875,8,0.0214924858507685
"updown",1.2,27,"SVP",0.875,0.875,0.875,8,0.0214924858507685
"updown",1.2,27,"SVP (BIC)",0.875,0.875,0.875,8,0.0214924858507685
"updown",1.2,28,"PELT",0.875,0.875,0.875,8,0.0145786379649552
"updown",1.2,28,"SVP",0.875,0.875,0.875,8,0.0145786379649552
"updown",1.2,28,"SVP (BIC)",0.875,0.875,0.875,8,0.0145786379649552
"updown",1.2,29,"PELT",0.625,0.625,0.625,8,0.0386230077106825
"updown",1.2,29,"SVP",0.625,0.625,0.625,8,0.0386230077106825
"updown",1.2,29,"SVP (BIC)",0.625,0.625,0.625,8,0.0386230077106825
"updown",1.2,30,"PELT",0.875,0.875,0.875,8,0.0191843293251284
"updown",1.2,30,"SVP",0.875,0.875,0.875,8,0.0191843293251284
"updown",1.2,30,"SVP (BIC)",0.875,0.875,0.875,8,0.0191843293251284
"updown",1.2,31,"PELT",0.875,0.875,0.875,8,0.0167037792100528
"updown",1.2,31,"SVP",0.875,0.875,0.875,8,0.0167037792100528
"updown",1.2,31,"SVP (BIC)",0.875,0.875,0.875,8,0.0167037792100528
"updown",1.2,32,"PELT",0.625,0.625,0.625,8,0.0362156115277338
"updown",1.2,32,"SVP",0.625,0.625,0.625,8,0.0362156115277338
"updown",1.2,32,"SVP (BIC)",0.625,0.625,0.625,8,0.0362156115277338
"updown",1.2,33,"PELT",0.875,0.875,0.875,8,0.0279825208358343
"updown",1.2,33,"SVP",0.875,0.875,0.875,8,0.0279825208358343
"updown",1.2,33,"SVP (BIC)",0.875,0.875,0.875,8,0.0279825208358343
"updown",1.2,34,"PELT",0.875,0.875,0.875,8,0.0222118208967192
"updown",1.2,34,"SVP",0.875,0.875,0.875,8,0.0222118208967192
"updown",1.2,34,"SVP (BIC)",0.875,0.875,0.875,8,0.0222118208967192
"updown",1.2,35,"PELT",1,1,1,8,0.00761568778236661
"updown",1.2,35,"SVP",1,1,1,8,0.00761568778236661
"updown",1.2,35,"SVP (BIC)",1,1,1,8,0.00761568778236661
"updown",1.2,36,"PELT",0.875,0.875,0.875,8,0.0267252752075944
"updown",1.2,36,"SVP",0.875,0.875,0.875,8,0.0267252752075944
"updown",1.2,36,"SVP (BIC)",0.875,0.875,0.875,8,0.0267252752075944
"updown",1.2,37,"PELT",1,1,1,8,0.0133917792229542
"updown",1.2,37,"SVP",1,1,1,8,0.0133917792229542
"updown",1.2,37,"SVP (BIC)",1,1,1,8,0.0133917792229542
"updown",1.2,38,"PELT",0.75,0.75,0.75,8,0.0382887810328447
"updown",1.2,38,"SVP",0.75,0.75,0.75,8,0.0382887810328447
"updown",1.2,38,"SVP (BIC)",0.75,0.75,0.75,8,0.0382887810328447
"updown",1.2,39,"PELT",0.75,0.75,0.75,8,0.0296292062600496
"updown",1.2,39,"SVP",0.75,0.75,0.75,8,0.0296292062600496
"updown",1.2,39,"SVP (BIC)",0.75,0.75,0.75,8,0.0296292062600496
"updown",1.2,40,"PELT",0.75,0.75,0.75,8,0.0316089634627475
"updown",1.2,40,"SVP",0.75,0.75,0.75,8,0.0316089634627475
"updown",1.2,40,"SVP (BIC)",0.75,0.75,0.75,8,0.0316089634627475
"updown",1.2,41,"PELT",0.875,0.875,0.875,8,0.0404474116093437
"updown",1.2,41,"SVP",0.875,0.875,0.875,8,0.0404474116093437
"updown",1.2,41,"SVP (BIC)",0.875,0.875,0.875,8,0.0404474116093437
"updown",1.2,42,"PELT",0.5,0.5,0.5,8,0.0602200016383231
"updown",1.2,42,"SVP",0.5,0.5,0.5,8,0.0602200016383231
"updown",1.2,42,"SVP (BIC)",0.5,0.5,0.5,8,0.0602200016383231
"updown",1.2,43,"PELT",0.875,0.875,0.875,8,0.0442973775217396
"updown",1.2,43,"SVP",0.875,0.875,0.875,8,0.0442973775217396
"updown",1.2,43,"SVP (BIC)",0.875,0.875,0.875,8,0.0442973775217396
"updown",1.2,44,"PELT",0.875,0.875,0.875,8,0.0330501864659705
"updown",1.2,44,"SVP",0.875,0.875,0.875,8,0.0330501864659705
"updown",1.2,44,"SVP (BIC)",0.875,0.875,0.875,8,0.0330501864659705
"updown",1.2,45,"PELT",0.875,0.875,0.875,8,0.0207183416537302
"updown",1.2,45,"SVP",0.875,0.875,0.875,8,0.0207183416537302
"updown",1.2,45,"SVP (BIC)",0.875,0.875,0.875,8,0.0207183416537302
"updown",1.2,46,"PELT",0.375,0.375,0.375,8,0.0355586564374535
"updown",1.2,46,"SVP",0.375,0.375,0.375,8,0.0355586564374535
"updown",1.2,46,"SVP (BIC)",0.375,0.375,0.375,8,0.0355586564374535
"updown",1.2,47,"PELT",0.625,0.625,0.625,8,0.0360599786774787
"updown",1.2,47,"SVP",0.625,0.625,0.625,8,0.0360599786774787
"updown",1.2,47,"SVP (BIC)",0.625,0.625,0.625,8,0.0360599786774787
"updown",1.2,48,"PELT",0.875,0.875,0.875,8,0.0132728912142463
"updown",1.2,48,"SVP",0.875,0.875,0.875,8,0.0132728912142463
"updown",1.2,48,"SVP (BIC)",0.875,0.875,0.875,8,0.0132728912142463
"updown",1.2,49,"PELT",0.8,1,0.888888888888889,10,0.0505225308394404
"updown",1.2,49,"SVP",0.888888888888889,1,0.941176470588235,9,0.0243140358990141
"updown",1.2,49,"SVP (BIC)",1,1,1,8,0.0231054847692224
"updown",1.2,50,"PELT",0.5,0.5,0.5,8,0.0631877535774585
"updown",1.2,50,"SVP",0.625,0.625,0.625,8,0.0338546814152899
"updown",1.2,50,"SVP (BIC)",0.5,0.5,0.5,8,0.0631877535774585
"updown",1.2,51,"PELT",0.875,0.875,0.875,8,0.0220047134221292
"updown",1.2,51,"SVP",0.875,0.875,0.875,8,0.0220047134221292
"updown",1.2,51,"SVP (BIC)",0.875,0.875,0.875,8,0.0220047134221292
"updown",1.2,52,"PELT",0.5,0.5,0.5,8,0.0255251082805963
"updown",1.2,52,"SVP",0.5,0.5,0.5,8,0.0255251082805963
"updown",1.2,52,"SVP (BIC)",0.5,0.5,0.5,8,0.0255251082805963
"updown",1.2,53,"PELT",0.875,0.875,0.875,8,0.0147342328866526
"updown",1.2,53,"SVP",0.875,0.875,0.875,8,0.0147342328866526
"updown",1.2,53,"SVP (BIC)",0.875,0.875,0.875,8,0.0147342328866526
"updown",1.2,54,"PELT",0.75,0.75,0.75,8,0.034762817625869
"updown",1.2,54,"SVP",0.75,0.75,0.75,8,0.034762817625869
"updown",1.2,54,"SVP (BIC)",0.75,0.75,0.75,8,0.034762817625869
"updown",1.2,55,"PELT",0.75,0.75,0.75,8,0.0248541924663901
"updown",1.2,55,"SVP",0.75,0.75,0.75,8,0.0248541924663901
"updown",1.2,55,"SVP (BIC)",0.75,0.75,0.75,8,0.0248541924663901
"updown",1.2,56,"PELT",0.75,0.75,0.75,8,0.0291059904147934
"updown",1.2,56,"SVP",0.75,0.75,0.75,8,0.0291059904147934
"updown",1.2,56,"SVP (BIC)",0.75,0.75,0.75,8,0.0291059904147934
"updown",1.2,57,"PELT",1,1,1,8,0.0146756974812312
"updown",1.2,57,"SVP",1,1,1,8,0.0146756974812312
"updown",1.2,57,"SVP (BIC)",1,1,1,8,0.0146756974812312
"updown",1.2,58,"PELT",0.5,0.5,0.5,8,0.0541741444196012
"updown",1.2,58,"SVP",0.5,0.5,0.5,8,0.0541741444196012
"updown",1.2,58,"SVP (BIC)",0.5,0.5,0.5,8,0.0541741444196012
"updown",1.2,59,"PELT",0.875,0.875,0.875,8,0.0166541642197176
"updown",1.2,59,"SVP",0.875,0.875,0.875,8,0.0166541642197176
"updown",1.2,59,"SVP (BIC)",0.875,0.875,0.875,8,0.0166541642197176
"updown",1.2,60,"PELT",0.75,0.75,0.75,8,0.0438490347559831
"updown",1.2,60,"SVP",0.75,0.75,0.75,8,0.0438490347559831
"updown",1.2,60,"SVP (BIC)",0.75,0.75,0.75,8,0.0438490347559831
"updown",1.2,61,"PELT",0.625,0.625,0.625,8,0.0492041726648296
"updown",1.2,61,"SVP",0.625,0.625,0.625,8,0.0492041726648296
"updown",1.2,61,"SVP (BIC)",0.625,0.625,0.625,8,0.0492041726648296
"updown",1.2,62,"PELT",0.75,0.75,0.75,8,0.0180479965835458
"updown",1.2,62,"SVP",0.75,0.75,0.75,8,0.0180479965835458
"updown",1.2,62,"SVP (BIC)",0.75,0.75,0.75,8,0.0180479965835458
"updown",1.2,63,"PELT",0.75,0.75,0.75,8,0.0387691164110632
"updown",1.2,63,"SVP",0.75,0.75,0.75,8,0.0387691164110632
"updown",1.2,63,"SVP (BIC)",0.75,0.75,0.75,8,0.0387691164110632
"updown",1.2,64,"PELT",0.75,0.75,0.75,8,0.035585657597997
"updown",1.2,64,"SVP",0.75,0.75,0.75,8,0.035585657597997
"updown",1.2,64,"SVP (BIC)",0.75,0.75,0.75,8,0.035585657597997
"updown",1.2,65,"PELT",0.75,0.75,0.75,8,0.0236124117320962
"updown",1.2,65,"SVP",0.75,0.75,0.75,8,0.0236124117320962
"updown",1.2,65,"SVP (BIC)",0.75,0.75,0.75,8,0.0236124117320962
"updown",1.2,66,"PELT",0.625,0.625,0.625,8,0.0269840180627176
"updown",1.2,66,"SVP",0.625,0.625,0.625,8,0.0269840180627176
"updown",1.2,66,"SVP (BIC)",0.625,0.625,0.625,8,0.0269840180627176
"updown",1.2,67,"PELT",0.75,0.75,0.75,8,0.0245310285602102
"updown",1.2,67,"SVP",0.75,0.75,0.75,8,0.0245310285602102
"updown",1.2,67,"SVP (BIC)",0.75,0.75,0.75,8,0.0245310285602102
"updown",1.2,68,"PELT",0.75,0.75,0.75,8,0.0311350472793203
"updown",1.2,68,"SVP",0.75,0.75,0.75,8,0.0311350472793203
"updown",1.2,68,"SVP (BIC)",0.75,0.75,0.75,8,0.0311350472793203
"updown",1.2,69,"PELT",0.875,0.875,0.875,8,0.0155593897133171
"updown",1.2,69,"SVP",0.875,0.875,0.875,8,0.0155593897133171
"updown",1.2,69,"SVP (BIC)",0.875,0.875,0.875,8,0.0155593897133171
"updown",1.2,70,"PELT",0.75,0.75,0.75,8,0.0230624134993293
"updown",1.2,70,"SVP",0.75,0.75,0.75,8,0.0230624134993293
"updown",1.2,70,"SVP (BIC)",0.75,0.75,0.75,8,0.0230624134993293
"updown",1.2,71,"PELT",0.75,0.75,0.75,8,0.0267053567543823
"updown",1.2,71,"SVP",0.75,0.75,0.75,8,0.0267053567543823
"updown",1.2,71,"SVP (BIC)",0.75,0.75,0.75,8,0.0267053567543823
"updown",1.2,72,"PELT",0.875,0.875,0.875,8,0.0207371811972595
"updown",1.2,72,"SVP",0.875,0.875,0.875,8,0.0207371811972595
"updown",1.2,72,"SVP (BIC)",0.875,0.875,0.875,8,0.0207371811972595
"updown",1.2,73,"PELT",0.875,0.875,0.875,8,0.0329093864584402
"updown",1.2,73,"SVP",0.875,0.875,0.875,8,0.0329093864584402
"updown",1.2,73,"SVP (BIC)",0.875,0.875,0.875,8,0.0329093864584402
"updown",1.2,74,"PELT",0.875,0.875,0.875,8,0.0358105199809989
"updown",1.2,74,"SVP",0.875,0.875,0.875,8,0.0358105199809989
"updown",1.2,74,"SVP (BIC)",0.875,0.875,0.875,8,0.0358105199809989
"updown",1.2,75,"PELT",0.875,0.875,0.875,8,0.0133890954282871
"updown",1.2,75,"SVP",0.875,0.875,0.875,8,0.0133890954282871
"updown",1.2,75,"SVP (BIC)",0.875,0.875,0.875,8,0.0133890954282871
"updown",1.2,76,"PELT",0.75,0.75,0.75,8,0.0497665472971456
"updown",1.2,76,"SVP",0.75,0.75,0.75,8,0.0497665472971456
"updown",1.2,76,"SVP (BIC)",0.75,0.75,0.75,8,0.0497665472971456
"updown",1.2,77,"PELT",0.625,0.625,0.625,8,0.0264040064960487
"updown",1.2,77,"SVP",0.625,0.625,0.625,8,0.0264040064960487
"updown",1.2,77,"SVP (BIC)",0.625,0.625,0.625,8,0.0264040064960487
"updown",1.2,78,"PELT",0.875,0.875,0.875,8,0.0147676764810912
"updown",1.2,78,"SVP",0.875,0.875,0.875,8,0.0147676764810912
"updown",1.2,78,"SVP (BIC)",0.875,0.875,0.875,8,0.0147676764810912
"updown",1.2,79,"PELT",0.75,0.75,0.75,8,0.0313433756845213
"updown",1.2,79,"SVP",0.75,0.75,0.75,8,0.0313433756845213
"updown",1.2,79,"SVP (BIC)",0.75,0.75,0.75,8,0.0313433756845213
"updown",1.2,80,"PELT",0.875,0.875,0.875,8,0.0252399434641926
"updown",1.2,80,"SVP",0.875,0.875,0.875,8,0.0252399434641926
"updown",1.2,80,"SVP (BIC)",0.875,0.875,0.875,8,0.0252399434641926
"updown",1.2,81,"PELT",0.75,0.75,0.75,8,0.0259901640020037
"updown",1.2,81,"SVP",0.75,0.75,0.75,8,0.0259901640020037
"updown",1.2,81,"SVP (BIC)",0.75,0.75,0.75,8,0.0259901640020037
"updown",1.2,82,"PELT",0.75,0.75,0.75,8,0.0369485525164894
"updown",1.2,82,"SVP",0.75,0.75,0.75,8,0.0369485525164894
"updown",1.2,82,"SVP (BIC)",0.75,0.75,0.75,8,0.0369485525164894
"updown",1.2,83,"PELT",0.625,0.625,0.625,8,0.0354214046561251
"updown",1.2,83,"SVP",0.625,0.625,0.625,8,0.0354214046561251
"updown",1.2,83,"SVP (BIC)",0.625,0.625,0.625,8,0.0354214046561251
"updown",1.2,84,"PELT",0.875,0.875,0.875,8,0.0393452365534504
"updown",1.2,84,"SVP",0.875,0.875,0.875,8,0.0393452365534504
"updown",1.2,84,"SVP (BIC)",0.875,0.875,0.875,8,0.0393452365534504
"updown",1.2,85,"PELT",0.5,0.5,0.5,8,0.0301318341052567
"updown",1.2,85,"SVP",0.5,0.5,0.5,8,0.0301318341052567
"updown",1.2,85,"SVP (BIC)",0.5,0.5,0.5,8,0.0301318341052567
"updown",1.2,86,"PELT",0.75,0.75,0.75,8,0.0282701816851522
"updown",1.2,86,"SVP",0.75,0.75,0.75,8,0.0282701816851522
"updown",1.2,86,"SVP (BIC)",0.75,0.75,0.75,8,0.0282701816851522
"updown",1.2,87,"PELT",0.875,0.875,0.875,8,0.0237351294788611
"updown",1.2,87,"SVP",0.875,0.875,0.875,8,0.0237351294788611
"updown",1.2,87,"SVP (BIC)",0.875,0.875,0.875,8,0.0237351294788611
"updown",1.2,88,"PELT",0.75,0.75,0.75,8,0.0247000677613439
"updown",1.2,88,"SVP",0.75,0.75,0.75,8,0.0247000677613439
"updown",1.2,88,"SVP (BIC)",0.75,0.75,0.75,8,0.0247000677613439
"updown",1.2,89,"PELT",1,1,1,8,0.0145976574147365
"updown",1.2,89,"SVP",1,1,1,8,0.0145976574147365
"updown",1.2,89,"SVP (BIC)",1,1,1,8,0.0145976574147365
"updown",1.2,90,"PELT",0.75,0.75,0.75,8,0.0287155527411787
"updown",1.2,90,"SVP",0.75,0.75,0.75,8,0.0287155527411787
"updown",1.2,90,"SVP (BIC)",0.75,0.75,0.75,8,0.0287155527411787
"updown",1.2,91,"PELT",0.555555555555556,0.625,0.588235294117647,9,0.0616711118112413
"updown",1.2,91,"SVP",0.555555555555556,0.625,0.588235294117647,9,0.0616711118112413
"updown",1.2,91,"SVP (BIC)",0.625,0.625,0.625,8,0.0291622650172159
"updown",1.2,92,"PELT",0.75,0.75,0.75,8,0.022223757842726
"updown",1.2,92,"SVP",0.75,0.75,0.75,8,0.022223757842726
"updown",1.2,92,"SVP (BIC)",0.75,0.75,0.75,8,0.022223757842726
"updown",1.2,93,"PELT",0.875,0.875,0.875,8,0.0275414922812372
"updown",1.2,93,"SVP",0.875,0.875,0.875,8,0.0275414922812372
"updown",1.2,93,"SVP (BIC)",0.875,0.875,0.875,8,0.0275414922812372
"updown",1.2,94,"PELT",0.625,0.625,0.625,8,0.056017281785851
"updown",1.2,94,"SVP",0.625,0.625,0.625,8,0.056017281785851
"updown",1.2,94,"SVP (BIC)",0.625,0.625,0.625,8,0.056017281785851
"updown",1.2,95,"PELT",0.875,0.875,0.875,8,0.029520266022714
"updown",1.2,95,"SVP",0.875,0.875,0.875,8,0.029520266022714
"updown",1.2,95,"SVP (BIC)",0.875,0.875,0.875,8,0.029520266022714
"updown",1.2,96,"PELT",0.75,0.75,0.75,8,0.0216534089944637
"updown",1.2,96,"SVP",0.75,0.75,0.75,8,0.0216534089944637
"updown",1.2,96,"SVP (BIC)",0.75,0.75,0.75,8,0.0216534089944637
"updown",1.2,97,"PELT",0.625,0.625,0.625,8,0.0211011720897378
"updown",1.2,97,"SVP",0.625,0.625,0.625,8,0.0211011720897378
"updown",1.2,97,"SVP (BIC)",0.625,0.625,0.625,8,0.0211011720897378
"updown",1.2,98,"PELT",0.5,0.5,0.5,8,0.0382404523098014
"updown",1.2,98,"SVP",0.5,0.5,0.5,8,0.0382404523098014
"updown",1.2,98,"SVP (BIC)",0.5,0.5,0.5,8,0.0382404523098014
"updown",1.2,99,"PELT",0.625,0.625,0.625,8,0.0272910437030302
"updown",1.2,99,"SVP",0.625,0.625,0.625,8,0.0272910437030302
"updown",1.2,99,"SVP (BIC)",0.625,0.625,0.625,8,0.0272910437030302
"updown",1.2,100,"PELT",0.875,0.875,0.875,8,0.0251248248630477
"updown",1.2,100,"SVP",0.875,0.875,0.875,8,0.0251248248630477
"updown",1.2,100,"SVP (BIC)",0.875,0.875,0.875,8,0.0251248248630477
"rand1",1.2,1,"PELT",0.833333333333333,0.625,0.714285714285714,6,0.0161572255741962
"rand1",1.2,1,"SVP",1,0.625,0.769230769230769,5,0.0198212728080153
"rand1",1.2,1,"SVP (BIC)",1,0.625,0.769230769230769,5,0.0198212728080153
"rand1",1.2,2,"PELT",1,0.625,0.769230769230769,5,0.0245397322991844
"rand1",1.2,2,"SVP",1,0.625,0.769230769230769,5,0.0245397322991844
"rand1",1.2,2,"SVP (BIC)",1,0.625,0.769230769230769,5,0.0245397322991844
"rand1",1.2,3,"PELT",1,0.75,0.857142857142857,6,0.0140147797373056
"rand1",1.2,3,"SVP",1,0.75,0.857142857142857,6,0.0140147797373056
"rand1",1.2,3,"SVP (BIC)",1,0.625,0.769230769230769,5,0.0202996816301859
"rand1",1.2,4,"PELT",1,0.625,0.769230769230769,5,0.0201031773810847
"rand1",1.2,4,"SVP",1,0.625,0.769230769230769,5,0.0201031773810847
"rand1",1.2,4,"SVP (BIC)",1,0.625,0.769230769230769,5,0.0201031773810847
"rand1",1.2,5,"PELT",1,0.625,0.769230769230769,5,0.0201458742809035
"rand1",1.2,5,"SVP",1,0.625,0.769230769230769,5,0.0201458742809035
"rand1",1.2,5,"SVP (BIC)",1,0.625,0.769230769230769,5,0.0201458742809035
"rand1",1.2,6,"PELT",0.833333333333333,0.625,0.714285714285714,6,0.0175675932455366
"rand1",1.2,6,"SVP",1,0.625,0.769230769230769,5,0.0184141032039861
"rand1",1.2,6,"SVP (BIC)",1,0.625,0.769230769230769,5,0.0184141032039861
"rand1",1.2,7,"PELT",0.8,0.5,0.615384615384615,5,0.0396449227778304
"rand1",1.2,7,"SVP",0.8,0.5,0.615384615384615,5,0.0396449227778304
"rand1",1.2,7,"SVP (BIC)",0.8,0.5,0.615384615384615,5,0.0396449227778304
"rand1",1.2,8,"PELT",1,0.625,0.769230769230769,5,0.0239088500606841
"rand1",1.2,8,"SVP",0.833333333333333,0.625,0.714285714285714,6,0.0187139920390874
"rand1",1.2,8,"SVP (BIC)",1,0.625,0.769230769230769,5,0.0239088500606841
"rand1",1.2,9,"PELT",0.833333333333333,0.625,0.714285714285714,6,0.0304859387915324
"rand1",1.2,9,"SVP",1,0.625,0.769230769230769,5,0.0280986821979035
"rand1",1.2,9,"SVP (BIC)",1,0.625,0.769230769230769,5,0.0280986821979035
"rand1",1.2,10,"PELT",0.833333333333333,0.625,0.714285714285714,6,0.0168876846631774
"rand1",1.2,10,"SVP",0.833333333333333,0.625,0.714285714285714,6,0.0217977458043791
"rand1",1.2,10,"SVP (BIC)",1,0.625,0.769230769230769,5,0.0174164053395315
"rand1",1.2,11,"PELT",1,0.625,0.769230769230769,5,0.0302707025898029
"rand1",1.2,11,"SVP",1,0.625,0.769230769230769,5,0.0302707025898029
"rand1",1.2,11,"SVP (BIC)",1,0.625,0.769230769230769,5,0.0302707025898029
"rand1",1.2,12,"PELT",1,0.625,0.769230769230769,5,0.0188189069752481
"rand1",1.2,12,"SVP",1,0.625,0.769230769230769,5,0.0188189069752481
"rand1",1.2,12,"SVP (BIC)",1,0.625,0.769230769230769,5,0.0188189069752481
"rand1",1.2,13,"PELT",0.666666666666667,0.5,0.571428571428572,6,0.0412422410783257
"rand1",1.2,13,"SVP",0.8,0.5,0.615384615384615,5,0.0468885058369525
"rand1",1.2,13,"SVP (BIC)",0.8,0.5,0.615384615384615,5,0.0468885058369525
"rand1",1.2,14,"PELT",1,0.625,0.769230769230769,5,0.0309751052663416
"rand1",1.2,14,"SVP",1,0.625,0.769230769230769,5,0.0309751052663416
"rand1",1.2,14,"SVP (BIC)",1,0.625,0.769230769230769,5,0.0309751052663416
"rand1",1.2,15,"PELT",0.8,0.5,0.615384615384615,5,0.0404746833283083
"rand1",1.2,15,"SVP",0.8,0.5,0.615384615384615,5,0.0404746833283083
"rand1",1.2,15,"SVP (BIC)",0.8,0.5,0.615384615384615,5,0.0404746833283083
"rand1",1.2,16,"PELT",1,0.625,0.769230769230769,5,0.0284015617614563
"rand1",1.2,16,"SVP",1,0.625,0.769230769230769,5,0.0284015617614563
"rand1",1.2,16,"SVP (BIC)",1,0.625,0.769230769230769,5,0.0284015617614563
"rand1",1.2,17,"PELT",1,0.625,0.769230769230769,5,0.0208710557157078
"rand1",1.2,17,"SVP",1,0.625,0.769230769230769,5,0.0208710557157078
"rand1",1.2,17,"SVP (BIC)",1,0.625,0.769230769230769,5,0.0208710557157078
"rand1",1.2,18,"PELT",0.8,0.5,0.615384615384615,5,0.0306818787838783
"rand1",1.2,18,"SVP",0.8,0.5,0.615384615384615,5,0.0306818787838783
"rand1",1.2,18,"SVP (BIC)",0.8,0.5,0.615384615384615,5,0.0306818787838783
"rand1",1.2,19,"PELT",1,0.75,0.857142857142857,6,0.00900699770012852
"rand1",1.2,19,"SVP",1,0.75,0.857142857142857,6,0.00900699770012852
"rand1",1.2,19,"SVP (BIC)",1,0.625,0.769230769230769,5,0.0169796880002026
"rand1",1.2,20,"PELT",0.8,0.5,0.615384615384615,5,0.0277565355462803
"rand1",1.2,20,"SVP",0.8,0.5,0.615384615384615,5,0.0277565355462803
"rand1",1.2,20,"SVP (BIC)",0.8,0.5,0.615384615384615,5,0.0277565355462803
"rand1",1.2,21,"PELT",1,0.625,0.769230769230769,5,0.0302531262426088
"rand1",1.2,21,"SVP",1,0.625,0.769230769230769,5,0.0302531262426088
"rand1",1.2,21,"SVP (BIC)",1,0.625,0.769230769230769,5,0.0302531262426088
"rand1",1.2,22,"PELT",0.4,0.25,0.307692307692308,5,0.0536956986071794
"rand1",1.2,22,"SVP",0.4,0.25,0.307692307692308,5,0.0536956986071794
"rand1",1.2,22,"SVP (BIC)",0.4,0.25,0.307692307692308,5,0.0536956986071794
"rand1",1.2,23,"PELT",1,0.625,0.769230769230769,5,0.0283439898890665
"rand1",1.2,23,"SVP",1,0.625,0.769230769230769,5,0.0283439898890665
"rand1",1.2,23,"SVP (BIC)",1,0.625,0.769230769230769,5,0.0283439898890665
"rand1",1.2,24,"PELT",0.6,0.375,0.461538461538462,5,0.055549409888345
"rand1",1.2,24,"SVP",0.6,0.375,0.461538461538462,5,0.055549409888345
"rand1",1.2,24,"SVP (BIC)",0.6,0.375,0.461538461538462,5,0.055549409888345
"rand1",1.2,25,"PELT",0.8,0.5,0.615384615384615,5,0.0357282137689111
"rand1",1.2,25,"SVP",0.8,0.5,0.615384615384615,5,0.0357282137689111
"rand1",1.2,25,"SVP (BIC)",0.8,0.5,0.615384615384615,5,0.0357282137689111
"rand1",1.2,26,"PELT",1,0.625,0.769230769230769,5,0.029316580133948
"rand1",1.2,26,"SVP",1,0.625,0.769230769230769,5,0.029316580133948
"rand1",1.2,26,"SVP (BIC)",1,0.625,0.769230769230769,5,0.029316580133948
"rand1",1.2,27,"PELT",0.714285714285714,0.625,0.666666666666667,7,0.0362651722374566
"rand1",1.2,27,"SVP",0.833333333333333,0.625,0.714285714285714,6,0.0296782695909446
"rand1",1.2,27,"SVP (BIC)",1,0.625,0.769230769230769,5,0.0262587779977398
"rand1",1.2,28,"PELT",0.666666666666667,0.5,0.571428571428572,6,0.0352447372779276
"rand1",1.2,28,"SVP",0.666666666666667,0.5,0.571428571428572,6,0.0352447372779276
"rand1",1.2,28,"SVP (BIC)",0.666666666666667,0.5,0.571428571428572,6,0.0352447372779276
"rand1",1.2,29,"PELT",0.8,0.5,0.615384615384615,5,0.03616193596752
"rand1",1.2,29,"SVP",0.8,0.5,0.615384615384615,5,0.03616193596752
"rand1",1.2,29,"SVP (BIC)",0.8,0.5,0.615384615384615,5,0.03616193596752
"rand1",1.2,30,"PELT",0.833333333333333,0.625,0.714285714285714,6,0.0154854438473691
"rand1",1.2,30,"SVP",1,0.625,0.769230769230769,5,0.02078578327301
"rand1",1.2,30,"SVP (BIC)",1,0.625,0.769230769230769,5,0.02078578327301
"rand1",1.2,31,"PELT",0.8,0.5,0.615384615384615,5,0.038362273770206
"rand1",1.2,31,"SVP",0.8,0.5,0.615384615384615,5,0.038362273770206
"rand1",1.2,31,"SVP (BIC)",0.8,0.5,0.615384615384615,5,0.038362273770206
"rand1",1.2,32,"PELT",1,0.625,0.769230769230769,5,0.0207368871475233
"rand1",1.2,32,"SVP",1,0.625,0.769230769230769,5,0.0207368871475233
"rand1",1.2,32,"SVP (BIC)",1,0.625,0.769230769230769,5,0.0207368871475233
"rand1",1.2,33,"PELT",1,0.625,0.769230769230769,5,0.0201917012743579
"rand1",1.2,33,"SVP",1,0.625,0.769230769230769,5,0.0201917012743579
"rand1",1.2,33,"SVP (BIC)",1,0.625,0.769230769230769,5,0.0201917012743579
"rand1",1.2,34,"PELT",1,0.625,0.769230769230769,5,0.0338723941491718
"rand1",1.2,34,"SVP",1,0.625,0.769230769230769,5,0.0338723941491718
"rand1",1.2,34,"SVP (BIC)",1,0.625,0.769230769230769,5,0.0338723941491718
"rand1",1.2,35,"PELT",0.666666666666667,0.5,0.571428571428572,6,0.025859787650432
"rand1",1.2,35,"SVP",0.666666666666667,0.5,0.571428571428572,6,0.025859787650432
"rand1",1.2,35,"SVP (BIC)",0.8,0.5,0.615384615384615,5,0.0296540786507268
"rand1",1.2,36,"PELT",0.8,0.5,0.615384615384615,5,0.0323751481438078
"rand1",1.2,36,"SVP",0.8,0.5,0.615384615384615,5,0.0323751481438078
"rand1",1.2,36,"SVP (BIC)",0.8,0.5,0.615384615384615,5,0.0323751481438078
"rand1",1.2,37,"PELT",0.833333333333333,0.625,0.714285714285714,6,0.0124573331778715
"rand1",1.2,37,"SVP",0.833333333333333,0.625,0.714285714285714,6,0.0124573331778715
"rand1",1.2,37,"SVP (BIC)",1,0.625,0.769230769230769,5,0.0145735601176375
"rand1",1.2,38,"PELT",0.833333333333333,0.625,0.714285714285714,6,0.0203105997744955
"rand1",1.2,38,"SVP",0.833333333333333,0.625,0.714285714285714,6,0.0203105997744955
"rand1",1.2,38,"SVP (BIC)",1,0.625,0.769230769230769,5,0.0266409110429101
"rand1",1.2,39,"PELT",0.833333333333333,0.625,0.714285714285714,6,0.00908008856434179
"rand1",1.2,39,"SVP",1,0.625,0.769230769230769,5,0.0152982888305388
"rand1",1.2,39,"SVP (BIC)",1,0.625,0.769230769230769,5,0.0152982888305388
"rand1",1.2,40,"PELT",0.833333333333333,0.625,0.714285714285714,6,0.038001380146818
"rand1",1.2,40,"SVP",0.833333333333333,0.625,0.714285714285714,6,0.038001380146818
"rand1",1.2,40,"SVP (BIC)",0.833333333333333,0.625,0.714285714285714,6,0.038001380146818
"rand1",1.2,41,"PELT",0.714285714285714,0.625,0.666666666666667,7,0.0316905311642457
"rand1",1.2,41,"SVP",0.833333333333333,0.625,0.714285714285714,6,0.0176974880031287
"rand1",1.2,41,"SVP (BIC)",1,0.625,0.769230769230769,5,0.0176870324276725
"rand1",1.2,42,"PELT",0.8,0.5,0.615384615384615,5,0.0332640220680554
"rand1",1.2,42,"SVP",0.8,0.5,0.615384615384615,5,0.0332640220680554
"rand1",1.2,42,"SVP (BIC)",0.8,0.5,0.615384615384615,5,0.0332640220680554
"rand1",1.2,43,"PELT",0.833333333333333,0.625,0.714285714285714,6,0.0195707036798404
"rand1",1.2,43,"SVP",1,0.625,0.769230769230769,5,0.0236221515052109
"rand1",1.2,43,"SVP (BIC)",1,0.625,0.769230769230769,5,0.0236221515052109
"rand1",1.2,44,"PELT",0.8,0.5,0.615384615384615,5,0.0311425291711339
"rand1",1.2,44,"SVP",0.8,0.5,0.615384615384615,5,0.0311425291711339
"rand1",1.2,44,"SVP (BIC)",0.8,0.5,0.615384615384615,5,0.0311425291711339
"rand1",1.2,45,"PELT",0.666666666666667,0.5,0.571428571428572,6,0.0289100406855183
"rand1",1.2,45,"SVP",0.666666666666667,0.5,0.571428571428572,6,0.0289100406855183
"rand1",1.2,45,"SVP (BIC)",0.8,0.5,0.615384615384615,5,0.0279222481316721
"rand1",1.2,46,"PELT",0.8,0.5,0.615384615384615,5,0.0322412960949431
"rand1",1.2,46,"SVP",0.8,0.5,0.615384615384615,5,0.0322412960949431
"rand1",1.2,46,"SVP (BIC)",0.8,0.5,0.615384615384615,5,0.0322412960949431
"rand1",1.2,47,"PELT",0.833333333333333,0.625,0.714285714285714,6,0.0257996556953845
"rand1",1.2,47,"SVP",0.833333333333333,0.625,0.714285714285714,6,0.0257996556953845
"rand1",1.2,47,"SVP (BIC)",1,0.625,0.769230769230769,5,0.02748215697541
"rand1",1.2,48,"PELT",0.8,0.5,0.615384615384615,5,0.0433011036941526
"rand1",1.2,48,"SVP",0.8,0.5,0.615384615384615,5,0.0433011036941526
"rand1",1.2,48,"SVP (BIC)",0.8,0.5,0.615384615384615,5,0.0433011036941526
"rand1",1.2,49,"PELT",1,0.625,0.769230769230769,5,0.0228658522095202
"rand1",1.2,49,"SVP",1,0.625,0.769230769230769,5,0.0228658522095202
"rand1",1.2,49,"SVP (BIC)",1,0.625,0.769230769230769,5,0.0228658522095202
"rand1",1.2,50,"PELT",0.571428571428571,0.5,0.533333333333333,7,0.0326890704106486
"rand1",1.2,50,"SVP",0.8,0.5,0.615384615384615,5,0.062102866243027
"rand1",1.2,50,"SVP (BIC)",0.8,0.5,0.615384615384615,5,0.062102866243027
"rand1",1.2,51,"PELT",0.714285714285714,0.625,0.666666666666667,7,0.0336164426054266
"rand1",1.2,51,"SVP",0.714285714285714,0.625,0.666666666666667,7,0.0336164426054266
"rand1",1.2,51,"SVP (BIC)",0.6,0.375,0.461538461538462,5,0.042311410176024
"rand1",1.2,52,"PELT",1,0.625,0.769230769230769,5,0.0211677370937711
"rand1",1.2,52,"SVP",1,0.625,0.769230769230769,5,0.0211677370937711
"rand1",1.2,52,"SVP (BIC)",1,0.625,0.769230769230769,5,0.0211677370937711
"rand1",1.2,53,"PELT",1,0.625,0.769230769230769,5,0.0204140542287846
"rand1",1.2,53,"SVP",1,0.625,0.769230769230769,5,0.0204140542287846
"rand1",1.2,53,"SVP (BIC)",1,0.625,0.769230769230769,5,0.0204140542287846
"rand1",1.2,54,"PELT",0.6,0.375,0.461538461538462,5,0.0438783320009471
"rand1",1.2,54,"SVP",0.6,0.375,0.461538461538462,5,0.0438783320009471
"rand1",1.2,54,"SVP (BIC)",0.6,0.375,0.461538461538462,5,0.0438783320009471
"rand1",1.2,55,"PELT",0.8,0.5,0.615384615384615,5,0.0333103707262755
"rand1",1.2,55,"SVP",0.8,0.5,0.615384615384615,5,0.0333103707262755
"rand1",1.2,55,"SVP (BIC)",0.8,0.5,0.615384615384615,5,0.0333103707262755
"rand1",1.2,56,"PELT",1,0.625,0.769230769230769,5,0.0236546958413932
"rand1",1.2,56,"SVP",1,0.625,0.769230769230769,5,0.0236546958413932
"rand1",1.2,56,"SVP (BIC)",1,0.625,0.769230769230769,5,0.0236546958413932
"rand1",1.2,57,"PELT",0.714285714285714,0.625,0.666666666666667,7,0.0487464877008913
"rand1",1.2,57,"SVP",0.833333333333333,0.625,0.714285714285714,6,0.0342997809592362
"rand1",1.2,57,"SVP (BIC)",0.8,0.5,0.615384615384615,5,0.0411971739491049
"rand1",1.2,58,"PELT",0.833333333333333,0.625,0.714285714285714,6,0.0340936144760768
"rand1",1.2,58,"SVP",1,0.625,0.769230769230769,5,0.0285393947685843
"rand1",1.2,58,"SVP (BIC)",1,0.625,0.769230769230769,5,0.0285393947685843
"rand1",1.2,59,"PELT",1,0.625,0.769230769230769,5,0.031591890104793
"rand1",1.2,59,"SVP",1,0.625,0.769230769230769,5,0.031591890104793
"rand1",1.2,59,"SVP (BIC)",1,0.625,0.769230769230769,5,0.031591890104793
"rand1",1.2,60,"PELT",0.625,0.625,0.625,8,0.036065324412262
"rand1",1.2,60,"SVP",0.714285714285714,0.625,0.666666666666667,7,0.0150678659797068
"rand1",1.2,60,"SVP (BIC)",1,0.625,0.769230769230769,5,0.0188566944566794
"rand1",1.2,61,"PELT",0.833333333333333,0.625,0.714285714285714,6,0.0187997027324661
"rand1",1.2,61,"SVP",0.833333333333333,0.625,0.714285714285714,6,0.0187997027324661
"rand1",1.2,61,"SVP (BIC)",0.833333333333333,0.625,0.714285714285714,6,0.0187997027324661
"rand1",1.2,62,"PELT",0.8,0.5,0.615384615384615,5,0.0370209961595293
"rand1",1.2,62,"SVP",0.8,0.5,0.615384615384615,5,0.0370209961595293
"rand1",1.2,62,"SVP (BIC)",0.8,0.5,0.615384615384615,5,0.0370209961595293
"rand1",1.2,63,"PELT",0.8,0.5,0.615384615384615,5,0.0412327464534158
"rand1",1.2,63,"SVP",0.8,0.5,0.615384615384615,5,0.0412327464534158
"rand1",1.2,63,"SVP (BIC)",0.8,0.5,0.615384615384615,5,0.0412327464534158
"rand1",1.2,64,"PELT",0.833333333333333,0.625,0.714285714285714,6,0.0174802551758088
"rand1",1.2,64,"SVP",0.833333333333333,0.625,0.714285714285714,6,0.0174802551758088
"rand1",1.2,64,"SVP (BIC)",1,0.625,0.769230769230769,5,0.0213068619551702
"rand1",1.2,65,"PELT",1,0.625,0.769230769230769,5,0.0237297957905392
"rand1",1.2,65,"SVP",1,0.625,0.769230769230769,5,0.0237297957905392
"rand1",1.2,65,"SVP (BIC)",1,0.625,0.769230769230769,5,0.0237297957905392
"rand1",1.2,66,"PELT",1,0.625,0.769230769230769,5,0.0214428526884439
"rand1",1.2,66,"SVP",0.8,0.5,0.615384615384615,5,0.0326024133131179
"rand1",1.2,66,"SVP (BIC)",1,0.625,0.769230769230769,5,0.0214428526884439
"rand1",1.2,67,"PELT",0.833333333333333,0.625,0.714285714285714,6,0.0224065150773957
"rand1",1.2,67,"SVP",0.833333333333333,0.625,0.714285714285714,6,0.0224065150773957
"rand1",1.2,67,"SVP (BIC)",0.833333333333333,0.625,0.714285714285714,6,0.0224065150773957
"rand1",1.2,68,"PELT",1,0.625,0.769230769230769,5,0.0158778977673264
"rand1",1.2,68,"SVP",1,0.625,0.769230769230769,5,0.0158778977673264
"rand1",1.2,68,"SVP (BIC)",1,0.625,0.769230769230769,5,0.0158778977673264
"rand1",1.2,69,"PELT",0.833333333333333,0.625,0.714285714285714,6,0.0177980415781441
"rand1",1.2,69,"SVP",1,0.625,0.769230769230769,5,0.0224670235781765
"rand1",1.2,69,"SVP (BIC)",1,0.625,0.769230769230769,5,0.0224670235781765
"rand1",1.2,70,"PELT",1,0.625,0.769230769230769,5,0.0280204257344514
"rand1",1.2,70,"SVP",1,0.625,0.769230769230769,5,0.0280204257344514
"rand1",1.2,70,"SVP (BIC)",1,0.625,0.769230769230769,5,0.0280204257344514
"rand1",1.2,71,"PELT",1,0.625,0.769230769230769,5,0.0307530839745783
"rand1",1.2,71,"SVP",1,0.625,0.769230769230769,5,0.0307530839745783
"rand1",1.2,71,"SVP (BIC)",1,0.625,0.769230769230769,5,0.0307530839745783
"rand1",1.2,72,"PELT",0.833333333333333,0.625,0.714285714285714,6,0.0278108844573488
"rand1",1.2,72,"SVP",1,0.625,0.769230769230769,5,0.0322473083620027
"rand1",1.2,72,"SVP (BIC)",1,0.625,0.769230769230769,5,0.0322473083620027
"rand1",1.2,73,"PELT",0.714285714285714,0.625,0.666666666666667,7,0.0351275798276316
"rand1",1.2,73,"SVP",0.714285714285714,0.625,0.666666666666667,7,0.0351275798276316
"rand1",1.2,73,"SVP (BIC)",1,0.625,0.769230769230769,5,0.0244018062053806
"rand1",1.2,74,"PELT",0.833333333333333,0.625,0.714285714285714,6,0.0202561527115704
"rand1",1.2,74,"SVP",1,0.625,0.769230769230769,5,0.024226742210798
"rand1",1.2,74,"SVP (BIC)",1,0.625,0.769230769230769,5,0.024226742210798
"rand1",1.2,75,"PELT",0.8,0.5,0.615384615384615,5,0.0290638873052587
"rand1",1.2,75,"SVP",0.8,0.5,0.615384615384615,5,0.0290638873052587
"rand1",1.2,75,"SVP (BIC)",0.8,0.5,0.615384615384615,5,0.0290638873052587
"rand1",1.2,76,"PELT",0.8,0.5,0.615384615384615,5,0.042486369700005
"rand1",1.2,76,"SVP",0.8,0.5,0.615384615384615,5,0.042486369700005
"rand1",1.2,76,"SVP (BIC)",0.8,0.5,0.615384615384615,5,0.042486369700005
"rand1",1.2,77,"PELT",0.625,0.625,0.625,8,0.0480351203670125
"rand1",1.2,77,"SVP",1,0.625,0.769230769230769,5,0.0242852770668724
"rand1",1.2,77,"SVP (BIC)",1,0.625,0.769230769230769,5,0.0242852770668724
"rand1",1.2,78,"PELT",1,0.625,0.769230769230769,5,0.0298078541851409
"rand1",1.2,78,"SVP",1,0.625,0.769230769230769,5,0.0298078541851409
"rand1",1.2,78,"SVP (BIC)",1,0.625,0.769230769230769,5,0.0298078541851409
"rand1",1.2,79,"PELT",0.8,0.5,0.615384615384615,5,0.0356993521925563
"rand1",1.2,79,"SVP",0.8,0.5,0.615384615384615,5,0.0356993521925563
"rand1",1.2,79,"SVP (BIC)",0.8,0.5,0.615384615384615,5,0.0356993521925563
"rand1",1.2,80,"PELT",0.714285714285714,0.625,0.666666666666667,7,0.0338485133694797
"rand1",1.2,80,"SVP",0.833333333333333,0.625,0.714285714285714,6,0.0260092246978574
"rand1",1.2,80,"SVP (BIC)",1,0.625,0.769230769230769,5,0.0294009089573541
"rand1",1.2,81,"PELT",0.6,0.375,0.461538461538462,5,0.0293400664279781
"rand1",1.2,81,"SVP",0.6,0.375,0.461538461538462,5,0.0293400664279781
"rand1",1.2,81,"SVP (BIC)",0.6,0.375,0.461538461538462,5,0.0293400664279781
"rand1",1.2,82,"PELT",1,0.625,0.769230769230769,5,0.031906958155589
"rand1",1.2,82,"SVP",0.833333333333333,0.625,0.714285714285714,6,0.0406082712664499
"rand1",1.2,82,"SVP (BIC)",1,0.625,0.769230769230769,5,0.031906958155589
"rand1",1.2,83,"PELT",0.833333333333333,0.625,0.714285714285714,6,0.0399189255578436
"rand1",1.2,83,"SVP",1,0.625,0.769230769230769,5,0.0199862914676738
"rand1",1.2,83,"SVP (BIC)",1,0.625,0.769230769230769,5,0.0199862914676738
"rand1",1.2,84,"PELT",0.5,0.375,0.428571428571429,6,0.0439651079072648
"rand1",1.2,84,"SVP",0.6,0.375,0.461538461538462,5,0.0499168703971166
"rand1",1.2,84,"SVP (BIC)",0.6,0.375,0.461538461538462,5,0.0499168703971166
"rand1",1.2,85,"PELT",0.833333333333333,0.625,0.714285714285714,6,0.0243728560323524
"rand1",1.2,85,"SVP",1,0.625,0.769230769230769,5,0.022381070043482
"rand1",1.2,85,"SVP (BIC)",1,0.625,0.769230769230769,5,0.022381070043482
"rand1",1.2,86,"PELT",1,0.625,0.769230769230769,5,0.0271267505616912
"rand1",1.2,86,"SVP",1,0.625,0.769230769230769,5,0.0271267505616912
"rand1",1.2,86,"SVP (BIC)",1,0.625,0.769230769230769,5,0.0271267505616912
"rand1",1.2,87,"PELT",0.833333333333333,0.625,0.714285714285714,6,0.0329618466682427
"rand1",1.2,87,"SVP",0.833333333333333,0.625,0.714285714285714,6,0.0329618466682427
"rand1",1.2,87,"SVP (BIC)",1,0.625,0.769230769230769,5,0.0227725580878316
"rand1",1.2,88,"PELT",0.8,0.5,0.615384615384615,5,0.048359969169048
"rand1",1.2,88,"SVP",0.8,0.5,0.615384615384615,5,0.048359969169048
"rand1",1.2,88,"SVP (BIC)",0.8,0.5,0.615384615384615,5,0.048359969169048
"rand1",1.2,89,"PELT",0.714285714285714,0.625,0.666666666666667,7,0.0256672562121748
"rand1",1.2,89,"SVP",0.833333333333333,0.625,0.714285714285714,6,0.0199484252918208
"rand1",1.2,89,"SVP (BIC)",1,0.625,0.769230769230769,5,0.0226037542773649
"rand1",1.2,90,"PELT",0.714285714285714,0.625,0.666666666666667,7,0.0216054450792232
"rand1",1.2,90,"SVP",0.833333333333333,0.625,0.714285714285714,6,0.0215639741792857
"rand1",1.2,90,"SVP (BIC)",0.833333333333333,0.625,0.714285714285714,6,0.0215639741792857
"rand1",1.2,91,"PELT",1,0.625,0.769230769230769,5,0.0207301852822854
"rand1",1.2,91,"SVP",1,0.625,0.769230769230769,5,0.0207301852822854
"rand1",1.2,91,"SVP (BIC)",1,0.625,0.769230769230769,5,0.0207301852822854
"rand1",1.2,92,"PELT",0.833333333333333,0.625,0.714285714285714,6,0.024079158413154
"rand1",1.2,92,"SVP",0.833333333333333,0.625,0.714285714285714,6,0.024079158413154
"rand1",1.2,92,"SVP (BIC)",1,0.625,0.769230769230769,5,0.029521245929938
"rand1",1.2,93,"PELT",0.428571428571429,0.375,0.4,7,0.0422379918123773
"rand1",1.2,93,"SVP",0.6,0.375,0.461538461538462,5,0.0471621531653552
"rand1",1.2,93,"SVP (BIC)",0.6,0.375,0.461538461538462,5,0.0471621531653552
"rand1",1.2,94,"PELT",0.8,0.5,0.615384615384615,5,0.0323144965078688
"rand1",1.2,94,"SVP",0.8,0.5,0.615384615384615,5,0.0323144965078688
"rand1",1.2,94,"SVP (BIC)",0.8,0.5,0.615384615384615,5,0.0323144965078688
"rand1",1.2,95,"PELT",0.833333333333333,0.625,0.714285714285714,6,0.0227090156343012
"rand1",1.2,95,"SVP",0.833333333333333,0.625,0.714285714285714,6,0.0227090156343012
"rand1",1.2,95,"SVP (BIC)",0.833333333333333,0.625,0.714285714285714,6,0.0227090156343012
"rand1",1.2,96,"PELT",1,0.75,0.857142857142857,6,0.01789077228677
"rand1",1.2,96,"SVP",1,0.625,0.769230769230769,5,0.0250813987498526
"rand1",1.2,96,"SVP (BIC)",1,0.625,0.769230769230769,5,0.0250813987498526
"rand1",1.2,97,"PELT",0.833333333333333,0.625,0.714285714285714,6,0.0162122412049837
"rand1",1.2,97,"SVP",1,0.625,0.769230769230769,5,0.0202027988006537
"rand1",1.2,97,"SVP (BIC)",1,0.625,0.769230769230769,5,0.0202027988006537
"rand1",1.2,98,"PELT",0.571428571428571,0.5,0.533333333333333,7,0.0395603220302011
"rand1",1.2,98,"SVP",0.666666666666667,0.5,0.571428571428572,6,0.0289664217832579
"rand1",1.2,98,"SVP (BIC)",0.8,0.5,0.615384615384615,5,0.027944669874069
"rand1",1.2,99,"PELT",0.666666666666667,0.5,0.571428571428572,6,0.0356052940818943
"rand1",1.2,99,"SVP",0.666666666666667,0.5,0.571428571428572,6,0.0356052940818943
"rand1",1.2,99,"SVP (BIC)",0.666666666666667,0.5,0.571428571428572,6,0.0356052940818943
"rand1",1.2,100,"PELT",0.8,0.5,0.615384615384615,5,0.0349308218229664
"rand1",1.2,100,"SVP",0.8,0.5,0.615384615384615,5,0.0349308218229664
"rand1",1.2,100,"SVP (BIC)",0.8,0.5,0.615384615384615,5,0.0349308218229664
"none",1.3,1,"PELT",1,1,1,1,0.000408778943387071
"none",1.3,1,"SVP",1,1,1,1,0.000408778943387071
"none",1.3,1,"SVP (BIC)",1,1,1,1,0.000408778943387071
"none",1.3,2,"PELT",1,1,1,1,0.00341556311555173
"none",1.3,2,"SVP",1,1,1,1,0.00341556311555173
"none",1.3,2,"SVP (BIC)",1,1,1,1,0.00341556311555173
"none",1.3,3,"PELT",1,1,1,1,0.000474099473353412
"none",1.3,3,"SVP",1,1,1,1,0.000474099473353412
"none",1.3,3,"SVP (BIC)",1,1,1,1,0.000474099473353412
"none",1.3,4,"PELT",1,1,1,1,7.02304099966913e-06
"none",1.3,4,"SVP",1,1,1,1,7.02304099966913e-06
"none",1.3,4,"SVP (BIC)",1,1,1,1,7.02304099966913e-06
"none",1.3,5,"PELT",1,1,1,1,0.00223235066972188
"none",1.3,5,"SVP",0.5,1,0.666666666666667,2,0.0038876421393676
"none",1.3,5,"SVP (BIC)",1,1,1,1,0.00223235066972188
"none",1.3,6,"PELT",1,1,1,1,2.04547710477004e-05
"none",1.3,6,"SVP",1,1,1,1,2.04547710477004e-05
"none",1.3,6,"SVP (BIC)",1,1,1,1,2.04547710477004e-05
"none",1.3,7,"PELT",1,1,1,1,0.000329144103870839
"none",1.3,7,"SVP",1,1,1,1,0.000329144103870839
"none",1.3,7,"SVP (BIC)",1,1,1,1,0.000329144103870839
"none",1.3,8,"PELT",1,1,1,1,0.00186271645974899
"none",1.3,8,"SVP",1,1,1,1,0.00186271645974899
"none",1.3,8,"SVP (BIC)",1,1,1,1,0.00186271645974899
"none",1.3,9,"PELT",1,1,1,1,0.00267220908579124
"none",1.3,9,"SVP",1,1,1,1,0.00267220908579124
"none",1.3,9,"SVP (BIC)",1,1,1,1,0.00267220908579124
"none",1.3,10,"PELT",1,1,1,1,0.000333812008637281
"none",1.3,10,"SVP",1,1,1,1,0.000333812008637281
"none",1.3,10,"SVP (BIC)",1,1,1,1,0.000333812008637281
"none",1.3,11,"PELT",1,1,1,1,0.000294135906020981
"none",1.3,11,"SVP",1,1,1,1,0.000294135906020981
"none",1.3,11,"SVP (BIC)",1,1,1,1,0.000294135906020981
"none",1.3,12,"PELT",1,1,1,1,0.00307381699973081
"none",1.3,12,"SVP",1,1,1,1,0.00307381699973081
"none",1.3,12,"SVP (BIC)",1,1,1,1,0.00307381699973081
"none",1.3,13,"PELT",0.333333333333333,1,0.5,3,0.028726890653754
"none",1.3,13,"SVP",0.5,1,0.666666666666667,2,0.00447578687096366
"none",1.3,13,"SVP (BIC)",0.5,1,0.666666666666667,2,0.00455900105772502
"none",1.3,14,"PELT",0.333333333333333,1,0.5,3,0.028234352634172
"none",1.3,14,"SVP",0.5,1,0.666666666666667,2,0.00142729984200512
"none",1.3,14,"SVP (BIC)",1,1,1,1,0.000388459412697769
"none",1.3,15,"PELT",1,1,1,1,4.83236055495033e-05
"none",1.3,15,"SVP",1,1,1,1,4.83236055495033e-05
"none",1.3,15,"SVP (BIC)",1,1,1,1,4.83236055495033e-05
"none",1.3,16,"PELT",1,1,1,1,0.000128486073232305
"none",1.3,16,"SVP",1,1,1,1,0.000128486073232305
"none",1.3,16,"SVP (BIC)",1,1,1,1,0.000128486073232305
"none",1.3,17,"PELT",1,1,1,1,0.000103657909435224
"none",1.3,17,"SVP",1,1,1,1,0.000103657909435224
"none",1.3,17,"SVP (BIC)",1,1,1,1,0.000103657909435224
"none",1.3,18,"PELT",1,1,1,1,0.0059760515855399
"none",1.3,18,"SVP",1,1,1,1,0.0059760515855399
"none",1.3,18,"SVP (BIC)",1,1,1,1,0.0059760515855399
"none",1.3,19,"PELT",1,1,1,1,0.000201702481283573
"none",1.3,19,"SVP",1,1,1,1,0.000201702481283573
"none",1.3,19,"SVP (BIC)",1,1,1,1,0.000201702481283573
"none",1.3,20,"PELT",1,1,1,1,0.000360370939431981
"none",1.3,20,"SVP",1,1,1,1,0.000360370939431981
"none",1.3,20,"SVP (BIC)",1,1,1,1,0.000360370939431981
"none",1.3,21,"PELT",1,1,1,1,0.000306499912794935
"none",1.3,21,"SVP",1,1,1,1,0.000306499912794935
"none",1.3,21,"SVP (BIC)",1,1,1,1,0.000306499912794935
"none",1.3,22,"PELT",1,1,1,1,0.000152829055607409
"none",1.3,22,"SVP",1,1,1,1,0.000152829055607409
"none",1.3,22,"SVP (BIC)",1,1,1,1,0.000152829055607409
"none",1.3,23,"PELT",1,1,1,1,0.000724320044231358
"none",1.3,23,"SVP",1,1,1,1,0.000724320044231358
"none",1.3,23,"SVP (BIC)",1,1,1,1,0.000724320044231358
"none",1.3,24,"PELT",1,1,1,1,0.000410393212377772
"none",1.3,24,"SVP",1,1,1,1,0.000410393212377772
"none",1.3,24,"SVP (BIC)",1,1,1,1,0.000410393212377772
"none",1.3,25,"PELT",1,1,1,1,0.00104611961244039
"none",1.3,25,"SVP",1,1,1,1,0.00104611961244039
"none",1.3,25,"SVP (BIC)",1,1,1,1,0.00104611961244039
"none",1.3,26,"PELT",1,1,1,1,0.000219861929090873
"none",1.3,26,"SVP",1,1,1,1,0.000219861929090873
"none",1.3,26,"SVP (BIC)",1,1,1,1,0.000219861929090873
"none",1.3,27,"PELT",1,1,1,1,0.000872579653618616
"none",1.3,27,"SVP",1,1,1,1,0.000872579653618616
"none",1.3,27,"SVP (BIC)",1,1,1,1,0.000872579653618616
"none",1.3,28,"PELT",0.333333333333333,1,0.5,3,0.032101669839132
"none",1.3,28,"SVP",0.5,1,0.666666666666667,2,0.00295192975509004
"none",1.3,28,"SVP (BIC)",0.5,1,0.666666666666667,2,0.00472530871326107
"none",1.3,29,"PELT",1,1,1,1,0.000709530708646284
"none",1.3,29,"SVP",1,1,1,1,0.000709530708646284
"none",1.3,29,"SVP (BIC)",1,1,1,1,0.000709530708646284
"none",1.3,30,"PELT",1,1,1,1,0.000187039277345558
"none",1.3,30,"SVP",1,1,1,1,0.000187039277345558
"none",1.3,30,"SVP (BIC)",1,1,1,1,0.000187039277345558
"none",1.3,31,"PELT",1,1,1,1,0.000471109917374459
"none",1.3,31,"SVP",1,1,1,1,0.000471109917374459
"none",1.3,31,"SVP (BIC)",1,1,1,1,0.000471109917374459
"none",1.3,32,"PELT",1,1,1,1,0.00185221263617457
"none",1.3,32,"SVP",1,1,1,1,0.00185221263617457
"none",1.3,32,"SVP (BIC)",1,1,1,1,0.00185221263617457
"none",1.3,33,"PELT",1,1,1,1,0.0009070536404995
"none",1.3,33,"SVP",1,1,1,1,0.0009070536404995
"none",1.3,33,"SVP (BIC)",1,1,1,1,0.0009070536404995
"none",1.3,34,"PELT",1,1,1,1,0.000279402464860127
"none",1.3,34,"SVP",1,1,1,1,0.000279402464860127
"none",1.3,34,"SVP (BIC)",1,1,1,1,0.000279402464860127
"none",1.3,35,"PELT",1,1,1,1,0.001177182729317
"none",1.3,35,"SVP",1,1,1,1,0.001177182729317
"none",1.3,35,"SVP (BIC)",1,1,1,1,0.001177182729317
"none",1.3,36,"PELT",1,1,1,1,0.000332125289114285
"none",1.3,36,"SVP",1,1,1,1,0.000332125289114285
"none",1.3,36,"SVP (BIC)",1,1,1,1,0.000332125289114285
"none",1.3,37,"PELT",1,1,1,1,0.00422423492276827
"none",1.3,37,"SVP",0.5,1,0.666666666666667,2,0.00716958507460624
"none",1.3,37,"SVP (BIC)",1,1,1,1,0.00422423492276827
"none",1.3,38,"PELT",1,1,1,1,4.71094030498438e-06
"none",1.3,38,"SVP",1,1,1,1,4.71094030498438e-06
"none",1.3,38,"SVP (BIC)",1,1,1,1,4.71094030498438e-06
"none",1.3,39,"PELT",1,1,1,1,0.00342209015473112
"none",1.3,39,"SVP",1,1,1,1,0.00342209015473112
"none",1.3,39,"SVP (BIC)",1,1,1,1,0.00342209015473112
"none",1.3,40,"PELT",1,1,1,1,0.00134700819610728
"none",1.3,40,"SVP",1,1,1,1,0.00134700819610728
"none",1.3,40,"SVP (BIC)",1,1,1,1,0.00134700819610728
"none",1.3,41,"PELT",1,1,1,1,0.00445440970664809
"none",1.3,41,"SVP",1,1,1,1,0.00445440970664809
"none",1.3,41,"SVP (BIC)",1,1,1,1,0.00445440970664809
"none",1.3,42,"PELT",1,1,1,1,0.0017855701129308
"none",1.3,42,"SVP",1,1,1,1,0.0017855701129308
"none",1.3,42,"SVP (BIC)",1,1,1,1,0.0017855701129308
"none",1.3,43,"PELT",1,1,1,1,1.19285419734387e-06
"none",1.3,43,"SVP",1,1,1,1,1.19285419734387e-06
"none",1.3,43,"SVP (BIC)",1,1,1,1,1.19285419734387e-06
"none",1.3,44,"PELT",1,1,1,1,3.60767531310104e-06
"none",1.3,44,"SVP",1,1,1,1,3.60767531310104e-06
"none",1.3,44,"SVP (BIC)",1,1,1,1,3.60767531310104e-06
"none",1.3,45,"PELT",1,1,1,1,0.00032009676501241
"none",1.3,45,"SVP",1,1,1,1,0.00032009676501241
"none",1.3,45,"SVP (BIC)",1,1,1,1,0.00032009676501241
"none",1.3,46,"PELT",1,1,1,1,0.000281446907857468
"none",1.3,46,"SVP",1,1,1,1,0.000281446907857468
"none",1.3,46,"SVP (BIC)",1,1,1,1,0.000281446907857468
"none",1.3,47,"PELT",1,1,1,1,0.00045105077680747
"none",1.3,47,"SVP",1,1,1,1,0.00045105077680747
"none",1.3,47,"SVP (BIC)",1,1,1,1,0.00045105077680747
"none",1.3,48,"PELT",1,1,1,1,0.000694705638113712
"none",1.3,48,"SVP",1,1,1,1,0.000694705638113712
"none",1.3,48,"SVP (BIC)",1,1,1,1,0.000694705638113712
"none",1.3,49,"PELT",1,1,1,1,0.000437075875371914
"none",1.3,49,"SVP",1,1,1,1,0.000437075875371914
"none",1.3,49,"SVP (BIC)",1,1,1,1,0.000437075875371914
"none",1.3,50,"PELT",1,1,1,1,7.09647482395509e-06
"none",1.3,50,"SVP",1,1,1,1,7.09647482395509e-06
"none",1.3,50,"SVP (BIC)",1,1,1,1,7.09647482395509e-06
"none",1.3,51,"PELT",1,1,1,1,0.00174496736868461
"none",1.3,51,"SVP",1,1,1,1,0.00174496736868461
"none",1.3,51,"SVP (BIC)",1,1,1,1,0.00174496736868461
"none",1.3,52,"PELT",1,1,1,1,9.40825397655991e-05
"none",1.3,52,"SVP",1,1,1,1,9.40825397655991e-05
"none",1.3,52,"SVP (BIC)",1,1,1,1,9.40825397655991e-05
"none",1.3,53,"PELT",1,1,1,1,6.1992831324981e-05
"none",1.3,53,"SVP",1,1,1,1,6.1992831324981e-05
"none",1.3,53,"SVP (BIC)",1,1,1,1,6.1992831324981e-05
"none",1.3,54,"PELT",1,1,1,1,0.000498141286293851
"none",1.3,54,"SVP",1,1,1,1,0.000498141286293851
"none",1.3,54,"SVP (BIC)",1,1,1,1,0.000498141286293851
"none",1.3,55,"PELT",1,1,1,1,0.000847822310627856
"none",1.3,55,"SVP",1,1,1,1,0.000847822310627856
"none",1.3,55,"SVP (BIC)",1,1,1,1,0.000847822310627856
"none",1.3,56,"PELT",1,1,1,1,0.00143674688023469
"none",1.3,56,"SVP",1,1,1,1,0.00143674688023469
"none",1.3,56,"SVP (BIC)",1,1,1,1,0.00143674688023469
"none",1.3,57,"PELT",1,1,1,1,0.00131516319906029
"none",1.3,57,"SVP",1,1,1,1,0.00131516319906029
"none",1.3,57,"SVP (BIC)",1,1,1,1,0.00131516319906029
"none",1.3,58,"PELT",1,1,1,1,0.00812481124436222
"none",1.3,58,"SVP",1,1,1,1,0.00812481124436222
"none",1.3,58,"SVP (BIC)",1,1,1,1,0.00812481124436222
"none",1.3,59,"PELT",1,1,1,1,5.29321428810546e-05
"none",1.3,59,"SVP",1,1,1,1,5.29321428810546e-05
"none",1.3,59,"SVP (BIC)",1,1,1,1,5.29321428810546e-05
"none",1.3,60,"PELT",1,1,1,1,0.000490622824097638
"none",1.3,60,"SVP",1,1,1,1,0.000490622824097638
"none",1.3,60,"SVP (BIC)",1,1,1,1,0.000490622824097638
"none",1.3,61,"PELT",1,1,1,1,0.00311127193032682
"none",1.3,61,"SVP",1,1,1,1,0.00311127193032682
"none",1.3,61,"SVP (BIC)",1,1,1,1,0.00311127193032682
"none",1.3,62,"PELT",1,1,1,1,5.36539310607314e-07
"none",1.3,62,"SVP",1,1,1,1,5.36539310607314e-07
"none",1.3,62,"SVP (BIC)",1,1,1,1,5.36539310607314e-07
"none",1.3,63,"PELT",1,1,1,1,0.000502264621888307
"none",1.3,63,"SVP",1,1,1,1,0.000502264621888307
"none",1.3,63,"SVP (BIC)",1,1,1,1,0.000502264621888307
"none",1.3,64,"PELT",1,1,1,1,2.06483050729984e-05
"none",1.3,64,"SVP",1,1,1,1,2.06483050729984e-05
"none",1.3,64,"SVP (BIC)",1,1,1,1,2.06483050729984e-05
"none",1.3,65,"PELT",1,1,1,1,0.00015130245244268
"none",1.3,65,"SVP",1,1,1,1,0.00015130245244268
"none",1.3,65,"SVP (BIC)",1,1,1,1,0.00015130245244268
"none",1.3,66,"PELT",1,1,1,1,0.000172433628385043
"none",1.3,66,"SVP",1,1,1,1,0.000172433628385043
"none",1.3,66,"SVP (BIC)",1,1,1,1,0.000172433628385043
"none",1.3,67,"PELT",1,1,1,1,7.65181431823094e-06
"none",1.3,67,"SVP",1,1,1,1,7.65181431823094e-06
"none",1.3,67,"SVP (BIC)",1,1,1,1,7.65181431823094e-06
"none",1.3,68,"PELT",1,1,1,1,1.33073137174299e-05
"none",1.3,68,"SVP",1,1,1,1,1.33073137174299e-05
"none",1.3,68,"SVP (BIC)",1,1,1,1,1.33073137174299e-05
"none",1.3,69,"PELT",1,1,1,1,0.00261927850804887
"none",1.3,69,"SVP",1,1,1,1,0.00261927850804887
"none",1.3,69,"SVP (BIC)",1,1,1,1,0.00261927850804887
"none",1.3,70,"PELT",1,1,1,1,6.58907689319284e-06
"none",1.3,70,"SVP",1,1,1,1,6.58907689319284e-06
"none",1.3,70,"SVP (BIC)",1,1,1,1,6.58907689319284e-06
"none",1.3,71,"PELT",1,1,1,1,1.13578737467708e-06
"none",1.3,71,"SVP",1,1,1,1,1.13578737467708e-06
"none",1.3,71,"SVP (BIC)",1,1,1,1,1.13578737467708e-06
"none",1.3,72,"PELT",1,1,1,1,0.00173173504889291
"none",1.3,72,"SVP",1,1,1,1,0.00173173504889291
"none",1.3,72,"SVP (BIC)",1,1,1,1,0.00173173504889291
"none",1.3,73,"PELT",1,1,1,1,0.000736236583206977
"none",1.3,73,"SVP",1,1,1,1,0.000736236583206977
"none",1.3,73,"SVP (BIC)",1,1,1,1,0.000736236583206977
"none",1.3,74,"PELT",1,1,1,1,8.1489415532158e-06
"none",1.3,74,"SVP",1,1,1,1,8.1489415532158e-06
"none",1.3,74,"SVP (BIC)",1,1,1,1,8.1489415532158e-06
"none",1.3,75,"PELT",1,1,1,1,0.00113420071161503
"none",1.3,75,"SVP",1,1,1,1,0.00113420071161503
"none",1.3,75,"SVP (BIC)",1,1,1,1,0.00113420071161503
"none",1.3,76,"PELT",1,1,1,1,0.000116972576310271
"none",1.3,76,"SVP",1,1,1,1,0.000116972576310271
"none",1.3,76,"SVP (BIC)",1,1,1,1,0.000116972576310271
"none",1.3,77,"PELT",1,1,1,1,0.000838374001795501
"none",1.3,77,"SVP",1,1,1,1,0.000838374001795501
"none",1.3,77,"SVP (BIC)",1,1,1,1,0.000838374001795501
"none",1.3,78,"PELT",1,1,1,1,3.92639473291905e-05
"none",1.3,78,"SVP",1,1,1,1,3.92639473291905e-05
"none",1.3,78,"SVP (BIC)",1,1,1,1,3.92639473291905e-05
"none",1.3,79,"PELT",1,1,1,1,0.000445917923491539
"none",1.3,79,"SVP",1,1,1,1,0.000445917923491539
"none",1.3,79,"SVP (BIC)",1,1,1,1,0.000445917923491539
"none",1.3,80,"PELT",1,1,1,1,0.000576123267413524
"none",1.3,80,"SVP",1,1,1,1,0.000576123267413524
"none",1.3,80,"SVP (BIC)",1,1,1,1,0.000576123267413524
"none",1.3,81,"PELT",1,1,1,1,0.000632670743311557
"none",1.3,81,"SVP",1,1,1,1,0.000632670743311557
"none",1.3,81,"SVP (BIC)",1,1,1,1,0.000632670743311557
"none",1.3,82,"PELT",1,1,1,1,3.55819935592889e-05
"none",1.3,82,"SVP",1,1,1,1,3.55819935592889e-05
"none",1.3,82,"SVP (BIC)",1,1,1,1,3.55819935592889e-05
"none",1.3,83,"PELT",1,1,1,1,0.0017202002846391
"none",1.3,83,"SVP",1,1,1,1,0.0017202002846391
"none",1.3,83,"SVP (BIC)",1,1,1,1,0.0017202002846391
"none",1.3,84,"PELT",1,1,1,1,8.99602934872714e-05
"none",1.3,84,"SVP",1,1,1,1,8.99602934872714e-05
"none",1.3,84,"SVP (BIC)",1,1,1,1,8.99602934872714e-05
"none",1.3,85,"PELT",1,1,1,1,4.24838519897743e-05
"none",1.3,85,"SVP",1,1,1,1,4.24838519897743e-05
"none",1.3,85,"SVP (BIC)",1,1,1,1,4.24838519897743e-05
"none",1.3,86,"PELT",1,1,1,1,0.000120164349738894
"none",1.3,86,"SVP",1,1,1,1,0.000120164349738894
"none",1.3,86,"SVP (BIC)",1,1,1,1,0.000120164349738894
"none",1.3,87,"PELT",1,1,1,1,0.000449667789120817
"none",1.3,87,"SVP",1,1,1,1,0.000449667789120817
"none",1.3,87,"SVP (BIC)",1,1,1,1,0.000449667789120817
"none",1.3,88,"PELT",1,1,1,1,0.000160057076838568
"none",1.3,88,"SVP",1,1,1,1,0.000160057076838568
"none",1.3,88,"SVP (BIC)",1,1,1,1,0.000160057076838568
"none",1.3,89,"PELT",1,1,1,1,0.000347774278675027
"none",1.3,89,"SVP",1,1,1,1,0.000347774278675027
"none",1.3,89,"SVP (BIC)",1,1,1,1,0.000347774278675027
"none",1.3,90,"PELT",1,1,1,1,9.80874803477072e-07
"none",1.3,90,"SVP",1,1,1,1,9.80874803477072e-07
"none",1.3,90,"SVP (BIC)",1,1,1,1,9.80874803477072e-07
"none",1.3,91,"PELT",1,1,1,1,0.00017528772367979
"none",1.3,91,"SVP",1,1,1,1,0.00017528772367979
"none",1.3,91,"SVP (BIC)",1,1,1,1,0.00017528772367979
"none",1.3,92,"PELT",1,1,1,1,0.00228812727246108
"none",1.3,92,"SVP",1,1,1,1,0.00228812727246108
"none",1.3,92,"SVP (BIC)",1,1,1,1,0.00228812727246108
"none",1.3,93,"PELT",1,1,1,1,5.69291538473571e-05
"none",1.3,93,"SVP",0.5,1,0.666666666666667,2,0.00147524007896856
"none",1.3,93,"SVP (BIC)",1,1,1,1,5.69291538473571e-05
"none",1.3,94,"PELT",1,1,1,1,0.00093446191717689
"none",1.3,94,"SVP",1,1,1,1,0.00093446191717689
"none",1.3,94,"SVP (BIC)",1,1,1,1,0.00093446191717689
"none",1.3,95,"PELT",1,1,1,1,0.00164791412127181
"none",1.3,95,"SVP",0.5,1,0.666666666666667,2,0.00629999679847095
"none",1.3,95,"SVP (BIC)",1,1,1,1,0.00164791412127181
"none",1.3,96,"PELT",1,1,1,1,0.000107792470675007
"none",1.3,96,"SVP",1,1,1,1,0.000107792470675007
"none",1.3,96,"SVP (BIC)",1,1,1,1,0.000107792470675007
"none",1.3,97,"PELT",1,1,1,1,0.000450392398346706
"none",1.3,97,"SVP",1,1,1,1,0.000450392398346706
"none",1.3,97,"SVP (BIC)",1,1,1,1,0.000450392398346706
"none",1.3,98,"PELT",1,1,1,1,0.00186953411154434
"none",1.3,98,"SVP",1,1,1,1,0.00186953411154434
"none",1.3,98,"SVP (BIC)",1,1,1,1,0.00186953411154434
"none",1.3,99,"PELT",1,1,1,1,0.00167652334756852
"none",1.3,99,"SVP",1,1,1,1,0.00167652334756852
"none",1.3,99,"SVP (BIC)",1,1,1,1,0.00167652334756852
"none",1.3,100,"PELT",1,1,1,1,0.00119611369427504
"none",1.3,100,"SVP",1,1,1,1,0.00119611369427504
"none",1.3,100,"SVP (BIC)",1,1,1,1,0.00119611369427504
"up",1.3,1,"PELT",0.75,0.75,0.75,8,0.0441011153431058
"up",1.3,1,"SVP",0.75,0.75,0.75,8,0.0441011153431058
"up",1.3,1,"SVP (BIC)",0.75,0.75,0.75,8,0.0441011153431058
"up",1.3,2,"PELT",0.875,0.875,0.875,8,0.0225389112476415
"up",1.3,2,"SVP",0.875,0.875,0.875,8,0.0225389112476415
"up",1.3,2,"SVP (BIC)",0.875,0.875,0.875,8,0.0225389112476415
"up",1.3,3,"PELT",0.875,0.875,0.875,8,0.0294357763105975
"up",1.3,3,"SVP",0.875,0.875,0.875,8,0.0294357763105975
"up",1.3,3,"SVP (BIC)",0.875,0.875,0.875,8,0.0294357763105975
"up",1.3,4,"PELT",0.875,0.875,0.875,8,0.0220481688165313
"up",1.3,4,"SVP",0.875,0.875,0.875,8,0.0220481688165313
"up",1.3,4,"SVP (BIC)",0.875,0.875,0.875,8,0.0220481688165313
"up",1.3,5,"PELT",0.75,0.75,0.75,8,0.025386712175045
"up",1.3,5,"SVP",0.75,0.75,0.75,8,0.025386712175045
"up",1.3,5,"SVP (BIC)",0.75,0.75,0.75,8,0.025386712175045
"up",1.3,6,"PELT",1,1,1,8,0.0196752914117614
"up",1.3,6,"SVP",1,1,1,8,0.0196752914117614
"up",1.3,6,"SVP (BIC)",1,1,1,8,0.0196752914117614
"up",1.3,7,"PELT",0.625,0.625,0.625,8,0.0348064901893889
"up",1.3,7,"SVP",0.625,0.625,0.625,8,0.0348064901893889
"up",1.3,7,"SVP (BIC)",0.625,0.625,0.625,8,0.0348064901893889
"up",1.3,8,"PELT",0.875,0.875,0.875,8,0.0195968692219641
"up",1.3,8,"SVP",0.875,0.875,0.875,8,0.0195968692219641
"up",1.3,8,"SVP (BIC)",0.875,0.875,0.875,8,0.0195968692219641
"up",1.3,9,"PELT",0.75,0.75,0.75,8,0.0214935625151995
"up",1.3,9,"SVP",0.75,0.75,0.75,8,0.0214935625151995
"up",1.3,9,"SVP (BIC)",0.75,0.75,0.75,8,0.0214935625151995
"up",1.3,10,"PELT",1,1,1,8,0.0186008200971594
"up",1.3,10,"SVP",1,1,1,8,0.0186008200971594
"up",1.3,10,"SVP (BIC)",1,1,1,8,0.0186008200971594
"up",1.3,11,"PELT",0.625,0.625,0.625,8,0.042990326096684
"up",1.3,11,"SVP",0.625,0.625,0.625,8,0.042990326096684
"up",1.3,11,"SVP (BIC)",0.625,0.625,0.625,8,0.042990326096684
"up",1.3,12,"PELT",0.875,0.875,0.875,8,0.0125862229176472
"up",1.3,12,"SVP",0.875,0.875,0.875,8,0.0125862229176472
"up",1.3,12,"SVP (BIC)",0.875,0.875,0.875,8,0.0125862229176472
"up",1.3,13,"PELT",0.75,0.75,0.75,8,0.0362925592342135
"up",1.3,13,"SVP",0.75,0.75,0.75,8,0.0362925592342135
"up",1.3,13,"SVP (BIC)",0.75,0.75,0.75,8,0.0362925592342135
"up",1.3,14,"PELT",0.75,0.75,0.75,8,0.0398575691063761
"up",1.3,14,"SVP",0.75,0.75,0.75,8,0.0398575691063761
"up",1.3,14,"SVP (BIC)",0.75,0.75,0.75,8,0.0398575691063761
"up",1.3,15,"PELT",1,1,1,8,0.0177756288126165
"up",1.3,15,"SVP",1,1,1,8,0.0177756288126165
"up",1.3,15,"SVP (BIC)",1,1,1,8,0.0177756288126165
"up",1.3,16,"PELT",0.875,0.875,0.875,8,0.0215758157284124
"up",1.3,16,"SVP",0.875,0.875,0.875,8,0.0215758157284124
"up",1.3,16,"SVP (BIC)",0.875,0.875,0.875,8,0.0215758157284124
"up",1.3,17,"PELT",0.625,0.625,0.625,8,0.0342502679037494
"up",1.3,17,"SVP",0.625,0.625,0.625,8,0.0342502679037494
"up",1.3,17,"SVP (BIC)",0.625,0.625,0.625,8,0.0342502679037494
"up",1.3,18,"PELT",0.75,0.75,0.75,8,0.021177083705507
"up",1.3,18,"SVP",0.75,0.75,0.75,8,0.021177083705507
"up",1.3,18,"SVP (BIC)",0.75,0.75,0.75,8,0.021177083705507
"up",1.3,19,"PELT",0.625,0.625,0.625,8,0.0444367187523246
"up",1.3,19,"SVP",0.625,0.625,0.625,8,0.0444367187523246
"up",1.3,19,"SVP (BIC)",0.625,0.625,0.625,8,0.0444367187523246
"up",1.3,20,"PELT",0.75,0.75,0.75,8,0.0308144840162046
"up",1.3,20,"SVP",0.75,0.75,0.75,8,0.0308144840162046
"up",1.3,20,"SVP (BIC)",0.75,0.75,0.75,8,0.0308144840162046
"up",1.3,21,"PELT",0.75,0.75,0.75,8,0.0248937012227442
"up",1.3,21,"SVP",0.75,0.75,0.75,8,0.0248937012227442
"up",1.3,21,"SVP (BIC)",0.75,0.75,0.75,8,0.0248937012227442
"up",1.3,22,"PELT",0.875,0.875,0.875,8,0.0192576238717346
"up",1.3,22,"SVP",0.875,0.875,0.875,8,0.0192576238717346
"up",1.3,22,"SVP (BIC)",0.875,0.875,0.875,8,0.0192576238717346
"up",1.3,23,"PELT",0.875,0.875,0.875,8,0.0252613306826992
"up",1.3,23,"SVP",0.875,0.875,0.875,8,0.0252613306826992
"up",1.3,23,"SVP (BIC)",0.875,0.875,0.875,8,0.0252613306826992
"up",1.3,24,"PELT",1,1,1,8,0.00817975546010872
"up",1.3,24,"SVP",1,1,1,8,0.00817975546010872
"up",1.3,24,"SVP (BIC)",1,1,1,8,0.00817975546010872
"up",1.3,25,"PELT",0.75,0.75,0.75,8,0.0285457346205834
"up",1.3,25,"SVP",0.75,0.75,0.75,8,0.0285457346205834
"up",1.3,25,"SVP (BIC)",0.75,0.75,0.75,8,0.0285457346205834
"up",1.3,26,"PELT",0.625,0.625,0.625,8,0.0375722681545688
"up",1.3,26,"SVP",0.625,0.625,0.625,8,0.0375722681545688
"up",1.3,26,"SVP (BIC)",0.625,0.625,0.625,8,0.0375722681545688
"up",1.3,27,"PELT",0.875,0.875,0.875,8,0.0182525303994438
"up",1.3,27,"SVP",0.875,0.875,0.875,8,0.0384383774988922
"up",1.3,27,"SVP (BIC)",0.875,0.875,0.875,8,0.0182525303994438
"up",1.3,28,"PELT",0.625,0.625,0.625,8,0.0317608881851705
"up",1.3,28,"SVP",0.625,0.625,0.625,8,0.0317608881851705
"up",1.3,28,"SVP (BIC)",0.625,0.625,0.625,8,0.0317608881851705
"up",1.3,29,"PELT",0.625,0.625,0.625,8,0.0351745280932926
"up",1.3,29,"SVP",0.625,0.625,0.625,8,0.0351745280932926
"up",1.3,29,"SVP (BIC)",0.625,0.625,0.625,8,0.0351745280932926
"up",1.3,30,"PELT",0.75,0.75,0.75,8,0.0252208463281919
"up",1.3,30,"SVP",0.75,0.75,0.75,8,0.0252208463281919
"up",1.3,30,"SVP (BIC)",0.75,0.75,0.75,8,0.0252208463281919
"up",1.3,31,"PELT",1,1,1,8,0.010640943010173
"up",1.3,31,"SVP",1,1,1,8,0.010640943010173
"up",1.3,31,"SVP (BIC)",1,1,1,8,0.010640943010173
"up",1.3,32,"PELT",0.75,0.75,0.75,8,0.0266387892020598
"up",1.3,32,"SVP",0.75,0.75,0.75,8,0.0266387892020598
"up",1.3,32,"SVP (BIC)",0.75,0.75,0.75,8,0.0266387892020598
"up",1.3,33,"PELT",0.75,0.75,0.75,8,0.0276370558046421
"up",1.3,33,"SVP",0.75,0.75,0.75,8,0.0276370558046421
"up",1.3,33,"SVP (BIC)",0.75,0.75,0.75,8,0.0276370558046421
"up",1.3,34,"PELT",0.875,0.875,0.875,8,0.0325172335929016
"up",1.3,34,"SVP",0.875,0.875,0.875,8,0.0325172335929016
"up",1.3,34,"SVP (BIC)",0.875,0.875,0.875,8,0.0325172335929016
"up",1.3,35,"PELT",1,1,1,8,0.0212069362785913
"up",1.3,35,"SVP",1,1,1,8,0.0212069362785913
"up",1.3,35,"SVP (BIC)",1,1,1,8,0.0212069362785913
"up",1.3,36,"PELT",0.875,0.875,0.875,8,0.0204383677167867
"up",1.3,36,"SVP",0.875,0.875,0.875,8,0.0204383677167867
"up",1.3,36,"SVP (BIC)",0.875,0.875,0.875,8,0.0204383677167867
"up",1.3,37,"PELT",0.75,0.75,0.75,8,0.0252080652652206
"up",1.3,37,"SVP",0.75,0.75,0.75,8,0.0252080652652206
"up",1.3,37,"SVP (BIC)",0.75,0.75,0.75,8,0.0252080652652206
"up",1.3,38,"PELT",0.875,0.875,0.875,8,0.0152237634916871
"up",1.3,38,"SVP",0.875,0.875,0.875,8,0.0152237634916871
"up",1.3,38,"SVP (BIC)",0.875,0.875,0.875,8,0.0152237634916871
"up",1.3,39,"PELT",0.75,0.75,0.75,8,0.0302787095589492
"up",1.3,39,"SVP",0.666666666666667,0.75,0.705882352941177,9,0.0413870739335697
"up",1.3,39,"SVP (BIC)",0.75,0.75,0.75,8,0.0302787095589492
"up",1.3,40,"PELT",0.75,0.75,0.75,8,0.0280232408989115
"up",1.3,40,"SVP",0.75,0.75,0.75,8,0.0280232408989115
"up",1.3,40,"SVP (BIC)",0.75,0.75,0.75,8,0.0280232408989115
"up",1.3,41,"PELT",0.875,0.875,0.875,8,0.0182245934419844
"up",1.3,41,"SVP",0.875,0.875,0.875,8,0.0182245934419844
"up",1.3,41,"SVP (BIC)",0.875,0.875,0.875,8,0.0182245934419844
"up",1.3,42,"PELT",1,1,1,8,0.0287526833319945
"up",1.3,42,"SVP",1,1,1,8,0.0287526833319945
"up",1.3,42,"SVP (BIC)",1,1,1,8,0.0287526833319945
"up",1.3,43,"PELT",0.625,0.625,0.625,8,0.0394733064838746
"up",1.3,43,"SVP",0.625,0.625,0.625,8,0.0394733064838746
"up",1.3,43,"SVP (BIC)",0.625,0.625,0.625,8,0.0394733064838746
"up",1.3,44,"PELT",0.625,0.625,0.625,8,0.0298361444411147
"up",1.3,44,"SVP",0.625,0.625,0.625,8,0.0298361444411147
"up",1.3,44,"SVP (BIC)",0.625,0.625,0.625,8,0.0298361444411147
"up",1.3,45,"PELT",0.5,0.5,0.5,8,0.033425574041748
"up",1.3,45,"SVP",0.5,0.5,0.5,8,0.033425574041748
"up",1.3,45,"SVP (BIC)",0.5,0.5,0.5,8,0.033425574041748
"up",1.3,46,"PELT",0.625,0.625,0.625,8,0.0366984797718081
"up",1.3,46,"SVP",0.625,0.625,0.625,8,0.0366984797718081
"up",1.3,46,"SVP (BIC)",0.625,0.625,0.625,8,0.0366984797718081
"up",1.3,47,"PELT",1,1,1,8,0.0158835880136681
"up",1.3,47,"SVP",1,1,1,8,0.0158835880136681
"up",1.3,47,"SVP (BIC)",1,1,1,8,0.0158835880136681
"up",1.3,48,"PELT",0.666666666666667,0.75,0.705882352941177,9,0.0673498607527018
"up",1.3,48,"SVP",0.75,0.75,0.75,8,0.0539884820397682
"up",1.3,48,"SVP (BIC)",0.75,0.75,0.75,8,0.0539884820397682
"up",1.3,49,"PELT",1,1,1,8,0.0202891158178242
"up",1.3,49,"SVP",1,1,1,8,0.0202891158178242
"up",1.3,49,"SVP (BIC)",1,1,1,8,0.0202891158178242
"up",1.3,50,"PELT",0.75,0.75,0.75,8,0.0268523883210685
"up",1.3,50,"SVP",0.75,0.75,0.75,8,0.0268523883210685
"up",1.3,50,"SVP (BIC)",0.75,0.75,0.75,8,0.0268523883210685
"up",1.3,51,"PELT",0.875,0.875,0.875,8,0.0401169348786086
"up",1.3,51,"SVP",0.875,0.875,0.875,8,0.0401169348786086
"up",1.3,51,"SVP (BIC)",0.875,0.875,0.875,8,0.0401169348786086
"up",1.3,52,"PELT",0.875,0.875,0.875,8,0.0195988227076778
"up",1.3,52,"SVP",0.875,0.875,0.875,8,0.0195988227076778
"up",1.3,52,"SVP (BIC)",0.875,0.875,0.875,8,0.0195988227076778
"up",1.3,53,"PELT",0.625,0.625,0.625,8,0.0397307706508774
"up",1.3,53,"SVP",0.625,0.625,0.625,8,0.0397307706508774
"up",1.3,53,"SVP (BIC)",0.625,0.625,0.625,8,0.0397307706508774
"up",1.3,54,"PELT",0.875,0.875,0.875,8,0.0185949001113315
"up",1.3,54,"SVP",0.875,0.875,0.875,8,0.0185949001113315
"up",1.3,54,"SVP (BIC)",0.875,0.875,0.875,8,0.0185949001113315
"up",1.3,55,"PELT",0.75,0.75,0.75,8,0.0434087260866771
"up",1.3,55,"SVP",0.75,0.75,0.75,8,0.0434087260866771
"up",1.3,55,"SVP (BIC)",0.75,0.75,0.75,8,0.0434087260866771
"up",1.3,56,"PELT",0.875,0.875,0.875,8,0.0252978672585007
"up",1.3,56,"SVP",0.875,0.875,0.875,8,0.0252978672585007
"up",1.3,56,"SVP (BIC)",0.875,0.875,0.875,8,0.0252978672585007
"up",1.3,57,"PELT",0.875,0.875,0.875,8,0.0192379852844352
"up",1.3,57,"SVP",0.875,0.875,0.875,8,0.0192379852844352
"up",1.3,57,"SVP (BIC)",0.875,0.875,0.875,8,0.0192379852844352
"up",1.3,58,"PELT",1,1,1,8,0.0130217912185809
"up",1.3,58,"SVP",1,1,1,8,0.0130217912185809
"up",1.3,58,"SVP (BIC)",1,1,1,8,0.0130217912185809
"up",1.3,59,"PELT",0.875,0.875,0.875,8,0.0263661187080027
"up",1.3,59,"SVP",0.875,0.875,0.875,8,0.0263661187080027
"up",1.3,59,"SVP (BIC)",0.875,0.875,0.875,8,0.0263661187080027
"up",1.3,60,"PELT",0.5,0.5,0.5,8,0.0366064061023531
"up",1.3,60,"SVP",0.5,0.5,0.5,8,0.0366064061023531
"up",1.3,60,"SVP (BIC)",0.5,0.5,0.5,8,0.0366064061023531
"up",1.3,61,"PELT",0.75,0.75,0.75,8,0.0301785924956885
"up",1.3,61,"SVP",0.75,0.75,0.75,8,0.0301785924956885
"up",1.3,61,"SVP (BIC)",0.75,0.75,0.75,8,0.0301785924956885
"up",1.3,62,"PELT",0.75,0.75,0.75,8,0.0224535759437136
"up",1.3,62,"SVP",0.75,0.75,0.75,8,0.0224535759437136
"up",1.3,62,"SVP (BIC)",0.75,0.75,0.75,8,0.0224535759437136
"up",1.3,63,"PELT",0.625,0.625,0.625,8,0.0364054082700885
"up",1.3,63,"SVP",0.625,0.625,0.625,8,0.0364054082700885
"up",1.3,63,"SVP (BIC)",0.625,0.625,0.625,8,0.0364054082700885
"up",1.3,64,"PELT",0.875,0.875,0.875,8,0.0237637082882953
"up",1.3,64,"SVP",0.875,0.875,0.875,8,0.0237637082882953
"up",1.3,64,"SVP (BIC)",0.875,0.875,0.875,8,0.0237637082882953
"up",1.3,65,"PELT",0.75,0.75,0.75,8,0.02161636866089
"up",1.3,65,"SVP",0.75,0.75,0.75,8,0.02161636866089
"up",1.3,65,"SVP (BIC)",0.75,0.75,0.75,8,0.02161636866089
"up",1.3,66,"PELT",0.875,0.875,0.875,8,0.0213910996377669
"up",1.3,66,"SVP",0.875,0.875,0.875,8,0.0213910996377669
"up",1.3,66,"SVP (BIC)",0.875,0.875,0.875,8,0.0213910996377669
"up",1.3,67,"PELT",0.625,0.625,0.625,8,0.0407730410180595
"up",1.3,67,"SVP",0.625,0.625,0.625,8,0.0407730410180595
"up",1.3,67,"SVP (BIC)",0.625,0.625,0.625,8,0.0407730410180595
"up",1.3,68,"PELT",0.625,0.625,0.625,8,0.0437591219819765
"up",1.3,68,"SVP",0.625,0.625,0.625,8,0.0437591219819765
"up",1.3,68,"SVP (BIC)",0.625,0.625,0.625,8,0.0437591219819765
"up",1.3,69,"PELT",0.875,0.875,0.875,8,0.0250393719885989
"up",1.3,69,"SVP",0.875,0.875,0.875,8,0.0250393719885989
"up",1.3,69,"SVP (BIC)",0.875,0.875,0.875,8,0.0250393719885989
"up",1.3,70,"PELT",0.75,0.75,0.75,8,0.0288013653408426
"up",1.3,70,"SVP",0.75,0.75,0.75,8,0.0288013653408426
"up",1.3,70,"SVP (BIC)",0.75,0.75,0.75,8,0.0288013653408426
"up",1.3,71,"PELT",1,1,1,8,0.0153005384400861
"up",1.3,71,"SVP",1,1,1,8,0.0153005384400861
"up",1.3,71,"SVP (BIC)",1,1,1,8,0.0153005384400861
"up",1.3,72,"PELT",1,1,1,8,0.0100934920658101
"up",1.3,72,"SVP",1,1,1,8,0.0100934920658101
"up",1.3,72,"SVP (BIC)",1,1,1,8,0.0100934920658101
"up",1.3,73,"PELT",0.5,0.5,0.5,8,0.042591202710926
"up",1.3,73,"SVP",0.5,0.5,0.5,8,0.042591202710926
"up",1.3,73,"SVP (BIC)",0.5,0.5,0.5,8,0.042591202710926
"up",1.3,74,"PELT",0.75,0.75,0.75,8,0.0349457733264141
"up",1.3,74,"SVP",0.75,0.75,0.75,8,0.0349457733264141
"up",1.3,74,"SVP (BIC)",0.75,0.75,0.75,8,0.0349457733264141
"up",1.3,75,"PELT",0.875,0.875,0.875,8,0.0338654325171055
"up",1.3,75,"SVP",0.875,0.875,0.875,8,0.0338654325171055
"up",1.3,75,"SVP (BIC)",0.875,0.875,0.875,8,0.0338654325171055
"up",1.3,76,"PELT",0.75,0.75,0.75,8,0.0225215654440987
"up",1.3,76,"SVP",0.75,0.75,0.75,8,0.0225215654440987
"up",1.3,76,"SVP (BIC)",0.75,0.75,0.75,8,0.0225215654440987
"up",1.3,77,"PELT",1,1,1,8,0.022715012336482
"up",1.3,77,"SVP",1,1,1,8,0.022715012336482
"up",1.3,77,"SVP (BIC)",1,1,1,8,0.022715012336482
"up",1.3,78,"PELT",0.75,0.75,0.75,8,0.0340417988044501
"up",1.3,78,"SVP",0.75,0.75,0.75,8,0.0340417988044501
"up",1.3,78,"SVP (BIC)",0.75,0.75,0.75,8,0.0340417988044501
"up",1.3,79,"PELT",0.625,0.625,0.625,8,0.032902319471076
"up",1.3,79,"SVP",0.625,0.625,0.625,8,0.032902319471076
"up",1.3,79,"SVP (BIC)",0.625,0.625,0.625,8,0.032902319471076
"up",1.3,80,"PELT",0.875,0.875,0.875,8,0.0240454732631804
"up",1.3,80,"SVP",0.875,0.875,0.875,8,0.0240454732631804
"up",1.3,80,"SVP (BIC)",0.875,0.875,0.875,8,0.0240454732631804
"up",1.3,81,"PELT",0.625,0.625,0.625,8,0.0350599036835705
"up",1.3,81,"SVP",0.625,0.625,0.625,8,0.0350599036835705
"up",1.3,81,"SVP (BIC)",0.625,0.625,0.625,8,0.0350599036835705
"up",1.3,82,"PELT",0.777777777777778,0.875,0.823529411764706,9,0.0475891973753671
"up",1.3,82,"SVP",0.875,0.875,0.875,8,0.0185683754737775
"up",1.3,82,"SVP (BIC)",0.875,0.875,0.875,8,0.0185683754737775
"up",1.3,83,"PELT",0.75,0.75,0.75,8,0.030290599330865
"up",1.3,83,"SVP",0.75,0.75,0.75,8,0.030290599330865
"up",1.3,83,"SVP (BIC)",0.75,0.75,0.75,8,0.030290599330865
"up",1.3,84,"PELT",0.625,0.625,0.625,8,0.0366160610570241
"up",1.3,84,"SVP",0.625,0.625,0.625,8,0.0366160610570241
"up",1.3,84,"SVP (BIC)",0.625,0.625,0.625,8,0.0366160610570241
"up",1.3,85,"PELT",0.625,0.625,0.625,8,0.0374580870204542
"up",1.3,85,"SVP",0.625,0.625,0.625,8,0.0374580870204542
"up",1.3,85,"SVP (BIC)",0.625,0.625,0.625,8,0.0374580870204542
"up",1.3,86,"PELT",0.5,0.5,0.5,8,0.0365532748527238
"up",1.3,86,"SVP",0.5,0.5,0.5,8,0.0365532748527238
"up",1.3,86,"SVP (BIC)",0.5,0.5,0.5,8,0.0365532748527238
"up",1.3,87,"PELT",1,1,1,8,0.0199386573210559
"up",1.3,87,"SVP",1,1,1,8,0.0199386573210559
"up",1.3,87,"SVP (BIC)",1,1,1,8,0.0199386573210559
"up",1.3,88,"PELT",0.75,0.75,0.75,8,0.0232714545244889
"up",1.3,88,"SVP",0.75,0.75,0.75,8,0.0232714545244889
"up",1.3,88,"SVP (BIC)",0.75,0.75,0.75,8,0.0232714545244889
"up",1.3,89,"PELT",0.875,0.875,0.875,8,0.0243105529125114
"up",1.3,89,"SVP",0.875,0.875,0.875,8,0.0243105529125114
"up",1.3,89,"SVP (BIC)",0.875,0.875,0.875,8,0.0243105529125114
"up",1.3,90,"PELT",0.75,0.75,0.75,8,0.0305446129337964
"up",1.3,90,"SVP",0.75,0.75,0.75,8,0.0305446129337964
"up",1.3,90,"SVP (BIC)",0.75,0.75,0.75,8,0.0305446129337964
"up",1.3,91,"PELT",0.625,0.625,0.625,8,0.0293434508923479
"up",1.3,91,"SVP",0.625,0.625,0.625,8,0.0293434508923479
"up",1.3,91,"SVP (BIC)",0.625,0.625,0.625,8,0.0293434508923479
"up",1.3,92,"PELT",0.666666666666667,0.75,0.705882352941177,9,0.0459471103524799
"up",1.3,92,"SVP",0.75,0.75,0.75,8,0.0235844996956919
"up",1.3,92,"SVP (BIC)",0.875,0.875,0.875,8,0.0189936684405733
"up",1.3,93,"PELT",0.75,0.75,0.75,8,0.031059348249893
"up",1.3,93,"SVP",0.75,0.75,0.75,8,0.031059348249893
"up",1.3,93,"SVP (BIC)",0.75,0.75,0.75,8,0.031059348249893
"up",1.3,94,"PELT",0.875,0.875,0.875,8,0.0170250443169905
"up",1.3,94,"SVP",0.875,0.875,0.875,8,0.0170250443169905
"up",1.3,94,"SVP (BIC)",0.875,0.875,0.875,8,0.0170250443169905
"up",1.3,95,"PELT",0.625,0.625,0.625,8,0.0279711636439831
"up",1.3,95,"SVP",0.625,0.625,0.625,8,0.0279711636439831
"up",1.3,95,"SVP (BIC)",0.625,0.625,0.625,8,0.0279711636439831
"up",1.3,96,"PELT",0.875,0.875,0.875,8,0.0451963962155267
"up",1.3,96,"SVP",0.875,0.875,0.875,8,0.0451963962155267
"up",1.3,96,"SVP (BIC)",0.875,0.875,0.875,8,0.0451963962155267
"up",1.3,97,"PELT",1,1,1,8,0.0203665389969591
"up",1.3,97,"SVP",1,1,1,8,0.0203665389969591
"up",1.3,97,"SVP (BIC)",1,1,1,8,0.0203665389969591
"up",1.3,98,"PELT",0.875,0.875,0.875,8,0.0228006406290488
"up",1.3,98,"SVP",0.875,0.875,0.875,8,0.0228006406290488
"up",1.3,98,"SVP (BIC)",0.875,0.875,0.875,8,0.0228006406290488
"up",1.3,99,"PELT",0.75,0.75,0.75,8,0.0276547592256946
"up",1.3,99,"SVP",0.666666666666667,0.75,0.705882352941177,9,0.0387178058125257
"up",1.3,99,"SVP (BIC)",0.75,0.75,0.75,8,0.0276547592256946
"up",1.3,100,"PELT",0.5,0.5,0.5,8,0.0414575501592841
"up",1.3,100,"SVP",0.5,0.5,0.5,8,0.0414575501592841
"up",1.3,100,"SVP (BIC)",0.5,0.5,0.5,8,0.0414575501592841
"updown",1.3,1,"PELT",0.875,0.875,0.875,8,0.0297495193777479
"updown",1.3,1,"SVP",0.875,0.875,0.875,8,0.0297495193777479
"updown",1.3,1,"SVP (BIC)",0.875,0.875,0.875,8,0.0297495193777479
"updown",1.3,2,"PELT",1,1,1,8,0.0178724837258586
"updown",1.3,2,"SVP",1,1,1,8,0.0178724837258586
"updown",1.3,2,"SVP (BIC)",1,1,1,8,0.0178724837258586
"updown",1.3,3,"PELT",1,1,1,8,0.0146774177481125
"updown",1.3,3,"SVP",1,1,1,8,0.0146774177481125
"updown",1.3,3,"SVP (BIC)",1,1,1,8,0.0146774177481125
"updown",1.3,4,"PELT",1,1,1,8,0.0174831279239012
"updown",1.3,4,"SVP",1,1,1,8,0.0174831279239012
"updown",1.3,4,"SVP (BIC)",1,1,1,8,0.0174831279239012
"updown",1.3,5,"PELT",0.625,0.625,0.625,8,0.0272106127268371
"updown",1.3,5,"SVP",0.625,0.625,0.625,8,0.0272106127268371
"updown",1.3,5,"SVP (BIC)",0.625,0.625,0.625,8,0.0272106127268371
"updown",1.3,6,"PELT",0.75,0.75,0.75,8,0.04048808212412
"updown",1.3,6,"SVP",0.75,0.75,0.75,8,0.04048808212412
"updown",1.3,6,"SVP (BIC)",0.75,0.75,0.75,8,0.04048808212412
"updown",1.3,7,"PELT",1,1,1,8,0.0181935661812065
"updown",1.3,7,"SVP",1,1,1,8,0.0181935661812065
"updown",1.3,7,"SVP (BIC)",1,1,1,8,0.0181935661812065
"updown",1.3,8,"PELT",0.75,0.75,0.75,8,0.0177320301197605
"updown",1.3,8,"SVP",0.75,0.75,0.75,8,0.0177320301197605
"updown",1.3,8,"SVP (BIC)",0.75,0.75,0.75,8,0.0177320301197605
"updown",1.3,9,"PELT",0.777777777777778,0.875,0.823529411764706,9,0.0488229877991588
"updown",1.3,9,"SVP",0.75,0.75,0.75,8,0.0366459542115214
"updown",1.3,9,"SVP (BIC)",0.75,0.75,0.75,8,0.0366459542115214
"updown",1.3,10,"PELT",0.75,0.75,0.75,8,0.02092845814869
"updown",1.3,10,"SVP",0.75,0.75,0.75,8,0.02092845814869
"updown",1.3,10,"SVP (BIC)",0.75,0.75,0.75,8,0.02092845814869
"updown",1.3,11,"PELT",1,1,1,8,0.0109838399094968
"updown",1.3,11,"SVP",1,1,1,8,0.0109838399094968
"updown",1.3,11,"SVP (BIC)",1,1,1,8,0.0109838399094968
"updown",1.3,12,"PELT",0.75,0.75,0.75,8,0.0252687919245345
"updown",1.3,12,"SVP",0.75,0.75,0.75,8,0.0252687919245345
"updown",1.3,12,"SVP (BIC)",0.75,0.75,0.75,8,0.0252687919245345
"updown",1.3,13,"PELT",1,1,1,8,0.0150803141447217
"updown",1.3,13,"SVP",1,1,1,8,0.0150803141447217
"updown",1.3,13,"SVP (BIC)",1,1,1,8,0.0150803141447217
"updown",1.3,14,"PELT",1,1,1,8,0.0156110790122135
"updown",1.3,14,"SVP",1,1,1,8,0.0156110790122135
"updown",1.3,14,"SVP (BIC)",1,1,1,8,0.0156110790122135
"updown",1.3,15,"PELT",0.75,0.75,0.75,8,0.0284925778073584
"updown",1.3,15,"SVP",0.75,0.75,0.75,8,0.0284925778073584
"updown",1.3,15,"SVP (BIC)",0.75,0.75,0.75,8,0.0284925778073584
"updown",1.3,16,"PELT",0.875,0.875,0.875,8,0.0201109238605635
"updown",1.3,16,"SVP",0.875,0.875,0.875,8,0.0201109238605635
"updown",1.3,16,"SVP (BIC)",0.875,0.875,0.875,8,0.0201109238605635
"updown",1.3,17,"PELT",0.875,0.875,0.875,8,0.0232084603112073
"updown",1.3,17,"SVP",0.875,0.875,0.875,8,0.0232084603112073
"updown",1.3,17,"SVP (BIC)",0.875,0.875,0.875,8,0.0232084603112073
"updown",1.3,18,"PELT",0.875,0.875,0.875,8,0.00970039702307293
"updown",1.3,18,"SVP",0.875,0.875,0.875,8,0.00970039702307293
"updown",1.3,18,"SVP (BIC)",0.875,0.875,0.875,8,0.00970039702307293
"updown",1.3,19,"PELT",0.777777777777778,0.875,0.823529411764706,9,0.0315556360915928
"updown",1.3,19,"SVP",0.75,0.75,0.75,8,0.0190586969438337
"updown",1.3,19,"SVP (BIC)",0.75,0.75,0.75,8,0.0190586969438337
"updown",1.3,20,"PELT",0.625,0.625,0.625,8,0.0407040414734687
"updown",1.3,20,"SVP",0.625,0.625,0.625,8,0.0407040414734687
"updown",1.3,20,"SVP (BIC)",0.625,0.625,0.625,8,0.0407040414734687
"updown",1.3,21,"PELT",0.875,0.875,0.875,8,0.038691311955263
"updown",1.3,21,"SVP",0.875,0.875,0.875,8,0.038691311955263
"updown",1.3,21,"SVP (BIC)",0.875,0.875,0.875,8,0.038691311955263
"updown",1.3,22,"PELT",0.875,0.875,0.875,8,0.0222778293085605
"updown",1.3,22,"SVP",0.875,0.875,0.875,8,0.0222778293085605
"updown",1.3,22,"SVP (BIC)",0.875,0.875,0.875,8,0.0222778293085605
"updown",1.3,23,"PELT",0.777777777777778,0.875,0.823529411764706,9,0.035869509122861
"updown",1.3,23,"SVP",0.875,0.875,0.875,8,0.0188497760742839
"updown",1.3,23,"SVP (BIC)",0.875,0.875,0.875,8,0.0188497760742839
"updown",1.3,24,"PELT",0.875,0.875,0.875,8,0.0428926749464218
"updown",1.3,24,"SVP",0.875,0.875,0.875,8,0.0428926749464218
"updown",1.3,24,"SVP (BIC)",0.875,0.875,0.875,8,0.0428926749464218
"updown",1.3,25,"PELT",0.5,0.5,0.5,8,0.0521449755590441
"updown",1.3,25,"SVP",0.5,0.5,0.5,8,0.0521449755590441
"updown",1.3,25,"SVP (BIC)",0.5,0.5,0.5,8,0.0521449755590441
"updown",1.3,26,"PELT",0.888888888888889,1,0.941176470588235,9,0.0270176797930091
"updown",1.3,26,"SVP",1,1,1,8,0.0107671328671809
"updown",1.3,26,"SVP (BIC)",1,1,1,8,0.0107671328671809
"updown",1.3,27,"PELT",0.875,0.875,0.875,8,0.0274796708568102
"updown",1.3,27,"SVP",0.875,0.875,0.875,8,0.0274796708568102
"updown",1.3,27,"SVP (BIC)",0.875,0.875,0.875,8,0.0274796708568102
"updown",1.3,28,"PELT",0.875,0.875,0.875,8,0.0176108156305099
"updown",1.3,28,"SVP",0.875,0.875,0.875,8,0.0176108156305099
"updown",1.3,28,"SVP (BIC)",0.875,0.875,0.875,8,0.0176108156305099
"updown",1.3,29,"PELT",0.875,0.875,0.875,8,0.0153086988409255
"updown",1.3,29,"SVP",0.875,0.875,0.875,8,0.0153086988409255
"updown",1.3,29,"SVP (BIC)",0.875,0.875,0.875,8,0.0153086988409255
"updown",1.3,30,"PELT",0.666666666666667,0.75,0.705882352941177,9,0.0422968839511784
"updown",1.3,30,"SVP",0.75,0.75,0.75,8,0.0260816112620404
"updown",1.3,30,"SVP (BIC)",0.75,0.75,0.75,8,0.0260816112620404
"updown",1.3,31,"PELT",1,1,1,8,0.0105909877050134
"updown",1.3,31,"SVP",1,1,1,8,0.0105909877050134
"updown",1.3,31,"SVP (BIC)",1,1,1,8,0.0105909877050134
"updown",1.3,32,"PELT",0.875,0.875,0.875,8,0.0242514420422198
"updown",1.3,32,"SVP",0.875,0.875,0.875,8,0.0242514420422198
"updown",1.3,32,"SVP (BIC)",0.875,0.875,0.875,8,0.0242514420422198
"updown",1.3,33,"PELT",0.875,0.875,0.875,8,0.0166867533441313
"updown",1.3,33,"SVP",0.875,0.875,0.875,8,0.0166867533441313
"updown",1.3,33,"SVP (BIC)",0.875,0.875,0.875,8,0.0166867533441313
"updown",1.3,34,"PELT",0.875,0.875,0.875,8,0.0233135378841546
"updown",1.3,34,"SVP",0.875,0.875,0.875,8,0.0233135378841546
"updown",1.3,34,"SVP (BIC)",0.875,0.875,0.875,8,0.0233135378841546
"updown",1.3,35,"PELT",1,1,1,8,0.0226770805130689
"updown",1.3,35,"SVP",1,1,1,8,0.0226770805130689
"updown",1.3,35,"SVP (BIC)",1,1,1,8,0.0226770805130689
"updown",1.3,36,"PELT",0.875,0.875,0.875,8,0.0241736870257892
"updown",1.3,36,"SVP",0.875,0.875,0.875,8,0.0241736870257892
"updown",1.3,36,"SVP (BIC)",0.875,0.875,0.875,8,0.0241736870257892
"updown",1.3,37,"PELT",0.375,0.375,0.375,8,0.0693577265818851
"updown",1.3,37,"SVP",0.375,0.375,0.375,8,0.0693577265818851
"updown",1.3,37,"SVP (BIC)",0.375,0.375,0.375,8,0.0693577265818851
"updown",1.3,38,"PELT",1,1,1,8,0.0078519021212372
"updown",1.3,38,"SVP",0.888888888888889,1,0.941176470588235,9,0.00830245746604954
"updown",1.3,38,"SVP (BIC)",1,1,1,8,0.0078519021212372
"updown",1.3,39,"PELT",1,1,1,8,0.0203199962334281
"updown",1.3,39,"SVP",1,1,1,8,0.0203199962334281
"updown",1.3,39,"SVP (BIC)",1,1,1,8,0.0203199962334281
"updown",1.3,40,"PELT",0.75,0.75,0.75,8,0.0388145279973618
"updown",1.3,40,"SVP",0.75,0.75,0.75,8,0.0388145279973618
"updown",1.3,40,"SVP (BIC)",0.75,0.75,0.75,8,0.0388145279973618
"updown",1.3,41,"PELT",0.75,0.75,0.75,8,0.0281493177041936
"updown",1.3,41,"SVP",0.75,0.75,0.75,8,0.0281493177041936
"updown",1.3,41,"SVP (BIC)",0.75,0.75,0.75,8,0.0281493177041936
"updown",1.3,42,"PELT",0.5,0.5,0.5,8,0.0507610670500874
"updown",1.3,42,"SVP",0.5,0.5,0.5,8,0.0507610670500874
"updown",1.3,42,"SVP (BIC)",0.5,0.5,0.5,8,0.0507610670500874
"updown",1.3,43,"PELT",0.875,0.875,0.875,8,0.0355131388427707
"updown",1.3,43,"SVP",0.875,0.875,0.875,8,0.0355131388427707
"updown",1.3,43,"SVP (BIC)",0.875,0.875,0.875,8,0.0355131388427707
"updown",1.3,44,"PELT",0.75,0.75,0.75,8,0.038174598141385
"updown",1.3,44,"SVP",0.75,0.75,0.75,8,0.038174598141385
"updown",1.3,44,"SVP (BIC)",0.75,0.75,0.75,8,0.038174598141385
"updown",1.3,45,"PELT",0.875,0.875,0.875,8,0.0133617295972755
"updown",1.3,45,"SVP",0.875,0.875,0.875,8,0.0133617295972755
"updown",1.3,45,"SVP (BIC)",0.875,0.875,0.875,8,0.0133617295972755
"updown",1.3,46,"PELT",0.875,0.875,0.875,8,0.0239630818184909
"updown",1.3,46,"SVP",0.875,0.875,0.875,8,0.0239630818184909
"updown",1.3,46,"SVP (BIC)",0.875,0.875,0.875,8,0.0239630818184909
"updown",1.3,47,"PELT",0.75,0.75,0.75,8,0.0379229878996461
"updown",1.3,47,"SVP",0.75,0.75,0.75,8,0.0379229878996461
"updown",1.3,47,"SVP (BIC)",0.75,0.75,0.75,8,0.0379229878996461
"updown",1.3,48,"PELT",0.5,0.5,0.5,8,0.0387817127469499
"updown",1.3,48,"SVP",0.5,0.5,0.5,8,0.0387817127469499
"updown",1.3,48,"SVP (BIC)",0.5,0.5,0.5,8,0.0387817127469499
"updown",1.3,49,"PELT",0.875,0.875,0.875,8,0.0258609150394641
"updown",1.3,49,"SVP",0.875,0.875,0.875,8,0.0258609150394641
"updown",1.3,49,"SVP (BIC)",0.875,0.875,0.875,8,0.0258609150394641
"updown",1.3,50,"PELT",0.875,0.875,0.875,8,0.0176665339793354
"updown",1.3,50,"SVP",0.875,0.875,0.875,8,0.0176665339793354
"updown",1.3,50,"SVP (BIC)",0.875,0.875,0.875,8,0.0176665339793354
"updown",1.3,51,"PELT",0.875,0.875,0.875,8,0.0190893900662517
"updown",1.3,51,"SVP",0.875,0.875,0.875,8,0.0190893900662517
"updown",1.3,51,"SVP (BIC)",0.875,0.875,0.875,8,0.0190893900662517
"updown",1.3,52,"PELT",0.875,0.875,0.875,8,0.0286863443064395
"updown",1.3,52,"SVP",0.875,0.875,0.875,8,0.0286863443064395
"updown",1.3,52,"SVP (BIC)",0.875,0.875,0.875,8,0.0286863443064395
"updown",1.3,53,"PELT",0.75,0.75,0.75,8,0.038155768600975
"updown",1.3,53,"SVP",0.75,0.75,0.75,8,0.038155768600975
"updown",1.3,53,"SVP (BIC)",0.75,0.75,0.75,8,0.038155768600975
"updown",1.3,54,"PELT",0.875,0.875,0.875,8,0.0215902911093383
"updown",1.3,54,"SVP",0.875,0.875,0.875,8,0.0215902911093383
"updown",1.3,54,"SVP (BIC)",0.875,0.875,0.875,8,0.0215902911093383
"updown",1.3,55,"PELT",0.75,0.75,0.75,8,0.0221557816778769
"updown",1.3,55,"SVP",0.75,0.75,0.75,8,0.0221557816778769
"updown",1.3,55,"SVP (BIC)",0.75,0.75,0.75,8,0.0221557816778769
"updown",1.3,56,"PELT",0.625,0.625,0.625,8,0.0288129249252208
"updown",1.3,56,"SVP",0.625,0.625,0.625,8,0.0288129249252208
"updown",1.3,56,"SVP (BIC)",0.625,0.625,0.625,8,0.0288129249252208
"updown",1.3,57,"PELT",0.75,0.75,0.75,8,0.0308661736615788
"updown",1.3,57,"SVP",0.75,0.75,0.75,8,0.0308661736615788
"updown",1.3,57,"SVP (BIC)",0.75,0.75,0.75,8,0.0308661736615788
"updown",1.3,58,"PELT",1,1,1,8,0.0149224674406842
"updown",1.3,58,"SVP",1,1,1,8,0.0149224674406842
"updown",1.3,58,"SVP (BIC)",1,1,1,8,0.0149224674406842
"updown",1.3,59,"PELT",1,1,1,8,0.00791708089721289
"updown",1.3,59,"SVP",1,1,1,8,0.00791708089721289
"updown",1.3,59,"SVP (BIC)",1,1,1,8,0.00791708089721289
"updown",1.3,60,"PELT",0.75,0.75,0.75,8,0.0260891152852554
"updown",1.3,60,"SVP",0.75,0.75,0.75,8,0.0260891152852554
"updown",1.3,60,"SVP (BIC)",0.75,0.75,0.75,8,0.0260891152852554
"updown",1.3,61,"PELT",0.875,0.875,0.875,8,0.0229645433964825
"updown",1.3,61,"SVP",0.875,0.875,0.875,8,0.0229645433964825
"updown",1.3,61,"SVP (BIC)",0.875,0.875,0.875,8,0.0229645433964825
"updown",1.3,62,"PELT",0.875,0.875,0.875,8,0.0327681939341445
"updown",1.3,62,"SVP",0.875,0.875,0.875,8,0.0327681939341445
"updown",1.3,62,"SVP (BIC)",0.875,0.875,0.875,8,0.0327681939341445
"updown",1.3,63,"PELT",0.875,0.875,0.875,8,0.0281882739093444
"updown",1.3,63,"SVP",0.875,0.875,0.875,8,0.0281882739093444
"updown",1.3,63,"SVP (BIC)",0.875,0.875,0.875,8,0.0281882739093444
"updown",1.3,64,"PELT",0.75,0.75,0.75,8,0.0221220037121868
"updown",1.3,64,"SVP",0.75,0.75,0.75,8,0.0221220037121868
"updown",1.3,64,"SVP (BIC)",0.75,0.75,0.75,8,0.0221220037121868
"updown",1.3,65,"PELT",1,1,1,8,0.0262400760193855
"updown",1.3,65,"SVP",1,1,1,8,0.0262400760193855
"updown",1.3,65,"SVP (BIC)",1,1,1,8,0.0262400760193855
"updown",1.3,66,"PELT",0.75,0.75,0.75,8,0.0649412621854095
"updown",1.3,66,"SVP",0.75,0.75,0.75,8,0.0649412621854095
"updown",1.3,66,"SVP (BIC)",0.75,0.75,0.75,8,0.0649412621854095
"updown",1.3,67,"PELT",1,1,1,8,0.020172015393096
"updown",1.3,67,"SVP",1,1,1,8,0.020172015393096
"updown",1.3,67,"SVP (BIC)",1,1,1,8,0.020172015393096
"updown",1.3,68,"PELT",0.875,0.875,0.875,8,0.029346133804403
"updown",1.3,68,"SVP",0.875,0.875,0.875,8,0.029346133804403
"updown",1.3,68,"SVP (BIC)",0.875,0.875,0.875,8,0.029346133804403
"updown",1.3,69,"PELT",0.75,0.75,0.75,8,0.043087814594069
"updown",1.3,69,"SVP",0.75,0.75,0.75,8,0.043087814594069
"updown",1.3,69,"SVP (BIC)",0.75,0.75,0.75,8,0.043087814594069
"updown",1.3,70,"PELT",0.625,0.625,0.625,8,0.0852794146788605
"updown",1.3,70,"SVP",0.625,0.625,0.625,8,0.0852794146788605
"updown",1.3,70,"SVP (BIC)",0.625,0.625,0.625,8,0.0852794146788605
"updown",1.3,71,"PELT",0.625,0.625,0.625,8,0.026071778322855
"updown",1.3,71,"SVP",0.625,0.625,0.625,8,0.026071778322855
"updown",1.3,71,"SVP (BIC)",0.625,0.625,0.625,8,0.026071778322855
"updown",1.3,72,"PELT",0.666666666666667,0.75,0.705882352941177,9,0.042968434191812
"updown",1.3,72,"SVP",0.75,0.75,0.75,8,0.0267183253004619
"updown",1.3,72,"SVP (BIC)",0.75,0.75,0.75,8,0.0267183253004619
"updown",1.3,73,"PELT",0.625,0.625,0.625,8,0.0506115304673656
"updown",1.3,73,"SVP",0.625,0.625,0.625,8,0.0506115304673656
"updown",1.3,73,"SVP (BIC)",0.625,0.625,0.625,8,0.0506115304673656
"updown",1.3,74,"PELT",0.875,0.875,0.875,8,0.0288594124049889
"updown",1.3,74,"SVP",0.875,0.875,0.875,8,0.0288594124049889
"updown",1.3,74,"SVP (BIC)",0.875,0.875,0.875,8,0.0288594124049889
"updown",1.3,75,"PELT",0.625,0.625,0.625,8,0.0346799592410041
"updown",1.3,75,"SVP",0.625,0.625,0.625,8,0.0346799592410041
"updown",1.3,75,"SVP (BIC)",0.625,0.625,0.625,8,0.0346799592410041
"updown",1.3,76,"PELT",0.875,0.875,0.875,8,0.0159184405352915
"updown",1.3,76,"SVP",0.875,0.875,0.875,8,0.0159184405352915
"updown",1.3,76,"SVP (BIC)",0.875,0.875,0.875,8,0.0159184405352915
"updown",1.3,77,"PELT",0.875,0.875,0.875,8,0.020437294955642
"updown",1.3,77,"SVP",0.875,0.875,0.875,8,0.020437294955642
"updown",1.3,77,"SVP (BIC)",0.875,0.875,0.875,8,0.020437294955642
"updown",1.3,78,"PELT",0.75,0.75,0.75,8,0.0280925332969847
"updown",1.3,78,"SVP",0.75,0.75,0.75,8,0.0280925332969847
"updown",1.3,78,"SVP (BIC)",0.75,0.75,0.75,8,0.0280925332969847
"updown",1.3,79,"PELT",0.625,0.625,0.625,8,0.0412068044507297
"updown",1.3,79,"SVP",0.625,0.625,0.625,8,0.0412068044507297
"updown",1.3,79,"SVP (BIC)",0.625,0.625,0.625,8,0.0412068044507297
"updown",1.3,80,"PELT",0.875,0.875,0.875,8,0.0359615159977467
"updown",1.3,80,"SVP",0.875,0.875,0.875,8,0.0359615159977467
"updown",1.3,80,"SVP (BIC)",0.875,0.875,0.875,8,0.0359615159977467
"updown",1.3,81,"PELT",0.75,0.75,0.75,8,0.0395141357220247
"updown",1.3,81,"SVP",0.75,0.75,0.75,8,0.0395141357220247
"updown",1.3,81,"SVP (BIC)",0.75,0.75,0.75,8,0.0395141357220247
"updown",1.3,82,"PELT",0.625,0.625,0.625,8,0.0251444496011895
"updown",1.3,82,"SVP",0.625,0.625,0.625,8,0.0251444496011895
"updown",1.3,82,"SVP (BIC)",0.625,0.625,0.625,8,0.0251444496011895
"updown",1.3,83,"PELT",0.875,0.875,0.875,8,0.0249907394157061
"updown",1.3,83,"SVP",0.875,0.875,0.875,8,0.0249907394157061
"updown",1.3,83,"SVP (BIC)",0.875,0.875,0.875,8,0.0249907394157061
"updown",1.3,84,"PELT",0.75,0.75,0.75,8,0.0437413977651283
"updown",1.3,84,"SVP",0.75,0.75,0.75,8,0.0437413977651283
"updown",1.3,84,"SVP (BIC)",0.75,0.75,0.75,8,0.0437413977651283
"updown",1.3,85,"PELT",0.875,0.875,0.875,8,0.0307342058960863
"updown",1.3,85,"SVP",0.875,0.875,0.875,8,0.0307342058960863
"updown",1.3,85,"SVP (BIC)",0.875,0.875,0.875,8,0.0307342058960863
"updown",1.3,86,"PELT",0.777777777777778,0.875,0.823529411764706,9,0.0267846640148464
"updown",1.3,86,"SVP",0.875,0.875,0.875,8,0.0119024279074099
"updown",1.3,86,"SVP (BIC)",0.875,0.875,0.875,8,0.0119024279074099
"updown",1.3,87,"PELT",0.625,0.625,0.625,8,0.0447230136954152
"updown",1.3,87,"SVP",0.625,0.625,0.625,8,0.0447230136954152
"updown",1.3,87,"SVP (BIC)",0.625,0.625,0.625,8,0.0447230136954152
"updown",1.3,88,"PELT",0.625,0.625,0.625,8,0.0572827991361442
"updown",1.3,88,"SVP",0.625,0.625,0.625,8,0.0572827991361442
"updown",1.3,88,"SVP (BIC)",0.625,0.625,0.625,8,0.0572827991361442
"updown",1.3,89,"PELT",0.375,0.375,0.375,8,0.0448668309337412
"updown",1.3,89,"SVP",0.375,0.375,0.375,8,0.0448668309337412
"updown",1.3,89,"SVP (BIC)",0.375,0.375,0.375,8,0.0448668309337412
"updown",1.3,90,"PELT",0.75,0.75,0.75,8,0.0199589738964064
"updown",1.3,90,"SVP",0.75,0.75,0.75,8,0.0199589738964064
"updown",1.3,90,"SVP (BIC)",0.75,0.75,0.75,8,0.0199589738964064
"updown",1.3,91,"PELT",0.75,0.75,0.75,8,0.0304204342249625
"updown",1.3,91,"SVP",0.75,0.75,0.75,8,0.0304204342249625
"updown",1.3,91,"SVP (BIC)",0.75,0.75,0.75,8,0.0304204342249625
"updown",1.3,92,"PELT",0.75,0.75,0.75,8,0.0494727965852258
"updown",1.3,92,"SVP",0.75,0.75,0.75,8,0.0494727965852258
"updown",1.3,92,"SVP (BIC)",0.75,0.75,0.75,8,0.0494727965852258
"updown",1.3,93,"PELT",0.625,0.625,0.625,8,0.0371855830261625
"updown",1.3,93,"SVP",0.625,0.625,0.625,8,0.0371855830261625
"updown",1.3,93,"SVP (BIC)",0.625,0.625,0.625,8,0.0371855830261625
"updown",1.3,94,"PELT",1,1,1,8,0.0121056378307578
"updown",1.3,94,"SVP",1,1,1,8,0.0121056378307578
"updown",1.3,94,"SVP (BIC)",1,1,1,8,0.0121056378307578
"updown",1.3,95,"PELT",0.75,0.75,0.75,8,0.0414945343682556
"updown",1.3,95,"SVP",0.75,0.75,0.75,8,0.0414945343682556
"updown",1.3,95,"SVP (BIC)",0.75,0.75,0.75,8,0.0414945343682556
"updown",1.3,96,"PELT",0.75,0.75,0.75,8,0.018533225059555
"updown",1.3,96,"SVP",0.75,0.75,0.75,8,0.018533225059555
"updown",1.3,96,"SVP (BIC)",0.75,0.75,0.75,8,0.018533225059555
"updown",1.3,97,"PELT",0.625,0.625,0.625,8,0.032872391973046
"updown",1.3,97,"SVP",0.625,0.625,0.625,8,0.032872391973046
"updown",1.3,97,"SVP (BIC)",0.625,0.625,0.625,8,0.032872391973046
"updown",1.3,98,"PELT",0.625,0.625,0.625,8,0.0403858976690436
"updown",1.3,98,"SVP",0.625,0.625,0.625,8,0.0403858976690436
"updown",1.3,98,"SVP (BIC)",0.625,0.625,0.625,8,0.0403858976690436
"updown",1.3,99,"PELT",0.875,0.875,0.875,8,0.0152524792689529
"updown",1.3,99,"SVP",0.875,0.875,0.875,8,0.0152524792689529
"updown",1.3,99,"SVP (BIC)",0.875,0.875,0.875,8,0.0152524792689529
"updown",1.3,100,"PELT",1,1,1,8,0.00860454532635285
"updown",1.3,100,"SVP",1,1,1,8,0.00860454532635285
"updown",1.3,100,"SVP (BIC)",1,1,1,8,0.00860454532635285
"rand1",1.3,1,"PELT",1,0.625,0.769230769230769,5,0.0317747818651727
"rand1",1.3,1,"SVP",0.833333333333333,0.625,0.714285714285714,6,0.0413554538709462
"rand1",1.3,1,"SVP (BIC)",1,0.625,0.769230769230769,5,0.0317747818651727
"rand1",1.3,2,"PELT",0.833333333333333,0.625,0.714285714285714,6,0.0198407552519091
"rand1",1.3,2,"SVP",0.833333333333333,0.625,0.714285714285714,6,0.0192715226238343
"rand1",1.3,2,"SVP (BIC)",0.833333333333333,0.625,0.714285714285714,6,0.0198407552519091
"rand1",1.3,3,"PELT",0.666666666666667,0.5,0.571428571428572,6,0.0267523032094811
"rand1",1.3,3,"SVP",1,0.625,0.769230769230769,5,0.0203283043104415
"rand1",1.3,3,"SVP (BIC)",1,0.625,0.769230769230769,5,0.0203283043104415
"rand1",1.3,4,"PELT",0.666666666666667,0.5,0.571428571428572,6,0.0290941449097646
"rand1",1.3,4,"SVP",0.666666666666667,0.5,0.571428571428572,6,0.0290941449097646
"rand1",1.3,4,"SVP (BIC)",0.8,0.5,0.615384615384615,5,0.0341780456911515
"rand1",1.3,5,"PELT",0.714285714285714,0.625,0.666666666666667,7,0.0309054142131747
"rand1",1.3,5,"SVP",1,0.625,0.769230769230769,5,0.0309201701750275
"rand1",1.3,5,"SVP (BIC)",1,0.625,0.769230769230769,5,0.0309201701750275
"rand1",1.3,6,"PELT",1,0.625,0.769230769230769,5,0.0199456691797148
"rand1",1.3,6,"SVP",1,0.625,0.769230769230769,5,0.0199456691797148
"rand1",1.3,6,"SVP (BIC)",1,0.625,0.769230769230769,5,0.0199456691797148
"rand1",1.3,7,"PELT",1,0.625,0.769230769230769,5,0.0278954957042763
"rand1",1.3,7,"SVP",1,0.625,0.769230769230769,5,0.0278954957042763
"rand1",1.3,7,"SVP (BIC)",1,0.625,0.769230769230769,5,0.0278954957042763
"rand1",1.3,8,"PELT",0.714285714285714,0.625,0.666666666666667,7,0.0545551239000663
"rand1",1.3,8,"SVP",0.833333333333333,0.625,0.714285714285714,6,0.039730706199281
"rand1",1.3,8,"SVP (BIC)",0.8,0.5,0.615384615384615,5,0.0443679181044117
"rand1",1.3,9,"PELT",1,0.625,0.769230769230769,5,0.028580645434223
"rand1",1.3,9,"SVP",1,0.625,0.769230769230769,5,0.028580645434223
"rand1",1.3,9,"SVP (BIC)",1,0.625,0.769230769230769,5,0.028580645434223
"rand1",1.3,10,"PELT",0.666666666666667,0.5,0.571428571428572,6,0.0325672049666152
"rand1",1.3,10,"SVP",0.666666666666667,0.5,0.571428571428572,6,0.0325672049666152
"rand1",1.3,10,"SVP (BIC)",0.8,0.5,0.615384615384615,5,0.037265079708729
"rand1",1.3,11,"PELT",0.857142857142857,0.75,0.8,7,0.0215311738721719
"rand1",1.3,11,"SVP",1,0.75,0.857142857142857,6,0.0250391008391538
"rand1",1.3,11,"SVP (BIC)",1,0.625,0.769230769230769,5,0.021181714344745
"rand1",1.3,12,"PELT",1,0.625,0.769230769230769,5,0.0246808158663538
"rand1",1.3,12,"SVP",1,0.625,0.769230769230769,5,0.0246808158663538
"rand1",1.3,12,"SVP (BIC)",1,0.625,0.769230769230769,5,0.0246808158663538
"rand1",1.3,13,"PELT",0.8,0.5,0.615384615384615,5,0.0488108903854639
"rand1",1.3,13,"SVP",0.8,0.5,0.615384615384615,5,0.0488108903854639
"rand1",1.3,13,"SVP (BIC)",0.8,0.5,0.615384615384615,5,0.0488108903854639
"rand1",1.3,14,"PELT",0.714285714285714,0.625,0.666666666666667,7,0.0245341347002601
"rand1",1.3,14,"SVP",1,0.625,0.769230769230769,5,0.0303788825473281
"rand1",1.3,14,"SVP (BIC)",1,0.625,0.769230769230769,5,0.0303788825473281
"rand1",1.3,15,"PELT",0.714285714285714,0.625,0.666666666666667,7,0.0427250673614648
"rand1",1.3,15,"SVP",0.833333333333333,0.625,0.714285714285714,6,0.0283687697360338
"rand1",1.3,15,"SVP (BIC)",0.833333333333333,0.625,0.714285714285714,6,0.0283687697360338
"rand1",1.3,16,"PELT",1,0.625,0.769230769230769,5,0.0270639118417501
"rand1",1.3,16,"SVP",1,0.625,0.769230769230769,5,0.0270639118417501
"rand1",1.3,16,"SVP (BIC)",1,0.625,0.769230769230769,5,0.0270639118417501
"rand1",1.3,17,"PELT",0.8,0.5,0.615384615384615,5,0.0403597458075764
"rand1",1.3,17,"SVP",0.666666666666667,0.5,0.571428571428572,6,0.0408990960488312
"rand1",1.3,17,"SVP (BIC)",0.8,0.5,0.615384615384615,5,0.0403597458075764
"rand1",1.3,18,"PELT",0.8,0.5,0.615384615384615,5,0.0268434492188963
"rand1",1.3,18,"SVP",0.8,0.5,0.615384615384615,5,0.0402410621045619
"rand1",1.3,18,"SVP (BIC)",0.8,0.5,0.615384615384615,5,0.0268434492188963
"rand1",1.3,19,"PELT",0.833333333333333,0.625,0.714285714285714,6,0.0338933967211202
"rand1",1.3,19,"SVP",1,0.625,0.769230769230769,5,0.0237098735025647
"rand1",1.3,19,"SVP (BIC)",1,0.625,0.769230769230769,5,0.0237098735025647
"rand1",1.3,20,"PELT",0.714285714285714,0.625,0.666666666666667,7,0.0328148830022881
"rand1",1.3,20,"SVP",0.833333333333333,0.625,0.714285714285714,6,0.0226613043736378
"rand1",1.3,20,"SVP (BIC)",1,0.625,0.769230769230769,5,0.0272321777734083
"rand1",1.3,21,"PELT",0.833333333333333,0.625,0.714285714285714,6,0.0199240968997397
"rand1",1.3,21,"SVP",0.833333333333333,0.625,0.714285714285714,6,0.0199240968997397
"rand1",1.3,21,"SVP (BIC)",0.833333333333333,0.625,0.714285714285714,6,0.0199240968997397
"rand1",1.3,22,"PELT",0.666666666666667,0.5,0.571428571428572,6,0.0415239402974482
"rand1",1.3,22,"SVP",0.8,0.5,0.615384615384615,5,0.0461248730606949
"rand1",1.3,22,"SVP (BIC)",0.8,0.5,0.615384615384615,5,0.0461248730606949
"rand1",1.3,23,"PELT",1,0.625,0.769230769230769,5,0.0238893368574361
"rand1",1.3,23,"SVP",1,0.625,0.769230769230769,5,0.0238893368574361
"rand1",1.3,23,"SVP (BIC)",1,0.625,0.769230769230769,5,0.0238893368574361
"rand1",1.3,24,"PELT",0.571428571428571,0.5,0.533333333333333,7,0.0311502547028143
"rand1",1.3,24,"SVP",0.666666666666667,0.5,0.571428571428572,6,0.0304293814416808
"rand1",1.3,24,"SVP (BIC)",1,0.625,0.769230769230769,5,0.0206803366318017
"rand1",1.3,25,"PELT",1,0.625,0.769230769230769,5,0.0311029160501862
"rand1",1.3,25,"SVP",1,0.625,0.769230769230769,5,0.0311029160501862
"rand1",1.3,25,"SVP (BIC)",1,0.625,0.769230769230769,5,0.0311029160501862
"rand1",1.3,26,"PELT",1,0.625,0.769230769230769,5,0.0254041119699978
"rand1",1.3,26,"SVP",1,0.625,0.769230769230769,5,0.0254041119699978
"rand1",1.3,26,"SVP (BIC)",1,0.625,0.769230769230769,5,0.0254041119699978
"rand1",1.3,27,"PELT",0.571428571428571,0.5,0.533333333333333,7,0.0341521627819137
"rand1",1.3,27,"SVP",0.666666666666667,0.5,0.571428571428572,6,0.0245704956288827
"rand1",1.3,27,"SVP (BIC)",0.8,0.5,0.615384615384615,5,0.0312058331161501
"rand1",1.3,28,"PELT",0.8,0.5,0.615384615384615,5,0.0387300446817311
"rand1",1.3,28,"SVP",0.8,0.5,0.615384615384615,5,0.0387300446817311
"rand1",1.3,28,"SVP (BIC)",0.8,0.5,0.615384615384615,5,0.0387300446817311
"rand1",1.3,29,"PELT",1,0.625,0.769230769230769,5,0.0309948060537554
"rand1",1.3,29,"SVP",1,0.625,0.769230769230769,5,0.0309948060537554
"rand1",1.3,29,"SVP (BIC)",1,0.625,0.769230769230769,5,0.0309948060537554
"rand1",1.3,30,"PELT",0.5,0.375,0.428571428571429,6,0.0321350086637685
"rand1",1.3,30,"SVP",0.6,0.375,0.461538461538462,5,0.0409456243788383
"rand1",1.3,30,"SVP (BIC)",0.6,0.375,0.461538461538462,5,0.0409456243788383
"rand1",1.3,31,"PELT",0.666666666666667,0.5,0.571428571428572,6,0.0342148340137652
"rand1",1.3,31,"SVP",0.666666666666667,0.5,0.571428571428572,6,0.0342148340137652
"rand1",1.3,31,"SVP (BIC)",0.666666666666667,0.5,0.571428571428572,6,0.0342148340137652
"rand1",1.3,32,"PELT",0.833333333333333,0.625,0.714285714285714,6,0.0379301689912987
"rand1",1.3,32,"SVP",1,0.625,0.769230769230769,5,0.0217676288288046
"rand1",1.3,32,"SVP (BIC)",1,0.625,0.769230769230769,5,0.0217676288288046
"rand1",1.3,33,"PELT",0.833333333333333,0.625,0.714285714285714,6,0.0223716526441011
"rand1",1.3,33,"SVP",1,0.625,0.769230769230769,5,0.0271937981726081
"rand1",1.3,33,"SVP (BIC)",1,0.625,0.769230769230769,5,0.0271937981726081
"rand1",1.3,34,"PELT",0.833333333333333,0.625,0.714285714285714,6,0.0157389877446897
"rand1",1.3,34,"SVP",0.833333333333333,0.625,0.714285714285714,6,0.0157389877446897
"rand1",1.3,34,"SVP (BIC)",1,0.625,0.769230769230769,5,0.0234043884199809
"rand1",1.3,35,"PELT",0.714285714285714,0.625,0.666666666666667,7,0.0321968814592414
"rand1",1.3,35,"SVP",0.666666666666667,0.5,0.571428571428572,6,0.0371272701843404
"rand1",1.3,35,"SVP (BIC)",1,0.625,0.769230769230769,5,0.0293736710835816
"rand1",1.3,36,"PELT",0.833333333333333,0.625,0.714285714285714,6,0.0300623984982857
"rand1",1.3,36,"SVP",1,0.625,0.769230769230769,5,0.0263708277636053
"rand1",1.3,36,"SVP (BIC)",1,0.625,0.769230769230769,5,0.0263708277636053
"rand1",1.3,37,"PELT",1,0.625,0.769230769230769,5,0.0242457542361215
"rand1",1.3,37,"SVP",1,0.625,0.769230769230769,5,0.0242457542361215
"rand1",1.3,37,"SVP (BIC)",1,0.625,0.769230769230769,5,0.0242457542361215
"rand1",1.3,38,"PELT",1,0.625,0.769230769230769,5,0.0327062359030168
"rand1",1.3,38,"SVP",1,0.625,0.769230769230769,5,0.0327062359030168
"rand1",1.3,38,"SVP (BIC)",1,0.625,0.769230769230769,5,0.0327062359030168
"rand1",1.3,39,"PELT",1,0.625,0.769230769230769,5,0.0469867277968003
"rand1",1.3,39,"SVP",1,0.625,0.769230769230769,5,0.0469867277968003
"rand1",1.3,39,"SVP (BIC)",1,0.625,0.769230769230769,5,0.0469867277968003
"rand1",1.3,40,"PELT",0.833333333333333,0.625,0.714285714285714,6,0.0180794837089604
"rand1",1.3,40,"SVP",1,0.625,0.769230769230769,5,0.027242820004199
"rand1",1.3,40,"SVP (BIC)",1,0.625,0.769230769230769,5,0.027242820004199
"rand1",1.3,41,"PELT",0.8,0.5,0.615384615384615,5,0.0309520253517323
"rand1",1.3,41,"SVP",0.8,0.5,0.615384615384615,5,0.0309520253517323
"rand1",1.3,41,"SVP (BIC)",0.8,0.5,0.615384615384615,5,0.0309520253517323
"rand1",1.3,42,"PELT",0.8,0.5,0.615384615384615,5,0.0420878595711145
"rand1",1.3,42,"SVP",0.666666666666667,0.5,0.571428571428572,6,0.0449599096566182
"rand1",1.3,42,"SVP (BIC)",0.8,0.5,0.615384615384615,5,0.0420878595711145
"rand1",1.3,43,"PELT",1,0.625,0.769230769230769,5,0.0249395683021606
"rand1",1.3,43,"SVP",1,0.625,0.769230769230769,5,0.0249395683021606
"rand1",1.3,43,"SVP (BIC)",1,0.625,0.769230769230769,5,0.0249395683021606
"rand1",1.3,44,"PELT",1,0.625,0.769230769230769,5,0.0309045374515614
"rand1",1.3,44,"SVP",1,0.625,0.769230769230769,5,0.0309045374515614
"rand1",1.3,44,"SVP (BIC)",1,0.625,0.769230769230769,5,0.0309045374515614
"rand1",1.3,45,"PELT",1,0.625,0.769230769230769,5,0.0217336119070579
"rand1",1.3,45,"SVP",1,0.625,0.769230769230769,5,0.0217336119070579
"rand1",1.3,45,"SVP (BIC)",1,0.625,0.769230769230769,5,0.0217336119070579
"rand1",1.3,46,"PELT",0.8,0.5,0.615384615384615,5,0.0286998576363783
"rand1",1.3,46,"SVP",0.8,0.5,0.615384615384615,5,0.0286998576363783
"rand1",1.3,46,"SVP (BIC)",0.8,0.5,0.615384615384615,5,0.0286998576363783
"rand1",1.3,47,"PELT",1,0.625,0.769230769230769,5,0.0351738565445179
"rand1",1.3,47,"SVP",1,0.625,0.769230769230769,5,0.0351738565445179
"rand1",1.3,47,"SVP (BIC)",1,0.625,0.769230769230769,5,0.0351738565445179
"rand1",1.3,48,"PELT",0.714285714285714,0.625,0.666666666666667,7,0.0357958465614824
"rand1",1.3,48,"SVP",1,0.625,0.769230769230769,5,0.0319809875886093
"rand1",1.3,48,"SVP (BIC)",1,0.625,0.769230769230769,5,0.0319809875886093
"rand1",1.3,49,"PELT",1,0.625,0.769230769230769,5,0.0201607298054288
"rand1",1.3,49,"SVP",1,0.625,0.769230769230769,5,0.0201607298054288
"rand1",1.3,49,"SVP (BIC)",1,0.625,0.769230769230769,5,0.0201607298054288
"rand1",1.3,50,"PELT",1,0.625,0.769230769230769,5,0.0192390377072479
"rand1",1.3,50,"SVP",1,0.625,0.769230769230769,5,0.0192390377072479
"rand1",1.3,50,"SVP (BIC)",1,0.625,0.769230769230769,5,0.0192390377072479
"rand1",1.3,51,"PELT",0.833333333333333,0.625,0.714285714285714,6,0.0193682840873061
"rand1",1.3,51,"SVP",0.833333333333333,0.625,0.714285714285714,6,0.0193682840873061
"rand1",1.3,51,"SVP (BIC)",1,0.625,0.769230769230769,5,0.0197873028885493
"rand1",1.3,52,"PELT",1,0.625,0.769230769230769,5,0.0295826763378016
"rand1",1.3,52,"SVP",1,0.625,0.769230769230769,5,0.0295826763378016
"rand1",1.3,52,"SVP (BIC)",1,0.625,0.769230769230769,5,0.0295826763378016
"rand1",1.3,53,"PELT",0.8,0.5,0.615384615384615,5,0.0390695509134077
"rand1",1.3,53,"SVP",0.8,0.5,0.615384615384615,5,0.0390695509134077
"rand1",1.3,53,"SVP (BIC)",0.8,0.5,0.615384615384615,5,0.0390695509134077
"rand1",1.3,54,"PELT",1,0.625,0.769230769230769,5,0.0208104921448326
"rand1",1.3,54,"SVP",1,0.625,0.769230769230769,5,0.0208104921448326
"rand1",1.3,54,"SVP (BIC)",1,0.625,0.769230769230769,5,0.0208104921448326
"rand1",1.3,55,"PELT",1,0.625,0.769230769230769,5,0.0164387802729663
"rand1",1.3,55,"SVP",1,0.625,0.769230769230769,5,0.0164387802729663
"rand1",1.3,55,"SVP (BIC)",1,0.625,0.769230769230769,5,0.0164387802729663
"rand1",1.3,56,"PELT",0.625,0.625,0.625,8,0.0327246096609674
"rand1",1.3,56,"SVP",0.857142857142857,0.75,0.8,7,0.0166049021250605
"rand1",1.3,56,"SVP (BIC)",1,0.625,0.769230769230769,5,0.0220585037840596
"rand1",1.3,57,"PELT",1,0.625,0.769230769230769,5,0.0229863383641062
"rand1",1.3,57,"SVP",1,0.625,0.769230769230769,5,0.0229863383641062
"rand1",1.3,57,"SVP (BIC)",1,0.625,0.769230769230769,5,0.0229863383641062
"rand1",1.3,58,"PELT",1,0.625,0.769230769230769,5,0.0326862438383534
"rand1",1.3,58,"SVP",1,0.625,0.769230769230769,5,0.0326862438383534
"rand1",1.3,58,"SVP (BIC)",1,0.625,0.769230769230769,5,0.0326862438383534
"rand1",1.3,59,"PELT",0.666666666666667,0.5,0.571428571428572,6,0.0444804673960844
"rand1",1.3,59,"SVP",0.666666666666667,0.5,0.571428571428572,6,0.0444804673960844
"rand1",1.3,59,"SVP (BIC)",1,0.625,0.769230769230769,5,0.0263971829170846
"rand1",1.3,60,"PELT",0.714285714285714,0.625,0.666666666666667,7,0.0159082871165548
"rand1",1.3,60,"SVP",0.666666666666667,0.5,0.571428571428572,6,0.023552029095205
"rand1",1.3,60,"SVP (BIC)",0.8,0.5,0.615384615384615,5,0.0317850550025705
"rand1",1.3,61,"PELT",0.666666666666667,0.5,0.571428571428572,6,0.0371852133880649
"rand1",1.3,61,"SVP",0.666666666666667,0.5,0.571428571428572,6,0.0371852133880649
"rand1",1.3,61,"SVP (BIC)",1,0.625,0.769230769230769,5,0.0292309898917235
"rand1",1.3,62,"PELT",0.833333333333333,0.625,0.714285714285714,6,0.0340116290251864
"rand1",1.3,62,"SVP",0.833333333333333,0.625,0.714285714285714,6,0.0340116290251864
"rand1",1.3,62,"SVP (BIC)",1,0.625,0.769230769230769,5,0.0401817911902841
"rand1",1.3,63,"PELT",0.833333333333333,0.625,0.714285714285714,6,0.0146907329481904
"rand1",1.3,63,"SVP",0.833333333333333,0.625,0.714285714285714,6,0.0146907329481904
"rand1",1.3,63,"SVP (BIC)",1,0.625,0.769230769230769,5,0.0211554582748006
"rand1",1.3,64,"PELT",0.833333333333333,0.625,0.714285714285714,6,0.0213690057776241
"rand1",1.3,64,"SVP",0.833333333333333,0.625,0.714285714285714,6,0.0213690057776241
"rand1",1.3,64,"SVP (BIC)",0.833333333333333,0.625,0.714285714285714,6,0.0213690057776241
"rand1",1.3,65,"PELT",0.833333333333333,0.625,0.714285714285714,6,0.02103062164989
"rand1",1.3,65,"SVP",0.833333333333333,0.625,0.714285714285714,6,0.02103062164989
"rand1",1.3,65,"SVP (BIC)",1,0.625,0.769230769230769,5,0.0263070197649154
"rand1",1.3,66,"PELT",1,0.625,0.769230769230769,5,0.0184551490069436
"rand1",1.3,66,"SVP",1,0.625,0.769230769230769,5,0.0184551490069436
"rand1",1.3,66,"SVP (BIC)",1,0.625,0.769230769230769,5,0.0184551490069436
"rand1",1.3,67,"PELT",0.8,0.5,0.615384615384615,5,0.0438527978974815
"rand1",1.3,67,"SVP",0.8,0.5,0.615384615384615,5,0.0438527978974815
"rand1",1.3,67,"SVP (BIC)",0.8,0.5,0.615384615384615,5,0.0438527978974815
"rand1",1.3,68,"PELT",1,0.625,0.769230769230769,5,0.0173443890266297
"rand1",1.3,68,"SVP",1,0.625,0.769230769230769,5,0.0173443890266297
"rand1",1.3,68,"SVP (BIC)",1,0.625,0.769230769230769,5,0.0173443890266297
"rand1",1.3,69,"PELT",1,0.625,0.769230769230769,5,0.0403472583505054
"rand1",1.3,69,"SVP",1,0.625,0.769230769230769,5,0.0403472583505054
"rand1",1.3,69,"SVP (BIC)",1,0.625,0.769230769230769,5,0.0403472583505054
"rand1",1.3,70,"PELT",0.714285714285714,0.625,0.666666666666667,7,0.0239208580124328
"rand1",1.3,70,"SVP",0.833333333333333,0.625,0.714285714285714,6,0.020843186384274
"rand1",1.3,70,"SVP (BIC)",1,0.625,0.769230769230769,5,0.0228585232635375
"rand1",1.3,71,"PELT",1,0.625,0.769230769230769,5,0.0275943410138868
"rand1",1.3,71,"SVP",1,0.625,0.769230769230769,5,0.0275943410138868
"rand1",1.3,71,"SVP (BIC)",1,0.625,0.769230769230769,5,0.0275943410138868
"rand1",1.3,72,"PELT",1,0.625,0.769230769230769,5,0.0275501121010059
"rand1",1.3,72,"SVP",1,0.625,0.769230769230769,5,0.0275501121010059
"rand1",1.3,72,"SVP (BIC)",1,0.625,0.769230769230769,5,0.0275501121010059
"rand1",1.3,73,"PELT",1,0.625,0.769230769230769,5,0.0301753880792363
"rand1",1.3,73,"SVP",1,0.625,0.769230769230769,5,0.0301753880792363
"rand1",1.3,73,"SVP (BIC)",1,0.625,0.769230769230769,5,0.0301753880792363
"rand1",1.3,74,"PELT",0.833333333333333,0.625,0.714285714285714,6,0.0222441904395383
"rand1",1.3,74,"SVP",0.833333333333333,0.625,0.714285714285714,6,0.0222441904395383
"rand1",1.3,74,"SVP (BIC)",0.833333333333333,0.625,0.714285714285714,6,0.0222441904395383
"rand1",1.3,75,"PELT",0.833333333333333,0.625,0.714285714285714,6,0.0197623061166584
"rand1",1.3,75,"SVP",0.833333333333333,0.625,0.714285714285714,6,0.0197623061166584
"rand1",1.3,75,"SVP (BIC)",1,0.625,0.769230769230769,5,0.0287520171667093
"rand1",1.3,76,"PELT",0.666666666666667,0.5,0.571428571428572,6,0.0286601599284496
"rand1",1.3,76,"SVP",0.8,0.5,0.615384615384615,5,0.0370482612010832
"rand1",1.3,76,"SVP (BIC)",0.8,0.5,0.615384615384615,5,0.0370482612010832
"rand1",1.3,77,"PELT",0.833333333333333,0.625,0.714285714285714,6,0.0136989721064722
"rand1",1.3,77,"SVP",1,0.625,0.769230769230769,5,0.0230334877223947
"rand1",1.3,77,"SVP (BIC)",1,0.625,0.769230769230769,5,0.0230334877223947
"rand1",1.3,78,"PELT",0.666666666666667,0.5,0.571428571428572,6,0.0245255528055639
"rand1",1.3,78,"SVP",0.666666666666667,0.5,0.571428571428572,6,0.0245255528055639
"rand1",1.3,78,"SVP (BIC)",0.666666666666667,0.5,0.571428571428572,6,0.0245255528055639
"rand1",1.3,79,"PELT",0.8,0.5,0.615384615384615,5,0.0368737289695465
"rand1",1.3,79,"SVP",0.8,0.5,0.615384615384615,5,0.0368737289695465
"rand1",1.3,79,"SVP (BIC)",0.8,0.5,0.615384615384615,5,0.0368737289695465
"rand1",1.3,80,"PELT",1,0.625,0.769230769230769,5,0.0192071962674439
"rand1",1.3,80,"SVP",1,0.625,0.769230769230769,5,0.0192071962674439
"rand1",1.3,80,"SVP (BIC)",1,0.625,0.769230769230769,5,0.0192071962674439
"rand1",1.3,81,"PELT",0.714285714285714,0.625,0.666666666666667,7,0.0376206107300981
"rand1",1.3,81,"SVP",0.833333333333333,0.625,0.714285714285714,6,0.0217669155484243
"rand1",1.3,81,"SVP (BIC)",1,0.625,0.769230769230769,5,0.0233999646410913
"rand1",1.3,82,"PELT",1,0.625,0.769230769230769,5,0.0175036800263157
"rand1",1.3,82,"SVP",1,0.625,0.769230769230769,5,0.0175036800263157
"rand1",1.3,82,"SVP (BIC)",1,0.625,0.769230769230769,5,0.0175036800263157
"rand1",1.3,83,"PELT",0.857142857142857,0.75,0.8,7,0.0216010787349804
"rand1",1.3,83,"SVP",0.833333333333333,0.625,0.714285714285714,6,0.0320688717078542
"rand1",1.3,83,"SVP (BIC)",0.833333333333333,0.625,0.714285714285714,6,0.0341113449454448
"rand1",1.3,84,"PELT",1,0.625,0.769230769230769,5,0.0277925850749556
"rand1",1.3,84,"SVP",1,0.625,0.769230769230769,5,0.0277925850749556
"rand1",1.3,84,"SVP (BIC)",1,0.625,0.769230769230769,5,0.0277925850749556
"rand1",1.3,85,"PELT",0.833333333333333,0.625,0.714285714285714,6,0.0220673720872106
"rand1",1.3,85,"SVP",1,0.625,0.769230769230769,5,0.0274973564646997
"rand1",1.3,85,"SVP (BIC)",1,0.625,0.769230769230769,5,0.0274973564646997
"rand1",1.3,86,"PELT",1,0.625,0.769230769230769,5,0.0276026775513036
"rand1",1.3,86,"SVP",1,0.625,0.769230769230769,5,0.0276026775513036
"rand1",1.3,86,"SVP (BIC)",1,0.625,0.769230769230769,5,0.0276026775513036
"rand1",1.3,87,"PELT",1,0.625,0.769230769230769,5,0.0243493723108144
"rand1",1.3,87,"SVP",1,0.625,0.769230769230769,5,0.0243493723108144
"rand1",1.3,87,"SVP (BIC)",1,0.625,0.769230769230769,5,0.0243493723108144
"rand1",1.3,88,"PELT",0.833333333333333,0.625,0.714285714285714,6,0.0426555964331227
"rand1",1.3,88,"SVP",0.833333333333333,0.625,0.714285714285714,6,0.0426555964331227
"rand1",1.3,88,"SVP (BIC)",1,0.625,0.769230769230769,5,0.0298931606816972
"rand1",1.3,89,"PELT",0.833333333333333,0.625,0.714285714285714,6,0.040387710088598
"rand1",1.3,89,"SVP",1,0.625,0.769230769230769,5,0.0418669826894918
"rand1",1.3,89,"SVP (BIC)",1,0.625,0.769230769230769,5,0.0418669826894918
"rand1",1.3,90,"PELT",0.666666666666667,0.5,0.571428571428572,6,0.0225505768725654
"rand1",1.3,90,"SVP",0.8,0.5,0.615384615384615,5,0.0318220942471419
"rand1",1.3,90,"SVP (BIC)",0.8,0.5,0.615384615384615,5,0.0318220942471419
"rand1",1.3,91,"PELT",0.666666666666667,0.5,0.571428571428572,6,0.0338236109664703
"rand1",1.3,91,"SVP",0.666666666666667,0.5,0.571428571428572,6,0.0338236109664703
"rand1",1.3,91,"SVP (BIC)",0.8,0.5,0.615384615384615,5,0.0407171133432472
"rand1",1.3,92,"PELT",0.375,0.375,0.375,8,0.0684596038915587
"rand1",1.3,92,"SVP",0.833333333333333,0.625,0.714285714285714,6,0.0305010370195119
"rand1",1.3,92,"SVP (BIC)",0.8,0.5,0.615384615384615,5,0.0327279864706837
"rand1",1.3,93,"PELT",0.833333333333333,0.625,0.714285714285714,6,0.0283058069803929
"rand1",1.3,93,"SVP",0.833333333333333,0.625,0.714285714285714,6,0.0283058069803929
"rand1",1.3,93,"SVP (BIC)",1,0.625,0.769230769230769,5,0.0329848771166001
"rand1",1.3,94,"PELT",0.8,0.5,0.615384615384615,5,0.0549787564745399
"rand1",1.3,94,"SVP",0.8,0.5,0.615384615384615,5,0.0549787564745399
"rand1",1.3,94,"SVP (BIC)",0.8,0.5,0.615384615384615,5,0.0549787564745399
"rand1",1.3,95,"PELT",1,0.625,0.769230769230769,5,0.0190299548398411
"rand1",1.3,95,"SVP",1,0.625,0.769230769230769,5,0.0190299548398411
"rand1",1.3,95,"SVP (BIC)",1,0.625,0.769230769230769,5,0.0190299548398411
"rand1",1.3,96,"PELT",0.8,0.5,0.615384615384615,5,0.0351736453065734
"rand1",1.3,96,"SVP",0.8,0.5,0.615384615384615,5,0.0351736453065734
"rand1",1.3,96,"SVP (BIC)",0.8,0.5,0.615384615384615,5,0.0351736453065734
"rand1",1.3,97,"PELT",0.714285714285714,0.625,0.666666666666667,7,0.041492998494275
"rand1",1.3,97,"SVP",0.833333333333333,0.625,0.714285714285714,6,0.0296655577135207
"rand1",1.3,97,"SVP (BIC)",1,0.625,0.769230769230769,5,0.0319909662862825
"rand1",1.3,98,"PELT",0.8,0.5,0.615384615384615,5,0.0362806864222247
"rand1",1.3,98,"SVP",0.8,0.5,0.615384615384615,5,0.0362806864222247
"rand1",1.3,98,"SVP (BIC)",0.8,0.5,0.615384615384615,5,0.0362806864222247
"rand1",1.3,99,"PELT",0.8,0.5,0.615384615384615,5,0.0394836821584173
"rand1",1.3,99,"SVP",0.8,0.5,0.615384615384615,5,0.0394836821584173
"rand1",1.3,99,"SVP (BIC)",0.8,0.5,0.615384615384615,5,0.0394836821584173
"rand1",1.3,100,"PELT",0.833333333333333,0.625,0.714285714285714,6,0.024354107715284
"rand1",1.3,100,"SVP",1,0.625,0.769230769230769,5,0.0194290674307777
"rand1",1.3,100,"SVP (BIC)",1,0.625,0.769230769230769,5,0.0194290674307777
"none",1.4,1,"PELT",1,1,1,1,0.00286905662678326
"none",1.4,1,"SVP",1,1,1,1,0.00286905662678326
"none",1.4,1,"SVP (BIC)",1,1,1,1,0.00286905662678326
"none",1.4,2,"PELT",1,1,1,1,0.000139217939659672
"none",1.4,2,"SVP",1,1,1,1,0.000139217939659672
"none",1.4,2,"SVP (BIC)",1,1,1,1,0.000139217939659672
"none",1.4,3,"PELT",1,1,1,1,0.00145444711962892
"none",1.4,3,"SVP",1,1,1,1,0.00145444711962892
"none",1.4,3,"SVP (BIC)",1,1,1,1,0.00145444711962892
"none",1.4,4,"PELT",1,1,1,1,0.00355056617996071
"none",1.4,4,"SVP",1,1,1,1,0.00355056617996071
"none",1.4,4,"SVP (BIC)",1,1,1,1,0.00355056617996071
"none",1.4,5,"PELT",1,1,1,1,0.00638359548915746
"none",1.4,5,"SVP",1,1,1,1,0.00638359548915746
"none",1.4,5,"SVP (BIC)",1,1,1,1,0.00638359548915746
"none",1.4,6,"PELT",1,1,1,1,9.82833853340947e-05
"none",1.4,6,"SVP",1,1,1,1,9.82833853340947e-05
"none",1.4,6,"SVP (BIC)",1,1,1,1,9.82833853340947e-05
"none",1.4,7,"PELT",1,1,1,1,0.000101778084333712
"none",1.4,7,"SVP",1,1,1,1,0.000101778084333712
"none",1.4,7,"SVP (BIC)",1,1,1,1,0.000101778084333712
"none",1.4,8,"PELT",1,1,1,1,0.000106011930515682
"none",1.4,8,"SVP",1,1,1,1,0.000106011930515682
"none",1.4,8,"SVP (BIC)",1,1,1,1,0.000106011930515682
"none",1.4,9,"PELT",1,1,1,1,0.000780191703353744
"none",1.4,9,"SVP",1,1,1,1,0.000780191703353744
"none",1.4,9,"SVP (BIC)",1,1,1,1,0.000780191703353744
"none",1.4,10,"PELT",1,1,1,1,0.00144134393483981
"none",1.4,10,"SVP",1,1,1,1,0.00144134393483981
"none",1.4,10,"SVP (BIC)",1,1,1,1,0.00144134393483981
"none",1.4,11,"PELT",1,1,1,1,4.44911861831477e-05
"none",1.4,11,"SVP",1,1,1,1,4.44911861831477e-05
"none",1.4,11,"SVP (BIC)",1,1,1,1,4.44911861831477e-05
"none",1.4,12,"PELT",1,1,1,1,0.00016414451290588
"none",1.4,12,"SVP",1,1,1,1,0.00016414451290588
"none",1.4,12,"SVP (BIC)",1,1,1,1,0.00016414451290588
"none",1.4,13,"PELT",1,1,1,1,0.001645848298564
"none",1.4,13,"SVP",1,1,1,1,0.001645848298564
"none",1.4,13,"SVP (BIC)",1,1,1,1,0.001645848298564
"none",1.4,14,"PELT",1,1,1,1,0.000330811297908327
"none",1.4,14,"SVP",1,1,1,1,0.000330811297908327
"none",1.4,14,"SVP (BIC)",1,1,1,1,0.000330811297908327
"none",1.4,15,"PELT",1,1,1,1,8.19842033784657e-05
"none",1.4,15,"SVP",1,1,1,1,8.19842033784657e-05
"none",1.4,15,"SVP (BIC)",1,1,1,1,8.19842033784657e-05
"none",1.4,16,"PELT",1,1,1,1,7.09211930886204e-05
"none",1.4,16,"SVP",1,1,1,1,7.09211930886204e-05
"none",1.4,16,"SVP (BIC)",1,1,1,1,7.09211930886204e-05
"none",1.4,17,"PELT",1,1,1,1,0.0016770505680374
"none",1.4,17,"SVP",1,1,1,1,0.0016770505680374
"none",1.4,17,"SVP (BIC)",1,1,1,1,0.0016770505680374
"none",1.4,18,"PELT",1,1,1,1,0.000487565818471964
"none",1.4,18,"SVP",1,1,1,1,0.000487565818471964
"none",1.4,18,"SVP (BIC)",1,1,1,1,0.000487565818471964
"none",1.4,19,"PELT",1,1,1,1,0.000714669654939389
"none",1.4,19,"SVP",1,1,1,1,0.000714669654939389
"none",1.4,19,"SVP (BIC)",1,1,1,1,0.000714669654939389
"none",1.4,20,"PELT",1,1,1,1,0.000689857248919409
"none",1.4,20,"SVP",1,1,1,1,0.000689857248919409
"none",1.4,20,"SVP (BIC)",1,1,1,1,0.000689857248919409
"none",1.4,21,"PELT",1,1,1,1,7.41074623400758e-05
"none",1.4,21,"SVP",1,1,1,1,7.41074623400758e-05
"none",1.4,21,"SVP (BIC)",1,1,1,1,7.41074623400758e-05
"none",1.4,22,"PELT",1,1,1,1,0.000738599050940673
"none",1.4,22,"SVP",1,1,1,1,0.000738599050940673
"none",1.4,22,"SVP (BIC)",1,1,1,1,0.000738599050940673
"none",1.4,23,"PELT",1,1,1,1,0.000190013382510167
"none",1.4,23,"SVP",1,1,1,1,0.000190013382510167
"none",1.4,23,"SVP (BIC)",1,1,1,1,0.000190013382510167
"none",1.4,24,"PELT",1,1,1,1,0.000212704043554363
"none",1.4,24,"SVP",1,1,1,1,0.000212704043554363
"none",1.4,24,"SVP (BIC)",1,1,1,1,0.000212704043554363
"none",1.4,25,"PELT",1,1,1,1,0.00188831631633214
"none",1.4,25,"SVP",1,1,1,1,0.00188831631633214
"none",1.4,25,"SVP (BIC)",1,1,1,1,0.00188831631633214
"none",1.4,26,"PELT",1,1,1,1,0.000315630834952147
"none",1.4,26,"SVP",1,1,1,1,0.000315630834952147
"none",1.4,26,"SVP (BIC)",1,1,1,1,0.000315630834952147
"none",1.4,27,"PELT",1,1,1,1,2.97318188961315e-05
"none",1.4,27,"SVP",1,1,1,1,2.97318188961315e-05
"none",1.4,27,"SVP (BIC)",1,1,1,1,2.97318188961315e-05
"none",1.4,28,"PELT",1,1,1,1,0.00151607135729778
"none",1.4,28,"SVP",1,1,1,1,0.00151607135729778
"none",1.4,28,"SVP (BIC)",1,1,1,1,0.00151607135729778
"none",1.4,29,"PELT",1,1,1,1,0.000230660673803746
"none",1.4,29,"SVP",1,1,1,1,0.000230660673803746
"none",1.4,29,"SVP (BIC)",1,1,1,1,0.000230660673803746
"none",1.4,30,"PELT",1,1,1,1,7.48274814103084e-05
"none",1.4,30,"SVP",1,1,1,1,7.48274814103084e-05
"none",1.4,30,"SVP (BIC)",1,1,1,1,7.48274814103084e-05
"none",1.4,31,"PELT",1,1,1,1,4.02780086284917e-05
"none",1.4,31,"SVP",1,1,1,1,4.02780086284917e-05
"none",1.4,31,"SVP (BIC)",1,1,1,1,4.02780086284917e-05
"none",1.4,32,"PELT",1,1,1,1,3.66604688269781e-06
"none",1.4,32,"SVP",1,1,1,1,3.66604688269781e-06
"none",1.4,32,"SVP (BIC)",1,1,1,1,3.66604688269781e-06
"none",1.4,33,"PELT",1,1,1,1,0.00349075652998018
"none",1.4,33,"SVP",1,1,1,1,0.00349075652998018
"none",1.4,33,"SVP (BIC)",1,1,1,1,0.00349075652998018
"none",1.4,34,"PELT",1,1,1,1,8.75945870616308e-06
"none",1.4,34,"SVP",1,1,1,1,8.75945870616308e-06
"none",1.4,34,"SVP (BIC)",1,1,1,1,8.75945870616308e-06
"none",1.4,35,"PELT",1,1,1,1,1.27256281048556e-05
"none",1.4,35,"SVP",1,1,1,1,1.27256281048556e-05
"none",1.4,35,"SVP (BIC)",1,1,1,1,1.27256281048556e-05
"none",1.4,36,"PELT",1,1,1,1,0.000100671301667448
"none",1.4,36,"SVP",1,1,1,1,0.000100671301667448
"none",1.4,36,"SVP (BIC)",1,1,1,1,0.000100671301667448
"none",1.4,37,"PELT",1,1,1,1,0.00015830049966995
"none",1.4,37,"SVP",1,1,1,1,0.00015830049966995
"none",1.4,37,"SVP (BIC)",1,1,1,1,0.00015830049966995
"none",1.4,38,"PELT",1,1,1,1,1.07796341590353e-06
"none",1.4,38,"SVP",1,1,1,1,1.07796341590353e-06
"none",1.4,38,"SVP (BIC)",1,1,1,1,1.07796341590353e-06
"none",1.4,39,"PELT",0.333333333333333,1,0.5,3,0.028698475156461
"none",1.4,39,"SVP",0.5,1,0.666666666666667,2,0.00450665247312769
"none",1.4,39,"SVP (BIC)",1,1,1,1,7.9280384446377e-06
"none",1.4,40,"PELT",1,1,1,1,0.000300452723914466
"none",1.4,40,"SVP",1,1,1,1,0.000300452723914466
"none",1.4,40,"SVP (BIC)",1,1,1,1,0.000300452723914466
"none",1.4,41,"PELT",1,1,1,1,0.00344753881757621
"none",1.4,41,"SVP",1,1,1,1,0.00344753881757621
"none",1.4,41,"SVP (BIC)",1,1,1,1,0.00344753881757621
"none",1.4,42,"PELT",1,1,1,1,2.36212411276281e-05
"none",1.4,42,"SVP",1,1,1,1,2.36212411276281e-05
"none",1.4,42,"SVP (BIC)",1,1,1,1,2.36212411276281e-05
"none",1.4,43,"PELT",1,1,1,1,0.00428189306921664
"none",1.4,43,"SVP",1,1,1,1,0.00428189306921664
"none",1.4,43,"SVP (BIC)",1,1,1,1,0.00428189306921664
"none",1.4,44,"PELT",1,1,1,1,0.00192883820092868
"none",1.4,44,"SVP",1,1,1,1,0.00192883820092868
"none",1.4,44,"SVP (BIC)",1,1,1,1,0.00192883820092868
"none",1.4,45,"PELT",1,1,1,1,0.00327534869915401
"none",1.4,45,"SVP",1,1,1,1,0.00327534869915401
"none",1.4,45,"SVP (BIC)",1,1,1,1,0.00327534869915401
"none",1.4,46,"PELT",1,1,1,1,6.77344107669128e-05
"none",1.4,46,"SVP",1,1,1,1,6.77344107669128e-05
"none",1.4,46,"SVP (BIC)",1,1,1,1,6.77344107669128e-05
"none",1.4,47,"PELT",1,1,1,1,0.00143677020722782
"none",1.4,47,"SVP",1,1,1,1,0.00143677020722782
"none",1.4,47,"SVP (BIC)",1,1,1,1,0.00143677020722782
"none",1.4,48,"PELT",1,1,1,1,1.26452858886349e-05
"none",1.4,48,"SVP",1,1,1,1,1.26452858886349e-05
"none",1.4,48,"SVP (BIC)",1,1,1,1,1.26452858886349e-05
"none",1.4,49,"PELT",1,1,1,1,1.42246810094112e-06
"none",1.4,49,"SVP",1,1,1,1,1.42246810094112e-06
"none",1.4,49,"SVP (BIC)",1,1,1,1,1.42246810094112e-06
"none",1.4,50,"PELT",1,1,1,1,0.000702665556832753
"none",1.4,50,"SVP",1,1,1,1,0.000702665556832753
"none",1.4,50,"SVP (BIC)",1,1,1,1,0.000702665556832753
"none",1.4,51,"PELT",1,1,1,1,9.68303776547976e-05
"none",1.4,51,"SVP",1,1,1,1,9.68303776547976e-05
"none",1.4,51,"SVP (BIC)",1,1,1,1,9.68303776547976e-05
"none",1.4,52,"PELT",1,1,1,1,0.000282808695649379
"none",1.4,52,"SVP",1,1,1,1,0.000282808695649379
"none",1.4,52,"SVP (BIC)",1,1,1,1,0.000282808695649379
"none",1.4,53,"PELT",1,1,1,1,0.000342501736426897
"none",1.4,53,"SVP",1,1,1,1,0.000342501736426897
"none",1.4,53,"SVP (BIC)",1,1,1,1,0.000342501736426897
"none",1.4,54,"PELT",1,1,1,1,0.00260085416946836
"none",1.4,54,"SVP",1,1,1,1,0.00260085416946836
"none",1.4,54,"SVP (BIC)",1,1,1,1,0.00260085416946836
"none",1.4,55,"PELT",1,1,1,1,2.60044708316848e-05
"none",1.4,55,"SVP",1,1,1,1,2.60044708316848e-05
"none",1.4,55,"SVP (BIC)",1,1,1,1,2.60044708316848e-05
"none",1.4,56,"PELT",1,1,1,1,0.00212476015857105
"none",1.4,56,"SVP",1,1,1,1,0.00212476015857105
"none",1.4,56,"SVP (BIC)",1,1,1,1,0.00212476015857105
"none",1.4,57,"PELT",1,1,1,1,0.00494796927851222
"none",1.4,57,"SVP",1,1,1,1,0.00494796927851222
"none",1.4,57,"SVP (BIC)",1,1,1,1,0.00494796927851222
"none",1.4,58,"PELT",1,1,1,1,0.00112970100820705
"none",1.4,58,"SVP",1,1,1,1,0.00112970100820705
"none",1.4,58,"SVP (BIC)",1,1,1,1,0.00112970100820705
"none",1.4,59,"PELT",1,1,1,1,0.000212370919068119
"none",1.4,59,"SVP",1,1,1,1,0.000212370919068119
"none",1.4,59,"SVP (BIC)",1,1,1,1,0.000212370919068119
"none",1.4,60,"PELT",1,1,1,1,0.00335660101172012
"none",1.4,60,"SVP",1,1,1,1,0.00335660101172012
"none",1.4,60,"SVP (BIC)",1,1,1,1,0.00335660101172012
"none",1.4,61,"PELT",1,1,1,1,0.00641977608330437
"none",1.4,61,"SVP",1,1,1,1,0.00641977608330437
"none",1.4,61,"SVP (BIC)",1,1,1,1,0.00641977608330437
"none",1.4,62,"PELT",1,1,1,1,0.00117925407189078
"none",1.4,62,"SVP",1,1,1,1,0.00117925407189078
"none",1.4,62,"SVP (BIC)",1,1,1,1,0.00117925407189078
"none",1.4,63,"PELT",1,1,1,1,0.00186716809788475
"none",1.4,63,"SVP",1,1,1,1,0.00186716809788475
"none",1.4,63,"SVP (BIC)",1,1,1,1,0.00186716809788475
"none",1.4,64,"PELT",1,1,1,1,0.00051557741158519
"none",1.4,64,"SVP",1,1,1,1,0.00051557741158519
"none",1.4,64,"SVP (BIC)",1,1,1,1,0.00051557741158519
"none",1.4,65,"PELT",1,1,1,1,3.12286550744111e-06
"none",1.4,65,"SVP",1,1,1,1,3.12286550744111e-06
"none",1.4,65,"SVP (BIC)",1,1,1,1,3.12286550744111e-06
"none",1.4,66,"PELT",1,1,1,1,0.000125797609566831
"none",1.4,66,"SVP",1,1,1,1,0.000125797609566831
"none",1.4,66,"SVP (BIC)",1,1,1,1,0.000125797609566831
"none",1.4,67,"PELT",1,1,1,1,0.00521219236256011
"none",1.4,67,"SVP",1,1,1,1,0.00521219236256011
"none",1.4,67,"SVP (BIC)",1,1,1,1,0.00521219236256011
"none",1.4,68,"PELT",1,1,1,1,0.00116637599066826
"none",1.4,68,"SVP",1,1,1,1,0.00116637599066826
"none",1.4,68,"SVP (BIC)",1,1,1,1,0.00116637599066826
"none",1.4,69,"PELT",1,1,1,1,0.000109271853135256
"none",1.4,69,"SVP",1,1,1,1,0.000109271853135256
"none",1.4,69,"SVP (BIC)",1,1,1,1,0.000109271853135256
"none",1.4,70,"PELT",1,1,1,1,9.25723129234818e-06
"none",1.4,70,"SVP",1,1,1,1,9.25723129234818e-06
"none",1.4,70,"SVP (BIC)",1,1,1,1,9.25723129234818e-06
"none",1.4,71,"PELT",1,1,1,1,0.00162250249892576
"none",1.4,71,"SVP",1,1,1,1,0.00162250249892576
"none",1.4,71,"SVP (BIC)",1,1,1,1,0.00162250249892576
"none",1.4,72,"PELT",1,1,1,1,0.000257548959533077
"none",1.4,72,"SVP",1,1,1,1,0.000257548959533077
"none",1.4,72,"SVP (BIC)",1,1,1,1,0.000257548959533077
"none",1.4,73,"PELT",1,1,1,1,5.59284941133049e-05
"none",1.4,73,"SVP",1,1,1,1,5.59284941133049e-05
"none",1.4,73,"SVP (BIC)",1,1,1,1,5.59284941133049e-05
"none",1.4,74,"PELT",1,1,1,1,0.000931960502547638
"none",1.4,74,"SVP",1,1,1,1,0.000931960502547638
"none",1.4,74,"SVP (BIC)",1,1,1,1,0.000931960502547638
"none",1.4,75,"PELT",1,1,1,1,0.000287045247786675
"none",1.4,75,"SVP",1,1,1,1,0.000287045247786675
"none",1.4,75,"SVP (BIC)",1,1,1,1,0.000287045247786675
"none",1.4,76,"PELT",1,1,1,1,7.23523896908638e-07
"none",1.4,76,"SVP",1,1,1,1,7.23523896908638e-07
"none",1.4,76,"SVP (BIC)",1,1,1,1,7.23523896908638e-07
"none",1.4,77,"PELT",1,1,1,1,0.00193177561167824
"none",1.4,77,"SVP",1,1,1,1,0.00193177561167824
"none",1.4,77,"SVP (BIC)",1,1,1,1,0.00193177561167824
"none",1.4,78,"PELT",1,1,1,1,0.000392883658270754
"none",1.4,78,"SVP",1,1,1,1,0.000392883658270754
"none",1.4,78,"SVP (BIC)",1,1,1,1,0.000392883658270754
"none",1.4,79,"PELT",1,1,1,1,0.00249037223397272
"none",1.4,79,"SVP",1,1,1,1,0.00249037223397272
"none",1.4,79,"SVP (BIC)",1,1,1,1,0.00249037223397272
"none",1.4,80,"PELT",1,1,1,1,0.000248188347921841
"none",1.4,80,"SVP",1,1,1,1,0.000248188347921841
"none",1.4,80,"SVP (BIC)",1,1,1,1,0.000248188347921841
"none",1.4,81,"PELT",1,1,1,1,0.000117974386081126
"none",1.4,81,"SVP",1,1,1,1,0.000117974386081126
"none",1.4,81,"SVP (BIC)",1,1,1,1,0.000117974386081126
"none",1.4,82,"PELT",1,1,1,1,0.000348395983167215
"none",1.4,82,"SVP",1,1,1,1,0.000348395983167215
"none",1.4,82,"SVP (BIC)",1,1,1,1,0.000348395983167215
"none",1.4,83,"PELT",1,1,1,1,9.10132945559387e-05
"none",1.4,83,"SVP",1,1,1,1,9.10132945559387e-05
"none",1.4,83,"SVP (BIC)",1,1,1,1,9.10132945559387e-05
"none",1.4,84,"PELT",1,1,1,1,0.00129449573354398
"none",1.4,84,"SVP",1,1,1,1,0.00129449573354398
"none",1.4,84,"SVP (BIC)",1,1,1,1,0.00129449573354398
"none",1.4,85,"PELT",1,1,1,1,0.00148378935070472
"none",1.4,85,"SVP",1,1,1,1,0.00148378935070472
"none",1.4,85,"SVP (BIC)",1,1,1,1,0.00148378935070472
"none",1.4,86,"PELT",1,1,1,1,7.65552903423277e-05
"none",1.4,86,"SVP",1,1,1,1,7.65552903423277e-05
"none",1.4,86,"SVP (BIC)",1,1,1,1,7.65552903423277e-05
"none",1.4,87,"PELT",1,1,1,1,0.00220407364785057
"none",1.4,87,"SVP",1,1,1,1,0.00220407364785057
"none",1.4,87,"SVP (BIC)",1,1,1,1,0.00220407364785057
"none",1.4,88,"PELT",1,1,1,1,0.000154334280378475
"none",1.4,88,"SVP",1,1,1,1,0.000154334280378475
"none",1.4,88,"SVP (BIC)",1,1,1,1,0.000154334280378475
"none",1.4,89,"PELT",1,1,1,1,0.00128670757054388
"none",1.4,89,"SVP",1,1,1,1,0.00128670757054388
"none",1.4,89,"SVP (BIC)",1,1,1,1,0.00128670757054388
"none",1.4,90,"PELT",1,1,1,1,0.000275797790802239
"none",1.4,90,"SVP",1,1,1,1,0.000275797790802239
"none",1.4,90,"SVP (BIC)",1,1,1,1,0.000275797790802239
"none",1.4,91,"PELT",1,1,1,1,0.000325013953829785
"none",1.4,91,"SVP",1,1,1,1,0.000325013953829785
"none",1.4,91,"SVP (BIC)",1,1,1,1,0.000325013953829785
"none",1.4,92,"PELT",1,1,1,1,0.00974516717741387
"none",1.4,92,"SVP",1,1,1,1,0.00974516717741387
"none",1.4,92,"SVP (BIC)",1,1,1,1,0.00974516717741387
"none",1.4,93,"PELT",1,1,1,1,0.00472692132548939
"none",1.4,93,"SVP",1,1,1,1,0.00472692132548939
"none",1.4,93,"SVP (BIC)",1,1,1,1,0.00472692132548939
"none",1.4,94,"PELT",1,1,1,1,0.000151022315674246
"none",1.4,94,"SVP",1,1,1,1,0.000151022315674246
"none",1.4,94,"SVP (BIC)",1,1,1,1,0.000151022315674246
"none",1.4,95,"PELT",1,1,1,1,9.39773757135355e-06
"none",1.4,95,"SVP",1,1,1,1,9.39773757135355e-06
"none",1.4,95,"SVP (BIC)",1,1,1,1,9.39773757135355e-06
"none",1.4,96,"PELT",1,1,1,1,0.000803877680803742
"none",1.4,96,"SVP",1,1,1,1,0.000803877680803742
"none",1.4,96,"SVP (BIC)",1,1,1,1,0.000803877680803742
"none",1.4,97,"PELT",1,1,1,1,0.00124348568305637
"none",1.4,97,"SVP",1,1,1,1,0.00124348568305637
"none",1.4,97,"SVP (BIC)",1,1,1,1,0.00124348568305637
"none",1.4,98,"PELT",1,1,1,1,0.000782688044937005
"none",1.4,98,"SVP",1,1,1,1,0.000782688044937005
"none",1.4,98,"SVP (BIC)",1,1,1,1,0.000782688044937005
"none",1.4,99,"PELT",1,1,1,1,0.00130421662453454
"none",1.4,99,"SVP",1,1,1,1,0.00130421662453454
"none",1.4,99,"SVP (BIC)",1,1,1,1,0.00130421662453454
"none",1.4,100,"PELT",1,1,1,1,0.00210362156350241
"none",1.4,100,"SVP",1,1,1,1,0.00210362156350241
"none",1.4,100,"SVP (BIC)",1,1,1,1,0.00210362156350241
"up",1.4,1,"PELT",1,1,1,8,0.015946384210438
"up",1.4,1,"SVP",1,1,1,8,0.015946384210438
"up",1.4,1,"SVP (BIC)",1,1,1,8,0.015946384210438
"up",1.4,2,"PELT",1,1,1,8,0.0142777892570317
"up",1.4,2,"SVP",1,1,1,8,0.0142777892570317
"up",1.4,2,"SVP (BIC)",1,1,1,8,0.0142777892570317
"up",1.4,3,"PELT",0.875,0.875,0.875,8,0.0218263607585113
"up",1.4,3,"SVP",0.875,0.875,0.875,8,0.0218263607585113
"up",1.4,3,"SVP (BIC)",0.875,0.875,0.875,8,0.0218263607585113
"up",1.4,4,"PELT",1,1,1,8,0.0126113874303895
"up",1.4,4,"SVP",1,1,1,8,0.0126113874303895
"up",1.4,4,"SVP (BIC)",1,1,1,8,0.0126113874303895
"up",1.4,5,"PELT",0.875,0.875,0.875,8,0.033576942870001
"up",1.4,5,"SVP",0.875,0.875,0.875,8,0.0355982074730424
"up",1.4,5,"SVP (BIC)",0.875,0.875,0.875,8,0.033576942870001
"up",1.4,6,"PELT",0.875,0.875,0.875,8,0.0159890182109389
"up",1.4,6,"SVP",0.875,0.875,0.875,8,0.0159890182109389
"up",1.4,6,"SVP (BIC)",0.875,0.875,0.875,8,0.0159890182109389
"up",1.4,7,"PELT",0.75,0.75,0.75,8,0.0462138155262117
"up",1.4,7,"SVP",0.75,0.75,0.75,8,0.0462138155262117
"up",1.4,7,"SVP (BIC)",0.75,0.75,0.75,8,0.0462138155262117
"up",1.4,8,"PELT",0.75,0.75,0.75,8,0.027358941771196
"up",1.4,8,"SVP",0.75,0.75,0.75,8,0.027358941771196
"up",1.4,8,"SVP (BIC)",0.75,0.75,0.75,8,0.027358941771196
"up",1.4,9,"PELT",0.75,0.75,0.75,8,0.0281888153177235
"up",1.4,9,"SVP",0.75,0.75,0.75,8,0.0281888153177235
"up",1.4,9,"SVP (BIC)",0.75,0.75,0.75,8,0.0281888153177235
"up",1.4,10,"PELT",0.75,0.75,0.75,8,0.0344851666648573
"up",1.4,10,"SVP",0.75,0.75,0.75,8,0.0344851666648573
"up",1.4,10,"SVP (BIC)",0.75,0.75,0.75,8,0.0344851666648573
"up",1.4,11,"PELT",0.875,0.875,0.875,8,0.0250132951709626
"up",1.4,11,"SVP",0.875,0.875,0.875,8,0.0250132951709626
"up",1.4,11,"SVP (BIC)",0.875,0.875,0.875,8,0.0250132951709626
"up",1.4,12,"PELT",0.625,0.625,0.625,8,0.0410988099255759
"up",1.4,12,"SVP",0.625,0.625,0.625,8,0.0389412921120648
"up",1.4,12,"SVP (BIC)",0.625,0.625,0.625,8,0.0410988099255759
"up",1.4,13,"PELT",1,1,1,8,0.0156856456212884
"up",1.4,13,"SVP",1,1,1,8,0.0156856456212884
"up",1.4,13,"SVP (BIC)",1,1,1,8,0.0156856456212884
"up",1.4,14,"PELT",0.888888888888889,1,0.941176470588235,9,0.0325361284131872
"up",1.4,14,"SVP",1,1,1,8,0.0190683882096417
"up",1.4,14,"SVP (BIC)",1,1,1,8,0.0190683882096417
"up",1.4,15,"PELT",1,1,1,8,0.0273923500065402
"up",1.4,15,"SVP",1,1,1,8,0.0273923500065402
"up",1.4,15,"SVP (BIC)",1,1,1,8,0.0273923500065402
"up",1.4,16,"PELT",0.875,0.875,0.875,8,0.0267760298225056
"up",1.4,16,"SVP",0.875,0.875,0.875,8,0.0267760298225056
"up",1.4,16,"SVP (BIC)",0.875,0.875,0.875,8,0.0267760298225056
"up",1.4,17,"PELT",0.875,0.875,0.875,8,0.0319756620169358
"up",1.4,17,"SVP",0.875,0.875,0.875,8,0.0319756620169358
"up",1.4,17,"SVP (BIC)",0.875,0.875,0.875,8,0.0319756620169358
"up",1.4,18,"PELT",0.888888888888889,1,0.941176470588235,9,0.0347976676490118
"up",1.4,18,"SVP",1,1,1,8,0.0186710966417384
"up",1.4,18,"SVP (BIC)",1,1,1,8,0.0186710966417384
"up",1.4,19,"PELT",0.888888888888889,1,0.941176470588235,9,0.0384857057082693
"up",1.4,19,"SVP",1,1,1,8,0.0197088765315298
"up",1.4,19,"SVP (BIC)",1,1,1,8,0.0197088765315298
"up",1.4,20,"PELT",0.625,0.625,0.625,8,0.0385532717583497
"up",1.4,20,"SVP",0.625,0.625,0.625,8,0.0385532717583497
"up",1.4,20,"SVP (BIC)",0.625,0.625,0.625,8,0.0385532717583497
"up",1.4,21,"PELT",0.875,0.875,0.875,8,0.0188728033705817
"up",1.4,21,"SVP",0.875,0.875,0.875,8,0.0188728033705817
"up",1.4,21,"SVP (BIC)",0.875,0.875,0.875,8,0.0188728033705817
"up",1.4,22,"PELT",0.75,0.75,0.75,8,0.0259168813057681
"up",1.4,22,"SVP",0.75,0.75,0.75,8,0.0259168813057681
"up",1.4,22,"SVP (BIC)",0.75,0.75,0.75,8,0.0259168813057681
"up",1.4,23,"PELT",0.875,0.875,0.875,8,0.0226947398631818
"up",1.4,23,"SVP",0.875,0.875,0.875,8,0.0226947398631818
"up",1.4,23,"SVP (BIC)",0.875,0.875,0.875,8,0.0226947398631818
"up",1.4,24,"PELT",0.875,0.875,0.875,8,0.0199902085396144
"up",1.4,24,"SVP",0.875,0.875,0.875,8,0.0199902085396144
"up",1.4,24,"SVP (BIC)",0.875,0.875,0.875,8,0.0199902085396144
"up",1.4,25,"PELT",0.875,0.875,0.875,8,0.0291456651224383
"up",1.4,25,"SVP",0.875,0.875,0.875,8,0.0291456651224383
"up",1.4,25,"SVP (BIC)",0.875,0.875,0.875,8,0.0291456651224383
"up",1.4,26,"PELT",0.875,0.875,0.875,8,0.0426290578846152
"up",1.4,26,"SVP",0.875,0.875,0.875,8,0.0426290578846152
"up",1.4,26,"SVP (BIC)",0.875,0.875,0.875,8,0.0426290578846152
"up",1.4,27,"PELT",0.875,0.875,0.875,8,0.0274691006833665
"up",1.4,27,"SVP",0.875,0.875,0.875,8,0.0274691006833665
"up",1.4,27,"SVP (BIC)",0.875,0.875,0.875,8,0.0274691006833665
"up",1.4,28,"PELT",0.875,0.875,0.875,8,0.0262113756780337
"up",1.4,28,"SVP",0.875,0.875,0.875,8,0.0262113756780337
"up",1.4,28,"SVP (BIC)",0.875,0.875,0.875,8,0.0262113756780337
"up",1.4,29,"PELT",0.875,0.875,0.875,8,0.0227515956984955
"up",1.4,29,"SVP",0.875,0.875,0.875,8,0.0227515956984955
"up",1.4,29,"SVP (BIC)",0.875,0.875,0.875,8,0.0227515956984955
"up",1.4,30,"PELT",0.875,0.875,0.875,8,0.0143426966234704
"up",1.4,30,"SVP",0.875,0.875,0.875,8,0.0143426966234704
"up",1.4,30,"SVP (BIC)",0.875,0.875,0.875,8,0.0143426966234704
"up",1.4,31,"PELT",0.875,0.875,0.875,8,0.0286533486396347
"up",1.4,31,"SVP",0.875,0.875,0.875,8,0.0286533486396347
"up",1.4,31,"SVP (BIC)",0.875,0.875,0.875,8,0.0286533486396347
"up",1.4,32,"PELT",0.75,0.75,0.75,8,0.0229291576536244
"up",1.4,32,"SVP",0.75,0.75,0.75,8,0.0229291576536244
"up",1.4,32,"SVP (BIC)",0.75,0.75,0.75,8,0.0229291576536244
"up",1.4,33,"PELT",1,1,1,8,0.027395148004436
"up",1.4,33,"SVP",1,1,1,8,0.027395148004436
"up",1.4,33,"SVP (BIC)",1,1,1,8,0.027395148004436
"up",1.4,34,"PELT",0.875,0.875,0.875,8,0.034864089849475
"up",1.4,34,"SVP",0.875,0.875,0.875,8,0.034864089849475
"up",1.4,34,"SVP (BIC)",0.875,0.875,0.875,8,0.034864089849475
"up",1.4,35,"PELT",0.875,0.875,0.875,8,0.0235335656956777
"up",1.4,35,"SVP",0.875,0.875,0.875,8,0.0235335656956777
"up",1.4,35,"SVP (BIC)",0.875,0.875,0.875,8,0.0235335656956777
"up",1.4,36,"PELT",0.625,0.625,0.625,8,0.0432909652194578
"up",1.4,36,"SVP",0.625,0.625,0.625,8,0.0432909652194578
"up",1.4,36,"SVP (BIC)",0.625,0.625,0.625,8,0.0432909652194578
"up",1.4,37,"PELT",0.875,0.875,0.875,8,0.0377674354997904
"up",1.4,37,"SVP",0.875,0.875,0.875,8,0.0377674354997904
"up",1.4,37,"SVP (BIC)",0.875,0.875,0.875,8,0.0377674354997904
"up",1.4,38,"PELT",0.625,0.625,0.625,8,0.0341281578893988
"up",1.4,38,"SVP",0.625,0.625,0.625,8,0.0341281578893988
"up",1.4,38,"SVP (BIC)",0.625,0.625,0.625,8,0.0341281578893988
"up",1.4,39,"PELT",0.75,0.75,0.75,8,0.028248825868958
"up",1.4,39,"SVP",0.75,0.75,0.75,8,0.028248825868958
"up",1.4,39,"SVP (BIC)",0.75,0.75,0.75,8,0.028248825868958
"up",1.4,40,"PELT",0.875,0.875,0.875,8,0.0134642710484807
"up",1.4,40,"SVP",0.875,0.875,0.875,8,0.0134642710484807
"up",1.4,40,"SVP (BIC)",0.875,0.875,0.875,8,0.0134642710484807
"up",1.4,41,"PELT",0.875,0.875,0.875,8,0.0183163851875242
"up",1.4,41,"SVP",0.777777777777778,0.875,0.823529411764706,9,0.0206012822008008
"up",1.4,41,"SVP (BIC)",0.875,0.875,0.875,8,0.0183163851875242
"up",1.4,42,"PELT",0.625,0.625,0.625,8,0.0336833562056069
"up",1.4,42,"SVP",0.625,0.625,0.625,8,0.0336833562056069
"up",1.4,42,"SVP (BIC)",0.625,0.625,0.625,8,0.0336833562056069
"up",1.4,43,"PELT",0.875,0.875,0.875,8,0.011431514308233
"up",1.4,43,"SVP",0.875,0.875,0.875,8,0.011431514308233
"up",1.4,43,"SVP (BIC)",0.875,0.875,0.875,8,0.011431514308233
"up",1.4,44,"PELT",0.875,0.875,0.875,8,0.0189764542261458
"up",1.4,44,"SVP",0.875,0.875,0.875,8,0.0189764542261458
"up",1.4,44,"SVP (BIC)",0.875,0.875,0.875,8,0.0189764542261458
"up",1.4,45,"PELT",0.875,0.875,0.875,8,0.0303568038979
"up",1.4,45,"SVP",0.875,0.875,0.875,8,0.0303568038979
"up",1.4,45,"SVP (BIC)",0.875,0.875,0.875,8,0.0303568038979
"up",1.4,46,"PELT",1,1,1,8,0.0141725362808356
"up",1.4,46,"SVP",1,1,1,8,0.0141725362808356
"up",1.4,46,"SVP (BIC)",1,1,1,8,0.0141725362808356
"up",1.4,47,"PELT",1,1,1,8,0.015289798879512
"up",1.4,47,"SVP",1,1,1,8,0.015289798879512
"up",1.4,47,"SVP (BIC)",1,1,1,8,0.015289798879512
"up",1.4,48,"PELT",0.75,0.75,0.75,8,0.0393275706365863
"up",1.4,48,"SVP",0.75,0.75,0.75,8,0.0393275706365863
"up",1.4,48,"SVP (BIC)",0.75,0.75,0.75,8,0.0393275706365863
"up",1.4,49,"PELT",1,1,1,8,0.019780579642473
"up",1.4,49,"SVP",1,1,1,8,0.019780579642473
"up",1.4,49,"SVP (BIC)",1,1,1,8,0.019780579642473
"up",1.4,50,"PELT",1,1,1,8,0.0215579028696175
"up",1.4,50,"SVP",1,1,1,8,0.0215579028696175
"up",1.4,50,"SVP (BIC)",1,1,1,8,0.0215579028696175
"up",1.4,51,"PELT",1,1,1,8,0.0226307794144433
"up",1.4,51,"SVP",1,1,1,8,0.0226307794144433
"up",1.4,51,"SVP (BIC)",1,1,1,8,0.0226307794144433
"up",1.4,52,"PELT",0.875,0.875,0.875,8,0.0171960289615849
"up",1.4,52,"SVP",0.875,0.875,0.875,8,0.0171960289615849
"up",1.4,52,"SVP (BIC)",0.875,0.875,0.875,8,0.0171960289615849
"up",1.4,53,"PELT",0.75,0.75,0.75,8,0.0434214372133936
"up",1.4,53,"SVP",0.75,0.75,0.75,8,0.0434214372133936
"up",1.4,53,"SVP (BIC)",0.75,0.75,0.75,8,0.0434214372133936
"up",1.4,54,"PELT",0.75,0.75,0.75,8,0.0270381388090619
"up",1.4,54,"SVP",0.75,0.75,0.75,8,0.0270381388090619
"up",1.4,54,"SVP (BIC)",0.75,0.75,0.75,8,0.0270381388090619
"up",1.4,55,"PELT",0.875,0.875,0.875,8,0.0264881842037574
"up",1.4,55,"SVP",0.875,0.875,0.875,8,0.0264881842037574
"up",1.4,55,"SVP (BIC)",0.875,0.875,0.875,8,0.0264881842037574
"up",1.4,56,"PELT",0.875,0.875,0.875,8,0.0241934841291653
"up",1.4,56,"SVP",0.875,0.875,0.875,8,0.0241934841291653
"up",1.4,56,"SVP (BIC)",0.875,0.875,0.875,8,0.0241934841291653
"up",1.4,57,"PELT",1,1,1,8,0.0162765413355359
"up",1.4,57,"SVP",1,1,1,8,0.0162765413355359
"up",1.4,57,"SVP (BIC)",1,1,1,8,0.0162765413355359
"up",1.4,58,"PELT",0.75,0.75,0.75,8,0.044107314033527
"up",1.4,58,"SVP",0.75,0.75,0.75,8,0.044107314033527
"up",1.4,58,"SVP (BIC)",0.75,0.75,0.75,8,0.044107314033527
"up",1.4,59,"PELT",0.75,0.75,0.75,8,0.0374366892226398
"up",1.4,59,"SVP",0.75,0.75,0.75,8,0.0374366892226398
"up",1.4,59,"SVP (BIC)",0.75,0.75,0.75,8,0.0374366892226398
"up",1.4,60,"PELT",0.75,0.75,0.75,8,0.0460235869647468
"up",1.4,60,"SVP",0.75,0.75,0.75,8,0.0460235869647468
"up",1.4,60,"SVP (BIC)",0.75,0.75,0.75,8,0.0460235869647468
"up",1.4,61,"PELT",0.75,0.75,0.75,8,0.0457203923971416
"up",1.4,61,"SVP",0.75,0.75,0.75,8,0.0457203923971416
"up",1.4,61,"SVP (BIC)",0.75,0.75,0.75,8,0.0457203923971416
"up",1.4,62,"PELT",0.5,0.5,0.5,8,0.0525343892685549
"up",1.4,62,"SVP",0.5,0.5,0.5,8,0.0525343892685549
"up",1.4,62,"SVP (BIC)",0.5,0.5,0.5,8,0.0525343892685549
"up",1.4,63,"PELT",0.666666666666667,0.75,0.705882352941177,9,0.0489366695760951
"up",1.4,63,"SVP",0.875,0.875,0.875,8,0.0256526977756951
"up",1.4,63,"SVP (BIC)",0.875,0.875,0.875,8,0.0256526977756951
"up",1.4,64,"PELT",0.625,0.625,0.625,8,0.0509082841288146
"up",1.4,64,"SVP",0.625,0.625,0.625,8,0.0509082841288146
"up",1.4,64,"SVP (BIC)",0.625,0.625,0.625,8,0.0509082841288146
"up",1.4,65,"PELT",0.875,0.875,0.875,8,0.0274334596201277
"up",1.4,65,"SVP",0.875,0.875,0.875,8,0.0274334596201277
"up",1.4,65,"SVP (BIC)",0.875,0.875,0.875,8,0.0274334596201277
"up",1.4,66,"PELT",1,1,1,8,0.0122458128999958
"up",1.4,66,"SVP",1,1,1,8,0.0122458128999958
"up",1.4,66,"SVP (BIC)",1,1,1,8,0.0122458128999958
"up",1.4,67,"PELT",1,1,1,8,0.0185408288757935
"up",1.4,67,"SVP",1,1,1,8,0.0185408288757935
"up",1.4,67,"SVP (BIC)",1,1,1,8,0.0185408288757935
"up",1.4,68,"PELT",0.875,0.875,0.875,8,0.026676842105969
"up",1.4,68,"SVP",0.875,0.875,0.875,8,0.026676842105969
"up",1.4,68,"SVP (BIC)",0.875,0.875,0.875,8,0.026676842105969
"up",1.4,69,"PELT",1,1,1,8,0.0132880169660277
"up",1.4,69,"SVP",1,1,1,8,0.0132880169660277
"up",1.4,69,"SVP (BIC)",1,1,1,8,0.0132880169660277
"up",1.4,70,"PELT",0.875,0.875,0.875,8,0.0444487890149733
"up",1.4,70,"SVP",0.875,0.875,0.875,8,0.0444487890149733
"up",1.4,70,"SVP (BIC)",0.875,0.875,0.875,8,0.0444487890149733
"up",1.4,71,"PELT",0.875,0.875,0.875,8,0.0093683822433973
"up",1.4,71,"SVP",0.875,0.875,0.875,8,0.0093683822433973
"up",1.4,71,"SVP (BIC)",0.875,0.875,0.875,8,0.0093683822433973
"up",1.4,72,"PELT",0.75,0.75,0.75,8,0.0246392397421321
"up",1.4,72,"SVP",0.75,0.75,0.75,8,0.0246392397421321
"up",1.4,72,"SVP (BIC)",0.75,0.75,0.75,8,0.0246392397421321
"up",1.4,73,"PELT",0.875,0.875,0.875,8,0.0264700585664499
"up",1.4,73,"SVP",0.875,0.875,0.875,8,0.0264700585664499
"up",1.4,73,"SVP (BIC)",0.875,0.875,0.875,8,0.0264700585664499
"up",1.4,74,"PELT",0.875,0.875,0.875,8,0.0250467944880565
"up",1.4,74,"SVP",0.875,0.875,0.875,8,0.0250467944880565
"up",1.4,74,"SVP (BIC)",0.875,0.875,0.875,8,0.0250467944880565
"up",1.4,75,"PELT",0.625,0.625,0.625,8,0.0555658081475328
"up",1.4,75,"SVP",0.625,0.625,0.625,8,0.0555658081475328
"up",1.4,75,"SVP (BIC)",0.625,0.625,0.625,8,0.0555658081475328
"up",1.4,76,"PELT",0.875,0.875,0.875,8,0.0336030091847812
"up",1.4,76,"SVP",0.875,0.875,0.875,8,0.0336030091847812
"up",1.4,76,"SVP (BIC)",0.875,0.875,0.875,8,0.0336030091847812
"up",1.4,77,"PELT",0.625,0.625,0.625,8,0.0274928811519736
"up",1.4,77,"SVP",0.625,0.625,0.625,8,0.0274928811519736
"up",1.4,77,"SVP (BIC)",0.625,0.625,0.625,8,0.0274928811519736
"up",1.4,78,"PELT",0.875,0.875,0.875,8,0.00937349456124658
"up",1.4,78,"SVP",0.875,0.875,0.875,8,0.00937349456124658
"up",1.4,78,"SVP (BIC)",0.875,0.875,0.875,8,0.00937349456124658
"up",1.4,79,"PELT",0.875,0.875,0.875,8,0.028022560998926
"up",1.4,79,"SVP",0.875,0.875,0.875,8,0.028022560998926
"up",1.4,79,"SVP (BIC)",0.875,0.875,0.875,8,0.028022560998926
"up",1.4,80,"PELT",0.875,0.875,0.875,8,0.0302281068467836
"up",1.4,80,"SVP",0.875,0.875,0.875,8,0.0302281068467836
"up",1.4,80,"SVP (BIC)",0.875,0.875,0.875,8,0.0302281068467836
"up",1.4,81,"PELT",0.875,0.875,0.875,8,0.0185529953688257
"up",1.4,81,"SVP",0.875,0.875,0.875,8,0.0185529953688257
"up",1.4,81,"SVP (BIC)",0.875,0.875,0.875,8,0.0185529953688257
"up",1.4,82,"PELT",0.875,0.875,0.875,8,0.0224865151206062
"up",1.4,82,"SVP",0.875,0.875,0.875,8,0.0224865151206062
"up",1.4,82,"SVP (BIC)",0.875,0.875,0.875,8,0.0224865151206062
"up",1.4,83,"PELT",0.875,0.875,0.875,8,0.0184425208353123
"up",1.4,83,"SVP",0.875,0.875,0.875,8,0.0184425208353123
"up",1.4,83,"SVP (BIC)",0.875,0.875,0.875,8,0.0184425208353123
"up",1.4,84,"PELT",0.875,0.875,0.875,8,0.0183384235438312
"up",1.4,84,"SVP",0.875,0.875,0.875,8,0.0183384235438312
"up",1.4,84,"SVP (BIC)",0.875,0.875,0.875,8,0.0183384235438312
"up",1.4,85,"PELT",1,1,1,8,0.0192750870203554
"up",1.4,85,"SVP",1,1,1,8,0.0192750870203554
"up",1.4,85,"SVP (BIC)",1,1,1,8,0.0192750870203554
"up",1.4,86,"PELT",0.75,0.75,0.75,8,0.0292307787364732
"up",1.4,86,"SVP",0.75,0.75,0.75,8,0.0292307787364732
"up",1.4,86,"SVP (BIC)",0.75,0.75,0.75,8,0.0292307787364732
"up",1.4,87,"PELT",1,1,1,8,0.0165690022444578
"up",1.4,87,"SVP",1,1,1,8,0.0165690022444578
"up",1.4,87,"SVP (BIC)",1,1,1,8,0.0165690022444578
"up",1.4,88,"PELT",0.875,0.875,0.875,8,0.0174214558722146
"up",1.4,88,"SVP",0.875,0.875,0.875,8,0.0174214558722146
"up",1.4,88,"SVP (BIC)",0.875,0.875,0.875,8,0.0174214558722146
"up",1.4,89,"PELT",0.888888888888889,1,0.941176470588235,9,0.0282184323270899
"up",1.4,89,"SVP",1,1,1,8,0.00888814535983787
"up",1.4,89,"SVP (BIC)",1,1,1,8,0.00888814535983787
"up",1.4,90,"PELT",0.75,0.75,0.75,8,0.0288288915213755
"up",1.4,90,"SVP",0.75,0.75,0.75,8,0.0288288915213755
"up",1.4,90,"SVP (BIC)",0.75,0.75,0.75,8,0.0288288915213755
"up",1.4,91,"PELT",0.875,0.875,0.875,8,0.0242878408633898
"up",1.4,91,"SVP",0.875,0.875,0.875,8,0.0242878408633898
"up",1.4,91,"SVP (BIC)",0.875,0.875,0.875,8,0.0242878408633898
"up",1.4,92,"PELT",1,1,1,8,0.0104376730504123
"up",1.4,92,"SVP",1,1,1,8,0.0104376730504123
"up",1.4,92,"SVP (BIC)",1,1,1,8,0.0104376730504123
"up",1.4,93,"PELT",0.875,0.875,0.875,8,0.0282562258101684
"up",1.4,93,"SVP",0.875,0.875,0.875,8,0.0282562258101684
"up",1.4,93,"SVP (BIC)",0.875,0.875,0.875,8,0.0282562258101684
"up",1.4,94,"PELT",0.75,0.75,0.75,8,0.0389808662528149
"up",1.4,94,"SVP",0.75,0.75,0.75,8,0.0389808662528149
"up",1.4,94,"SVP (BIC)",0.75,0.75,0.75,8,0.0389808662528149
"up",1.4,95,"PELT",1,1,1,8,0.0118075465094414
"up",1.4,95,"SVP",1,1,1,8,0.0118075465094414
"up",1.4,95,"SVP (BIC)",1,1,1,8,0.0118075465094414
"up",1.4,96,"PELT",0.875,0.875,0.875,8,0.0209002317034705
"up",1.4,96,"SVP",0.875,0.875,0.875,8,0.0209002317034705
"up",1.4,96,"SVP (BIC)",0.875,0.875,0.875,8,0.0209002317034705
"up",1.4,97,"PELT",0.75,0.75,0.75,8,0.0355440764878794
"up",1.4,97,"SVP",0.75,0.75,0.75,8,0.0355440764878794
"up",1.4,97,"SVP (BIC)",0.75,0.75,0.75,8,0.0355440764878794
"up",1.4,98,"PELT",0.75,0.75,0.75,8,0.0227669228494627
"up",1.4,98,"SVP",0.75,0.75,0.75,8,0.0227669228494627
"up",1.4,98,"SVP (BIC)",0.75,0.75,0.75,8,0.0227669228494627
"up",1.4,99,"PELT",1,1,1,8,0.0237072893104795
"up",1.4,99,"SVP",1,1,1,8,0.0237072893104795
"up",1.4,99,"SVP (BIC)",1,1,1,8,0.0237072893104795
"up",1.4,100,"PELT",0.875,0.875,0.875,8,0.0167770964309918
"up",1.4,100,"SVP",0.875,0.875,0.875,8,0.0167770964309918
"up",1.4,100,"SVP (BIC)",0.875,0.875,0.875,8,0.0167770964309918
"updown",1.4,1,"PELT",1,1,1,8,0.00452568198238033
"updown",1.4,1,"SVP",1,1,1,8,0.00452568198238033
"updown",1.4,1,"SVP (BIC)",1,1,1,8,0.00452568198238033
"updown",1.4,2,"PELT",0.777777777777778,0.875,0.823529411764706,9,0.0377911545029999
"updown",1.4,2,"SVP",0.875,0.875,0.875,8,0.0167716260450678
"updown",1.4,2,"SVP (BIC)",0.875,0.875,0.875,8,0.0167716260450678
"updown",1.4,3,"PELT",0.875,0.875,0.875,8,0.0243590831559241
"updown",1.4,3,"SVP",0.875,0.875,0.875,8,0.0243590831559241
"updown",1.4,3,"SVP (BIC)",0.875,0.875,0.875,8,0.0243590831559241
"updown",1.4,4,"PELT",0.555555555555556,0.625,0.588235294117647,9,0.0685129877591207
"updown",1.4,4,"SVP",0.625,0.625,0.625,8,0.0633301368925204
"updown",1.4,4,"SVP (BIC)",0.625,0.625,0.625,8,0.0633301368925204
"updown",1.4,5,"PELT",0.625,0.625,0.625,8,0.0328785018204334
"updown",1.4,5,"SVP",0.625,0.625,0.625,8,0.0328785018204334
"updown",1.4,5,"SVP (BIC)",0.625,0.625,0.625,8,0.0328785018204334
"updown",1.4,6,"PELT",0.875,0.875,0.875,8,0.0229193625229962
"updown",1.4,6,"SVP",0.875,0.875,0.875,8,0.0229193625229962
"updown",1.4,6,"SVP (BIC)",0.875,0.875,0.875,8,0.0229193625229962
"updown",1.4,7,"PELT",0.875,0.875,0.875,8,0.032384196093601
"updown",1.4,7,"SVP",0.875,0.875,0.875,8,0.032384196093601
"updown",1.4,7,"SVP (BIC)",0.875,0.875,0.875,8,0.032384196093601
"updown",1.4,8,"PELT",0.875,0.875,0.875,8,0.0294633706923866
"updown",1.4,8,"SVP",0.875,0.875,0.875,8,0.0294633706923866
"updown",1.4,8,"SVP (BIC)",0.875,0.875,0.875,8,0.0294633706923866
"updown",1.4,9,"PELT",0.875,0.875,0.875,8,0.0253301296745044
"updown",1.4,9,"SVP",0.875,0.875,0.875,8,0.0253301296745044
"updown",1.4,9,"SVP (BIC)",0.875,0.875,0.875,8,0.0253301296745044
"updown",1.4,10,"PELT",1,1,1,8,0.0101141003622765
"updown",1.4,10,"SVP",1,1,1,8,0.0101141003622765
"updown",1.4,10,"SVP (BIC)",1,1,1,8,0.0101141003622765
"updown",1.4,11,"PELT",1,1,1,8,0.0138335266634247
"updown",1.4,11,"SVP",1,1,1,8,0.0138335266634247
"updown",1.4,11,"SVP (BIC)",1,1,1,8,0.0138335266634247
"updown",1.4,12,"PELT",1,1,1,8,0.0146811533086986
"updown",1.4,12,"SVP",1,1,1,8,0.0146811533086986
"updown",1.4,12,"SVP (BIC)",1,1,1,8,0.0146811533086986
"updown",1.4,13,"PELT",0.625,0.625,0.625,8,0.0464641686571871
"updown",1.4,13,"SVP",0.625,0.625,0.625,8,0.0464641686571871
"updown",1.4,13,"SVP (BIC)",0.625,0.625,0.625,8,0.0464641686571871
"updown",1.4,14,"PELT",1,1,1,8,0.0210192257535175
"updown",1.4,14,"SVP",1,1,1,8,0.0210192257535175
"updown",1.4,14,"SVP (BIC)",1,1,1,8,0.0210192257535175
"updown",1.4,15,"PELT",0.875,0.875,0.875,8,0.0355696537148048
"updown",1.4,15,"SVP",0.875,0.875,0.875,8,0.0355696537148048
"updown",1.4,15,"SVP (BIC)",0.875,0.875,0.875,8,0.0355696537148048
"updown",1.4,16,"PELT",0.875,0.875,0.875,8,0.0316356417661655
"updown",1.4,16,"SVP",0.875,0.875,0.875,8,0.0316356417661655
"updown",1.4,16,"SVP (BIC)",0.875,0.875,0.875,8,0.0316356417661655
"updown",1.4,17,"PELT",0.75,0.75,0.75,8,0.0241348258594462
"updown",1.4,17,"SVP",0.75,0.75,0.75,8,0.0241348258594462
"updown",1.4,17,"SVP (BIC)",0.75,0.75,0.75,8,0.0241348258594462
"updown",1.4,18,"PELT",0.555555555555556,0.625,0.588235294117647,9,0.0542041725914961
"updown",1.4,18,"SVP",0.625,0.625,0.625,8,0.0355701302190758
"updown",1.4,18,"SVP (BIC)",0.625,0.625,0.625,8,0.0355701302190758
"updown",1.4,19,"PELT",1,1,1,8,0.0165884434008628
"updown",1.4,19,"SVP",1,1,1,8,0.0165884434008628
"updown",1.4,19,"SVP (BIC)",1,1,1,8,0.0165884434008628
"updown",1.4,20,"PELT",0.875,0.875,0.875,8,0.0228411054778809
"updown",1.4,20,"SVP",0.875,0.875,0.875,8,0.0228411054778809
"updown",1.4,20,"SVP (BIC)",0.875,0.875,0.875,8,0.0228411054778809
"updown",1.4,21,"PELT",1,1,1,8,0.0274194762280596
"updown",1.4,21,"SVP",1,1,1,8,0.0274194762280596
"updown",1.4,21,"SVP (BIC)",1,1,1,8,0.0274194762280596
"updown",1.4,22,"PELT",0.875,0.875,0.875,8,0.0266939086406248
"updown",1.4,22,"SVP",0.875,0.875,0.875,8,0.0266939086406248
"updown",1.4,22,"SVP (BIC)",0.875,0.875,0.875,8,0.0266939086406248
"updown",1.4,23,"PELT",0.875,0.875,0.875,8,0.0226591829735301
"updown",1.4,23,"SVP",0.875,0.875,0.875,8,0.0226591829735301
"updown",1.4,23,"SVP (BIC)",0.875,0.875,0.875,8,0.0226591829735301
"updown",1.4,24,"PELT",1,1,1,8,0.0148521563998656
"updown",1.4,24,"SVP",1,1,1,8,0.0148521563998656
"updown",1.4,24,"SVP (BIC)",1,1,1,8,0.0148521563998656
"updown",1.4,25,"PELT",1,1,1,8,0.0116275951335841
"updown",1.4,25,"SVP",1,1,1,8,0.0116275951335841
"updown",1.4,25,"SVP (BIC)",1,1,1,8,0.0116275951335841
"updown",1.4,26,"PELT",0.875,0.875,0.875,8,0.021584847107281
"updown",1.4,26,"SVP",0.875,0.875,0.875,8,0.021584847107281
"updown",1.4,26,"SVP (BIC)",0.875,0.875,0.875,8,0.021584847107281
"updown",1.4,27,"PELT",0.875,0.875,0.875,8,0.0175581052437237
"updown",1.4,27,"SVP",0.875,0.875,0.875,8,0.0175581052437237
"updown",1.4,27,"SVP (BIC)",0.875,0.875,0.875,8,0.0175581052437237
"updown",1.4,28,"PELT",0.777777777777778,0.875,0.823529411764706,9,0.0435588023853705
"updown",1.4,28,"SVP",1,1,1,8,0.0186995540320412
"updown",1.4,28,"SVP (BIC)",1,1,1,8,0.0186995540320412
"updown",1.4,29,"PELT",0.75,0.75,0.75,8,0.0281055851400738
"updown",1.4,29,"SVP",0.75,0.75,0.75,8,0.0281055851400738
"updown",1.4,29,"SVP (BIC)",0.75,0.75,0.75,8,0.0281055851400738
"updown",1.4,30,"PELT",0.875,0.875,0.875,8,0.026555120629824
"updown",1.4,30,"SVP",0.875,0.875,0.875,8,0.026555120629824
"updown",1.4,30,"SVP (BIC)",0.875,0.875,0.875,8,0.026555120629824
"updown",1.4,31,"PELT",0.875,0.875,0.875,8,0.0138238554544656
"updown",1.4,31,"SVP",0.875,0.875,0.875,8,0.0138238554544656
"updown",1.4,31,"SVP (BIC)",0.875,0.875,0.875,8,0.0138238554544656
"updown",1.4,32,"PELT",0.75,0.75,0.75,8,0.0486605341411174
"updown",1.4,32,"SVP",0.75,0.75,0.75,8,0.0486605341411174
"updown",1.4,32,"SVP (BIC)",0.75,0.75,0.75,8,0.0486605341411174
"updown",1.4,33,"PELT",0.875,0.875,0.875,8,0.0183439831794844
"updown",1.4,33,"SVP",0.875,0.875,0.875,8,0.0183439831794844
"updown",1.4,33,"SVP (BIC)",0.875,0.875,0.875,8,0.0183439831794844
"updown",1.4,34,"PELT",0.777777777777778,0.875,0.823529411764706,9,0.034039376965812
"updown",1.4,34,"SVP",0.875,0.875,0.875,8,0.0192856070188535
"updown",1.4,34,"SVP (BIC)",0.875,0.875,0.875,8,0.0192856070188535
"updown",1.4,35,"PELT",0.875,0.875,0.875,8,0.0267406668948657
"updown",1.4,35,"SVP",0.875,0.875,0.875,8,0.0267406668948657
"updown",1.4,35,"SVP (BIC)",0.875,0.875,0.875,8,0.0267406668948657
"updown",1.4,36,"PELT",0.375,0.375,0.375,8,0.0676079097703808
"updown",1.4,36,"SVP",0.375,0.375,0.375,8,0.0676079097703808
"updown",1.4,36,"SVP (BIC)",0.375,0.375,0.375,8,0.0676079097703808
"updown",1.4,37,"PELT",0.75,0.75,0.75,8,0.0425218571171409
"updown",1.4,37,"SVP",0.75,0.75,0.75,8,0.0425218571171409
"updown",1.4,37,"SVP (BIC)",0.75,0.75,0.75,8,0.0425218571171409
"updown",1.4,38,"PELT",0.875,0.875,0.875,8,0.0336421766034486
"updown",1.4,38,"SVP",0.875,0.875,0.875,8,0.0336421766034486
"updown",1.4,38,"SVP (BIC)",0.875,0.875,0.875,8,0.0336421766034486
"updown",1.4,39,"PELT",0.875,0.875,0.875,8,0.0203586164532057
"updown",1.4,39,"SVP",0.875,0.875,0.875,8,0.0203586164532057
"updown",1.4,39,"SVP (BIC)",0.875,0.875,0.875,8,0.0203586164532057
"updown",1.4,40,"PELT",0.875,0.875,0.875,8,0.00884388702366137
"updown",1.4,40,"SVP",0.875,0.875,0.875,8,0.00884388702366137
"updown",1.4,40,"SVP (BIC)",0.875,0.875,0.875,8,0.00884388702366137
"updown",1.4,41,"PELT",0.875,0.875,0.875,8,0.0175547689314538
"updown",1.4,41,"SVP",0.875,0.875,0.875,8,0.0175547689314538
"updown",1.4,41,"SVP (BIC)",0.875,0.875,0.875,8,0.0175547689314538
"updown",1.4,42,"PELT",0.625,0.625,0.625,8,0.0450927123215324
"updown",1.4,42,"SVP",0.625,0.625,0.625,8,0.0450927123215324
"updown",1.4,42,"SVP (BIC)",0.625,0.625,0.625,8,0.0450927123215324
"updown",1.4,43,"PELT",0.75,0.75,0.75,8,0.025627103843494
"updown",1.4,43,"SVP",0.75,0.75,0.75,8,0.025627103843494
"updown",1.4,43,"SVP (BIC)",0.75,0.75,0.75,8,0.025627103843494
"updown",1.4,44,"PELT",0.625,0.625,0.625,8,0.0630668692264746
"updown",1.4,44,"SVP",0.625,0.625,0.625,8,0.0630668692264746
"updown",1.4,44,"SVP (BIC)",0.625,0.625,0.625,8,0.0630668692264746
"updown",1.4,45,"PELT",0.875,0.875,0.875,8,0.0175445706125994
"updown",1.4,45,"SVP",0.875,0.875,0.875,8,0.0175445706125994
"updown",1.4,45,"SVP (BIC)",0.875,0.875,0.875,8,0.0175445706125994
"updown",1.4,46,"PELT",0.75,0.75,0.75,8,0.0193945426808466
"updown",1.4,46,"SVP",0.75,0.75,0.75,8,0.0193945426808466
"updown",1.4,46,"SVP (BIC)",0.75,0.75,0.75,8,0.0193945426808466
"updown",1.4,47,"PELT",0.625,0.625,0.625,8,0.0524925982590947
"updown",1.4,47,"SVP",0.625,0.625,0.625,8,0.037682334820941
"updown",1.4,47,"SVP (BIC)",0.625,0.625,0.625,8,0.0524925982590947
"updown",1.4,48,"PELT",0.875,0.875,0.875,8,0.0210007330651176
"updown",1.4,48,"SVP",0.875,0.875,0.875,8,0.0210007330651176
"updown",1.4,48,"SVP (BIC)",0.875,0.875,0.875,8,0.0210007330651176
"updown",1.4,49,"PELT",0.75,0.75,0.75,8,0.0426042050482642
"updown",1.4,49,"SVP",0.75,0.75,0.75,8,0.0426042050482642
"updown",1.4,49,"SVP (BIC)",0.75,0.75,0.75,8,0.0426042050482642
"updown",1.4,50,"PELT",0.875,0.875,0.875,8,0.0209393391763003
"updown",1.4,50,"SVP",0.875,0.875,0.875,8,0.0209393391763003
"updown",1.4,50,"SVP (BIC)",0.875,0.875,0.875,8,0.0209393391763003
"updown",1.4,51,"PELT",0.75,0.75,0.75,8,0.0387678805013904
"updown",1.4,51,"SVP",0.75,0.75,0.75,8,0.0387678805013904
"updown",1.4,51,"SVP (BIC)",0.75,0.75,0.75,8,0.0387678805013904
"updown",1.4,52,"PELT",1,1,1,8,0.015013017027546
"updown",1.4,52,"SVP",1,1,1,8,0.015013017027546
"updown",1.4,52,"SVP (BIC)",1,1,1,8,0.015013017027546
"updown",1.4,53,"PELT",0.625,0.625,0.625,8,0.0456477704242107
"updown",1.4,53,"SVP",0.625,0.625,0.625,8,0.0456477704242107
"updown",1.4,53,"SVP (BIC)",0.625,0.625,0.625,8,0.0456477704242107
"updown",1.4,54,"PELT",1,1,1,8,0.019016331269603
"updown",1.4,54,"SVP",1,1,1,8,0.019016331269603
"updown",1.4,54,"SVP (BIC)",1,1,1,8,0.019016331269603
"updown",1.4,55,"PELT",1,1,1,8,0.0165195911808527
"updown",1.4,55,"SVP",1,1,1,8,0.0165195911808527
"updown",1.4,55,"SVP (BIC)",1,1,1,8,0.0165195911808527
"updown",1.4,56,"PELT",1,1,1,8,0.0126799047474604
"updown",1.4,56,"SVP",1,1,1,8,0.0126799047474604
"updown",1.4,56,"SVP (BIC)",1,1,1,8,0.0126799047474604
"updown",1.4,57,"PELT",0.75,0.75,0.75,8,0.0290431645781638
"updown",1.4,57,"SVP",0.75,0.75,0.75,8,0.0290431645781638
"updown",1.4,57,"SVP (BIC)",0.75,0.75,0.75,8,0.0290431645781638
"updown",1.4,58,"PELT",0.875,0.875,0.875,8,0.0298136791754042
"updown",1.4,58,"SVP",0.875,0.875,0.875,8,0.0298136791754042
"updown",1.4,58,"SVP (BIC)",0.875,0.875,0.875,8,0.0298136791754042
"updown",1.4,59,"PELT",0.777777777777778,0.875,0.823529411764706,9,0.0329624497053784
"updown",1.4,59,"SVP",0.875,0.875,0.875,8,0.0177257802393175
"updown",1.4,59,"SVP (BIC)",0.875,0.875,0.875,8,0.0177257802393175
"updown",1.4,60,"PELT",0.625,0.625,0.625,8,0.04609950320658
"updown",1.4,60,"SVP",0.625,0.625,0.625,8,0.04609950320658
"updown",1.4,60,"SVP (BIC)",0.625,0.625,0.625,8,0.04609950320658
"updown",1.4,61,"PELT",0.875,0.875,0.875,8,0.032984699609153
"updown",1.4,61,"SVP",0.875,0.875,0.875,8,0.032984699609153
"updown",1.4,61,"SVP (BIC)",0.875,0.875,0.875,8,0.032984699609153
"updown",1.4,62,"PELT",0.75,0.75,0.75,8,0.0234089542209306
"updown",1.4,62,"SVP",0.75,0.75,0.75,8,0.0234089542209306
"updown",1.4,62,"SVP (BIC)",0.75,0.75,0.75,8,0.0234089542209306
"updown",1.4,63,"PELT",0.75,0.75,0.75,8,0.0470427365160022
"updown",1.4,63,"SVP",0.75,0.75,0.75,8,0.0470427365160022
"updown",1.4,63,"SVP (BIC)",0.75,0.75,0.75,8,0.0470427365160022
"updown",1.4,64,"PELT",0.875,0.875,0.875,8,0.0319584358922996
"updown",1.4,64,"SVP",0.875,0.875,0.875,8,0.0357027207347382
"updown",1.4,64,"SVP (BIC)",0.875,0.875,0.875,8,0.0319584358922996
"updown",1.4,65,"PELT",0.75,0.75,0.75,8,0.0312265681272795
"updown",1.4,65,"SVP",0.75,0.75,0.75,8,0.0312265681272795
"updown",1.4,65,"SVP (BIC)",0.75,0.75,0.75,8,0.0312265681272795
"updown",1.4,66,"PELT",0.777777777777778,0.875,0.823529411764706,9,0.0320957502846962
"updown",1.4,66,"SVP",0.875,0.875,0.875,8,0.0178379625391118
"updown",1.4,66,"SVP (BIC)",0.875,0.875,0.875,8,0.0178379625391118
"updown",1.4,67,"PELT",0.875,0.875,0.875,8,0.0255380325405787
"updown",1.4,67,"SVP",0.875,0.875,0.875,8,0.0255380325405787
"updown",1.4,67,"SVP (BIC)",0.875,0.875,0.875,8,0.0255380325405787
"updown",1.4,68,"PELT",0.875,0.875,0.875,8,0.0235971395154015
"updown",1.4,68,"SVP",0.875,0.875,0.875,8,0.0235971395154015
"updown",1.4,68,"SVP (BIC)",0.875,0.875,0.875,8,0.0235971395154015
"updown",1.4,69,"PELT",1,1,1,8,0.012710240925587
"updown",1.4,69,"SVP",1,1,1,8,0.012710240925587
"updown",1.4,69,"SVP (BIC)",1,1,1,8,0.012710240925587
"updown",1.4,70,"PELT",0.75,0.75,0.75,8,0.0391816695430019
"updown",1.4,70,"SVP",0.75,0.75,0.75,8,0.0391816695430019
"updown",1.4,70,"SVP (BIC)",0.75,0.75,0.75,8,0.0391816695430019
"updown",1.4,71,"PELT",0.75,0.75,0.75,8,0.0359146894032536
"updown",1.4,71,"SVP",0.75,0.75,0.75,8,0.0359146894032536
"updown",1.4,71,"SVP (BIC)",0.75,0.75,0.75,8,0.0359146894032536
"updown",1.4,72,"PELT",0.875,0.875,0.875,8,0.0217667738788061
"updown",1.4,72,"SVP",0.875,0.875,0.875,8,0.0217667738788061
"updown",1.4,72,"SVP (BIC)",0.875,0.875,0.875,8,0.0217667738788061
"updown",1.4,73,"PELT",0.875,0.875,0.875,8,0.0239085669575412
"updown",1.4,73,"SVP",0.875,0.875,0.875,8,0.0239085669575412
"updown",1.4,73,"SVP (BIC)",0.875,0.875,0.875,8,0.0239085669575412
"updown",1.4,74,"PELT",0.875,0.875,0.875,8,0.022418820791177
"updown",1.4,74,"SVP",0.875,0.875,0.875,8,0.022418820791177
"updown",1.4,74,"SVP (BIC)",0.875,0.875,0.875,8,0.022418820791177
"updown",1.4,75,"PELT",1,1,1,8,0.0137409656285091
"updown",1.4,75,"SVP",1,1,1,8,0.0137409656285091
"updown",1.4,75,"SVP (BIC)",1,1,1,8,0.0137409656285091
"updown",1.4,76,"PELT",0.625,0.625,0.625,8,0.0320144021457005
"updown",1.4,76,"SVP",0.625,0.625,0.625,8,0.0320144021457005
"updown",1.4,76,"SVP (BIC)",0.625,0.625,0.625,8,0.0320144021457005
"updown",1.4,77,"PELT",0.875,0.875,0.875,8,0.0312286039200922
"updown",1.4,77,"SVP",0.875,0.875,0.875,8,0.0312286039200922
"updown",1.4,77,"SVP (BIC)",0.875,0.875,0.875,8,0.0312286039200922
"updown",1.4,78,"PELT",0.875,0.875,0.875,8,0.0200802731532629
"updown",1.4,78,"SVP",0.875,0.875,0.875,8,0.0200802731532629
"updown",1.4,78,"SVP (BIC)",0.875,0.875,0.875,8,0.0200802731532629
"updown",1.4,79,"PELT",0.875,0.875,0.875,8,0.0208392011793246
"updown",1.4,79,"SVP",0.875,0.875,0.875,8,0.0208392011793246
"updown",1.4,79,"SVP (BIC)",0.875,0.875,0.875,8,0.0208392011793246
"updown",1.4,80,"PELT",0.875,0.875,0.875,8,0.0212919376371366
"updown",1.4,80,"SVP",0.875,0.875,0.875,8,0.0212919376371366
"updown",1.4,80,"SVP (BIC)",0.875,0.875,0.875,8,0.0212919376371366
"updown",1.4,81,"PELT",0.875,0.875,0.875,8,0.0245742785176259
"updown",1.4,81,"SVP",0.875,0.875,0.875,8,0.0245742785176259
"updown",1.4,81,"SVP (BIC)",0.875,0.875,0.875,8,0.0245742785176259
"updown",1.4,82,"PELT",0.75,0.75,0.75,8,0.0251131961147899
"updown",1.4,82,"SVP",0.75,0.75,0.75,8,0.0251131961147899
"updown",1.4,82,"SVP (BIC)",0.75,0.75,0.75,8,0.0251131961147899
"updown",1.4,83,"PELT",1,1,1,8,0.0146032125687973
"updown",1.4,83,"SVP",1,1,1,8,0.0146032125687973
"updown",1.4,83,"SVP (BIC)",1,1,1,8,0.0146032125687973
"updown",1.4,84,"PELT",0.875,0.875,0.875,8,0.0178271505586883
"updown",1.4,84,"SVP",0.875,0.875,0.875,8,0.0178271505586883
"updown",1.4,84,"SVP (BIC)",0.875,0.875,0.875,8,0.0178271505586883
"updown",1.4,85,"PELT",0.75,0.75,0.75,8,0.0265644829120426
"updown",1.4,85,"SVP",0.75,0.75,0.75,8,0.0265644829120426
"updown",1.4,85,"SVP (BIC)",0.75,0.75,0.75,8,0.0265644829120426
"updown",1.4,86,"PELT",0.5,0.5,0.5,8,0.0380490719868752
"updown",1.4,86,"SVP",0.5,0.5,0.5,8,0.0380490719868752
"updown",1.4,86,"SVP (BIC)",0.5,0.5,0.5,8,0.0380490719868752
"updown",1.4,87,"PELT",0.875,0.875,0.875,8,0.0385641536109478
"updown",1.4,87,"SVP",0.875,0.875,0.875,8,0.0385641536109478
"updown",1.4,87,"SVP (BIC)",0.875,0.875,0.875,8,0.0385641536109478
"updown",1.4,88,"PELT",0.875,0.875,0.875,8,0.0355091935923647
"updown",1.4,88,"SVP",0.875,0.875,0.875,8,0.0355091935923647
"updown",1.4,88,"SVP (BIC)",0.875,0.875,0.875,8,0.0355091935923647
"updown",1.4,89,"PELT",0.75,0.75,0.75,8,0.0418950444208777
"updown",1.4,89,"SVP",0.75,0.75,0.75,8,0.0418950444208777
"updown",1.4,89,"SVP (BIC)",0.75,0.75,0.75,8,0.0418950444208777
"updown",1.4,90,"PELT",1,1,1,8,0.0133318813465255
"updown",1.4,90,"SVP",1,1,1,8,0.0133318813465255
"updown",1.4,90,"SVP (BIC)",1,1,1,8,0.0133318813465255
"updown",1.4,91,"PELT",1,1,1,8,0.0193292873290041
"updown",1.4,91,"SVP",1,1,1,8,0.0193292873290041
"updown",1.4,91,"SVP (BIC)",1,1,1,8,0.0193292873290041
"updown",1.4,92,"PELT",0.875,0.875,0.875,8,0.0208523021781861
"updown",1.4,92,"SVP",0.875,0.875,0.875,8,0.0208523021781861
"updown",1.4,92,"SVP (BIC)",0.875,0.875,0.875,8,0.0208523021781861
"updown",1.4,93,"PELT",0.625,0.625,0.625,8,0.0586400471836433
"updown",1.4,93,"SVP",0.625,0.625,0.625,8,0.0586400471836433
"updown",1.4,93,"SVP (BIC)",0.625,0.625,0.625,8,0.0586400471836433
"updown",1.4,94,"PELT",0.875,0.875,0.875,8,0.0150935831922351
"updown",1.4,94,"SVP",0.875,0.875,0.875,8,0.0150935831922351
"updown",1.4,94,"SVP (BIC)",0.875,0.875,0.875,8,0.0150935831922351
"updown",1.4,95,"PELT",0.75,0.75,0.75,8,0.041175278446508
"updown",1.4,95,"SVP",0.75,0.75,0.75,8,0.041175278446508
"updown",1.4,95,"SVP (BIC)",0.75,0.75,0.75,8,0.041175278446508
"updown",1.4,96,"PELT",0.875,0.875,0.875,8,0.0176216369429095
"updown",1.4,96,"SVP",0.875,0.875,0.875,8,0.0176216369429095
"updown",1.4,96,"SVP (BIC)",0.875,0.875,0.875,8,0.0176216369429095
"updown",1.4,97,"PELT",0.875,0.875,0.875,8,0.026147804213344
"updown",1.4,97,"SVP",0.875,0.875,0.875,8,0.026147804213344
"updown",1.4,97,"SVP (BIC)",0.875,0.875,0.875,8,0.026147804213344
"updown",1.4,98,"PELT",0.75,0.75,0.75,8,0.0329225665280937
"updown",1.4,98,"SVP",0.75,0.75,0.75,8,0.0329225665280937
"updown",1.4,98,"SVP (BIC)",0.75,0.75,0.75,8,0.0329225665280937
"updown",1.4,99,"PELT",0.875,0.875,0.875,8,0.024775245769075
"updown",1.4,99,"SVP",0.875,0.875,0.875,8,0.024775245769075
"updown",1.4,99,"SVP (BIC)",0.875,0.875,0.875,8,0.024775245769075
"updown",1.4,100,"PELT",0.777777777777778,0.875,0.823529411764706,9,0.0432330875156184
"updown",1.4,100,"SVP",0.875,0.875,0.875,8,0.0277397588437173
"updown",1.4,100,"SVP (BIC)",0.875,0.875,0.875,8,0.0277397588437173
"rand1",1.4,1,"PELT",1,0.625,0.769230769230769,5,0.0202900010691163
"rand1",1.4,1,"SVP",1,0.625,0.769230769230769,5,0.0202900010691163
"rand1",1.4,1,"SVP (BIC)",1,0.625,0.769230769230769,5,0.0202900010691163
"rand1",1.4,2,"PELT",1,0.625,0.769230769230769,5,0.0315148077647009
"rand1",1.4,2,"SVP",0.833333333333333,0.625,0.714285714285714,6,0.0384527238271557
"rand1",1.4,2,"SVP (BIC)",1,0.625,0.769230769230769,5,0.0315148077647009
"rand1",1.4,3,"PELT",1,0.625,0.769230769230769,5,0.0226433492403612
"rand1",1.4,3,"SVP",1,0.625,0.769230769230769,5,0.0226433492403612
"rand1",1.4,3,"SVP (BIC)",1,0.625,0.769230769230769,5,0.0226433492403612
"rand1",1.4,4,"PELT",1,0.75,0.857142857142857,6,0.016411719121998
"rand1",1.4,4,"SVP",1,0.75,0.857142857142857,6,0.016411719121998
"rand1",1.4,4,"SVP (BIC)",1,0.625,0.769230769230769,5,0.0265760790293392
"rand1",1.4,5,"PELT",1,0.75,0.857142857142857,6,0.0207017040728818
"rand1",1.4,5,"SVP",1,0.75,0.857142857142857,6,0.0207017040728818
"rand1",1.4,5,"SVP (BIC)",1,0.625,0.769230769230769,5,0.0296232377996913
"rand1",1.4,6,"PELT",0.833333333333333,0.625,0.714285714285714,6,0.0184162085529984
"rand1",1.4,6,"SVP",1,0.625,0.769230769230769,5,0.0288742690374844
"rand1",1.4,6,"SVP (BIC)",1,0.625,0.769230769230769,5,0.0288742690374844
"rand1",1.4,7,"PELT",0.714285714285714,0.625,0.666666666666667,7,0.0200926725607756
"rand1",1.4,7,"SVP",0.833333333333333,0.625,0.714285714285714,6,0.0190218220815731
"rand1",1.4,7,"SVP (BIC)",1,0.625,0.769230769230769,5,0.0294253209324976
"rand1",1.4,8,"PELT",1,0.625,0.769230769230769,5,0.0233652632465866
"rand1",1.4,8,"SVP",1,0.625,0.769230769230769,5,0.0233652632465866
"rand1",1.4,8,"SVP (BIC)",1,0.625,0.769230769230769,5,0.0233652632465866
"rand1",1.4,9,"PELT",0.833333333333333,0.625,0.714285714285714,6,0.019787061483747
"rand1",1.4,9,"SVP",0.833333333333333,0.625,0.714285714285714,6,0.019787061483747
"rand1",1.4,9,"SVP (BIC)",1,0.625,0.769230769230769,5,0.0293407080530619
"rand1",1.4,10,"PELT",0.833333333333333,0.625,0.714285714285714,6,0.0155930199587157
"rand1",1.4,10,"SVP",1,0.625,0.769230769230769,5,0.0241659952174553
"rand1",1.4,10,"SVP (BIC)",1,0.625,0.769230769230769,5,0.0241659952174553
"rand1",1.4,11,"PELT",1,0.625,0.769230769230769,5,0.0282770621542723
"rand1",1.4,11,"SVP",1,0.625,0.769230769230769,5,0.0282770621542723
"rand1",1.4,11,"SVP (BIC)",1,0.625,0.769230769230769,5,0.0282770621542723
"rand1",1.4,12,"PELT",0.833333333333333,0.625,0.714285714285714,6,0.0253797901783862
"rand1",1.4,12,"SVP",0.833333333333333,0.625,0.714285714285714,6,0.0253797901783862
"rand1",1.4,12,"SVP (BIC)",1,0.625,0.769230769230769,5,0.0292165155430097
"rand1",1.4,13,"PELT",1,0.625,0.769230769230769,5,0.0315137700618746
"rand1",1.4,13,"SVP",1,0.625,0.769230769230769,5,0.0315137700618746
"rand1",1.4,13,"SVP (BIC)",1,0.625,0.769230769230769,5,0.0315137700618746
"rand1",1.4,14,"PELT",0.571428571428571,0.5,0.533333333333333,7,0.0271947453228464
"rand1",1.4,14,"SVP",0.666666666666667,0.5,0.571428571428572,6,0.0429775848423137
"rand1",1.4,14,"SVP (BIC)",0.8,0.5,0.615384615384615,5,0.0409804888148121
"rand1",1.4,15,"PELT",0.8,0.5,0.615384615384615,5,0.0402786965441343
"rand1",1.4,15,"SVP",0.8,0.5,0.615384615384615,5,0.0402786965441343
"rand1",1.4,15,"SVP (BIC)",0.8,0.5,0.615384615384615,5,0.0402786965441343
"rand1",1.4,16,"PELT",0.714285714285714,0.625,0.666666666666667,7,0.0330265869773601
"rand1",1.4,16,"SVP",0.833333333333333,0.625,0.714285714285714,6,0.0338991710756834
"rand1",1.4,16,"SVP (BIC)",0.833333333333333,0.625,0.714285714285714,6,0.0338991710756834
"rand1",1.4,17,"PELT",0.833333333333333,0.625,0.714285714285714,6,0.0311449325212919
"rand1",1.4,17,"SVP",1,0.625,0.769230769230769,5,0.0236735962448885
"rand1",1.4,17,"SVP (BIC)",1,0.625,0.769230769230769,5,0.0236735962448885
"rand1",1.4,18,"PELT",0.714285714285714,0.625,0.666666666666667,7,0.055845961670085
"rand1",1.4,18,"SVP",0.833333333333333,0.625,0.714285714285714,6,0.0352761704322452
"rand1",1.4,18,"SVP (BIC)",0.833333333333333,0.625,0.714285714285714,6,0.0330936547154468
"rand1",1.4,19,"PELT",0.833333333333333,0.625,0.714285714285714,6,0.0213885383545564
"rand1",1.4,19,"SVP",1,0.625,0.769230769230769,5,0.026628849199269
"rand1",1.4,19,"SVP (BIC)",1,0.625,0.769230769230769,5,0.026628849199269
"rand1",1.4,20,"PELT",1,0.625,0.769230769230769,5,0.0240054466665131
"rand1",1.4,20,"SVP",1,0.625,0.769230769230769,5,0.0240054466665131
"rand1",1.4,20,"SVP (BIC)",1,0.625,0.769230769230769,5,0.0240054466665131
"rand1",1.4,21,"PELT",0.833333333333333,0.625,0.714285714285714,6,0.0166897217212018
"rand1",1.4,21,"SVP",1,0.625,0.769230769230769,5,0.025314016385657
"rand1",1.4,21,"SVP (BIC)",1,0.625,0.769230769230769,5,0.025314016385657
"rand1",1.4,22,"PELT",0.833333333333333,0.625,0.714285714285714,6,0.0337833422651301
"rand1",1.4,22,"SVP",0.833333333333333,0.625,0.714285714285714,6,0.0337833422651301
"rand1",1.4,22,"SVP (BIC)",1,0.625,0.769230769230769,5,0.0417227547003518
"rand1",1.4,23,"PELT",0.6,0.375,0.461538461538462,5,0.0487705044280279
"rand1",1.4,23,"SVP",0.6,0.375,0.461538461538462,5,0.0487705044280279
"rand1",1.4,23,"SVP (BIC)",0.6,0.375,0.461538461538462,5,0.0487705044280279
"rand1",1.4,24,"PELT",0.8,0.5,0.615384615384615,5,0.0423513800488516
"rand1",1.4,24,"SVP",0.8,0.5,0.615384615384615,5,0.0423513800488516
"rand1",1.4,24,"SVP (BIC)",0.8,0.5,0.615384615384615,5,0.0423513800488516
"rand1",1.4,25,"PELT",0.857142857142857,0.75,0.8,7,0.0283275385967602
"rand1",1.4,25,"SVP",0.833333333333333,0.625,0.714285714285714,6,0.0406124853663978
"rand1",1.4,25,"SVP (BIC)",1,0.625,0.769230769230769,5,0.0331648207554997
"rand1",1.4,26,"PELT",0.833333333333333,0.625,0.714285714285714,6,0.028698992637046
"rand1",1.4,26,"SVP",0.833333333333333,0.625,0.714285714285714,6,0.028698992637046
"rand1",1.4,26,"SVP (BIC)",1,0.625,0.769230769230769,5,0.0376597351045631
"rand1",1.4,27,"PELT",0.833333333333333,0.625,0.714285714285714,6,0.0348414659393067
"rand1",1.4,27,"SVP",0.833333333333333,0.625,0.714285714285714,6,0.0348414659393067
"rand1",1.4,27,"SVP (BIC)",1,0.625,0.769230769230769,5,0.0252432202209196
"rand1",1.4,28,"PELT",0.857142857142857,0.75,0.8,7,0.0246100141643838
"rand1",1.4,28,"SVP",0.857142857142857,0.75,0.8,7,0.0246100141643838
"rand1",1.4,28,"SVP (BIC)",0.8,0.5,0.615384615384615,5,0.0367269642033471
"rand1",1.4,29,"PELT",0.833333333333333,0.625,0.714285714285714,6,0.0152705593538996
"rand1",1.4,29,"SVP",0.833333333333333,0.625,0.714285714285714,6,0.0152705593538996
"rand1",1.4,29,"SVP (BIC)",0.8,0.5,0.615384615384615,5,0.038281887438134
"rand1",1.4,30,"PELT",0.833333333333333,0.625,0.714285714285714,6,0.0247471174060584
"rand1",1.4,30,"SVP",1,0.625,0.769230769230769,5,0.0338968317785202
"rand1",1.4,30,"SVP (BIC)",1,0.625,0.769230769230769,5,0.0338968317785202
"rand1",1.4,31,"PELT",0.833333333333333,0.625,0.714285714285714,6,0.0319735591986497
"rand1",1.4,31,"SVP",1,0.625,0.769230769230769,5,0.0380485693899725
"rand1",1.4,31,"SVP (BIC)",1,0.625,0.769230769230769,5,0.0380485693899725
"rand1",1.4,32,"PELT",0.833333333333333,0.625,0.714285714285714,6,0.0159760496571144
"rand1",1.4,32,"SVP",0.833333333333333,0.625,0.714285714285714,6,0.0159760496571144
"rand1",1.4,32,"SVP (BIC)",1,0.625,0.769230769230769,5,0.0241779134571481
"rand1",1.4,33,"PELT",0.75,0.75,0.75,8,0.0223492503812779
"rand1",1.4,33,"SVP",0.833333333333333,0.625,0.714285714285714,6,0.0193437353212938
"rand1",1.4,33,"SVP (BIC)",1,0.625,0.769230769230769,5,0.0226865195808932
"rand1",1.4,34,"PELT",0.714285714285714,0.625,0.666666666666667,7,0.0268083497289386
"rand1",1.4,34,"SVP",0.833333333333333,0.625,0.714285714285714,6,0.0270070965099537
"rand1",1.4,34,"SVP (BIC)",0.833333333333333,0.625,0.714285714285714,6,0.0270070965099537
"rand1",1.4,35,"PELT",0.833333333333333,0.625,0.714285714285714,6,0.0207345870821508
"rand1",1.4,35,"SVP",0.833333333333333,0.625,0.714285714285714,6,0.0207345870821508
"rand1",1.4,35,"SVP (BIC)",1,0.625,0.769230769230769,5,0.0287431901231263
"rand1",1.4,36,"PELT",1,0.625,0.769230769230769,5,0.0253501464646976
"rand1",1.4,36,"SVP",1,0.625,0.769230769230769,5,0.0253501464646976
"rand1",1.4,36,"SVP (BIC)",1,0.625,0.769230769230769,5,0.0253501464646976
"rand1",1.4,37,"PELT",1,0.625,0.769230769230769,5,0.0314781421504609
"rand1",1.4,37,"SVP",1,0.625,0.769230769230769,5,0.0314781421504609
"rand1",1.4,37,"SVP (BIC)",1,0.625,0.769230769230769,5,0.0314781421504609
"rand1",1.4,38,"PELT",0.857142857142857,0.75,0.8,7,0.0369657482935047
"rand1",1.4,38,"SVP",1,0.625,0.769230769230769,5,0.0357352604434784
"rand1",1.4,38,"SVP (BIC)",1,0.625,0.769230769230769,5,0.0357352604434784
"rand1",1.4,39,"PELT",1,0.625,0.769230769230769,5,0.0347067650572326
"rand1",1.4,39,"SVP",1,0.625,0.769230769230769,5,0.0347067650572326
"rand1",1.4,39,"SVP (BIC)",1,0.625,0.769230769230769,5,0.0347067650572326
"rand1",1.4,40,"PELT",0.833333333333333,0.625,0.714285714285714,6,0.039615979781585
"rand1",1.4,40,"SVP",1,0.625,0.769230769230769,5,0.0371440482151367
"rand1",1.4,40,"SVP (BIC)",1,0.625,0.769230769230769,5,0.0371440482151367
"rand1",1.4,41,"PELT",0.714285714285714,0.625,0.666666666666667,7,0.0535800505509945
"rand1",1.4,41,"SVP",0.714285714285714,0.625,0.666666666666667,7,0.0535800505509945
"rand1",1.4,41,"SVP (BIC)",0.8,0.5,0.615384615384615,5,0.0607351409964163
"rand1",1.4,42,"PELT",1,0.625,0.769230769230769,5,0.0393870840366318
"rand1",1.4,42,"SVP",1,0.625,0.769230769230769,5,0.0393870840366318
"rand1",1.4,42,"SVP (BIC)",1,0.625,0.769230769230769,5,0.0393870840366318
"rand1",1.4,43,"PELT",0.833333333333333,0.625,0.714285714285714,6,0.0242748249403065
"rand1",1.4,43,"SVP",0.833333333333333,0.625,0.714285714285714,6,0.0242748249403065
"rand1",1.4,43,"SVP (BIC)",0.833333333333333,0.625,0.714285714285714,6,0.0242748249403065
"rand1",1.4,44,"PELT",0.666666666666667,0.5,0.571428571428572,6,0.0346113696799734
"rand1",1.4,44,"SVP",0.8,0.5,0.615384615384615,5,0.0440431221318655
"rand1",1.4,44,"SVP (BIC)",0.8,0.5,0.615384615384615,5,0.0440431221318655
"rand1",1.4,45,"PELT",1,0.625,0.769230769230769,5,0.0313818940024519
"rand1",1.4,45,"SVP",1,0.625,0.769230769230769,5,0.0313818940024519
"rand1",1.4,45,"SVP (BIC)",1,0.625,0.769230769230769,5,0.0313818940024519
"rand1",1.4,46,"PELT",0.833333333333333,0.625,0.714285714285714,6,0.0223531876149781
"rand1",1.4,46,"SVP",0.833333333333333,0.625,0.714285714285714,6,0.0223531876149781
"rand1",1.4,46,"SVP (BIC)",1,0.625,0.769230769230769,5,0.0321043756945453
"rand1",1.4,47,"PELT",1,0.625,0.769230769230769,5,0.0289379365884286
"rand1",1.4,47,"SVP",0.833333333333333,0.625,0.714285714285714,6,0.0295067054949334
"rand1",1.4,47,"SVP (BIC)",1,0.625,0.769230769230769,5,0.0289379365884286
"rand1",1.4,48,"PELT",0.714285714285714,0.625,0.666666666666667,7,0.0293929428202029
"rand1",1.4,48,"SVP",0.833333333333333,0.625,0.714285714285714,6,0.0268961799885534
"rand1",1.4,48,"SVP (BIC)",0.833333333333333,0.625,0.714285714285714,6,0.0268961799885534
"rand1",1.4,49,"PELT",0.833333333333333,0.625,0.714285714285714,6,0.0205063139540243
"rand1",1.4,49,"SVP",1,0.625,0.769230769230769,5,0.0272265967860612
"rand1",1.4,49,"SVP (BIC)",1,0.625,0.769230769230769,5,0.0272265967860612
"rand1",1.4,50,"PELT",0.833333333333333,0.625,0.714285714285714,6,0.0245387050303062
"rand1",1.4,50,"SVP",1,0.625,0.769230769230769,5,0.0290105182041253
"rand1",1.4,50,"SVP (BIC)",1,0.625,0.769230769230769,5,0.0290105182041253
"rand1",1.4,51,"PELT",0.833333333333333,0.625,0.714285714285714,6,0.031878115802045
"rand1",1.4,51,"SVP",0.833333333333333,0.625,0.714285714285714,6,0.031878115802045
"rand1",1.4,51,"SVP (BIC)",0.833333333333333,0.625,0.714285714285714,6,0.031878115802045
"rand1",1.4,52,"PELT",1,0.625,0.769230769230769,5,0.0284562485641122
"rand1",1.4,52,"SVP",1,0.625,0.769230769230769,5,0.0284562485641122
"rand1",1.4,52,"SVP (BIC)",1,0.625,0.769230769230769,5,0.0284562485641122
"rand1",1.4,53,"PELT",0.8,0.5,0.615384615384615,5,0.0402690450312036
"rand1",1.4,53,"SVP",0.8,0.5,0.615384615384615,5,0.0402690450312036
"rand1",1.4,53,"SVP (BIC)",0.8,0.5,0.615384615384615,5,0.0402690450312036
"rand1",1.4,54,"PELT",0.833333333333333,0.625,0.714285714285714,6,0.0255550741355797
"rand1",1.4,54,"SVP",0.833333333333333,0.625,0.714285714285714,6,0.0255550741355797
"rand1",1.4,54,"SVP (BIC)",1,0.625,0.769230769230769,5,0.0293962671413513
"rand1",1.4,55,"PELT",1,0.625,0.769230769230769,5,0.0300842812657005
"rand1",1.4,55,"SVP",1,0.625,0.769230769230769,5,0.0300842812657005
"rand1",1.4,55,"SVP (BIC)",1,0.625,0.769230769230769,5,0.0300842812657005
"rand1",1.4,56,"PELT",0.8,0.5,0.615384615384615,5,0.0485923240175005
"rand1",1.4,56,"SVP",0.8,0.5,0.615384615384615,5,0.0485923240175005
"rand1",1.4,56,"SVP (BIC)",0.8,0.5,0.615384615384615,5,0.0485923240175005
"rand1",1.4,57,"PELT",0.666666666666667,0.5,0.571428571428572,6,0.028323484634474
"rand1",1.4,57,"SVP",0.8,0.5,0.615384615384615,5,0.0381437558824071
"rand1",1.4,57,"SVP (BIC)",0.8,0.5,0.615384615384615,5,0.0381437558824071
"rand1",1.4,58,"PELT",1,0.625,0.769230769230769,5,0.0208776225709425
"rand1",1.4,58,"SVP",1,0.625,0.769230769230769,5,0.0208776225709425
"rand1",1.4,58,"SVP (BIC)",1,0.625,0.769230769230769,5,0.0208776225709425
"rand1",1.4,59,"PELT",0.833333333333333,0.625,0.714285714285714,6,0.0299381750072146
"rand1",1.4,59,"SVP",0.833333333333333,0.625,0.714285714285714,6,0.0299381750072146
"rand1",1.4,59,"SVP (BIC)",0.8,0.5,0.615384615384615,5,0.0398311388504679
"rand1",1.4,60,"PELT",1,0.625,0.769230769230769,5,0.0359747994737961
"rand1",1.4,60,"SVP",1,0.625,0.769230769230769,5,0.0359747994737961
"rand1",1.4,60,"SVP (BIC)",1,0.625,0.769230769230769,5,0.0359747994737961
"rand1",1.4,61,"PELT",1,0.625,0.769230769230769,5,0.0203093583755728
"rand1",1.4,61,"SVP",1,0.625,0.769230769230769,5,0.0203093583755728
"rand1",1.4,61,"SVP (BIC)",1,0.625,0.769230769230769,5,0.0203093583755728
"rand1",1.4,62,"PELT",1,0.75,0.857142857142857,6,0.0278363470646688
"rand1",1.4,62,"SVP",1,0.75,0.857142857142857,6,0.0278363470646688
"rand1",1.4,62,"SVP (BIC)",1,0.75,0.857142857142857,6,0.0278363470646688
"rand1",1.4,63,"PELT",0.8,0.5,0.615384615384615,5,0.0443524440165923
"rand1",1.4,63,"SVP",0.8,0.5,0.615384615384615,5,0.0443524440165923
"rand1",1.4,63,"SVP (BIC)",0.8,0.5,0.615384615384615,5,0.0443524440165923
"rand1",1.4,64,"PELT",1,0.625,0.769230769230769,5,0.0295388236158721
"rand1",1.4,64,"SVP",1,0.625,0.769230769230769,5,0.0295388236158721
"rand1",1.4,64,"SVP (BIC)",1,0.625,0.769230769230769,5,0.0295388236158721
"rand1",1.4,65,"PELT",0.833333333333333,0.625,0.714285714285714,6,0.0396107623381467
"rand1",1.4,65,"SVP",0.833333333333333,0.625,0.714285714285714,6,0.0396107623381467
"rand1",1.4,65,"SVP (BIC)",0.833333333333333,0.625,0.714285714285714,6,0.0396107623381467
"rand1",1.4,66,"PELT",0.714285714285714,0.625,0.666666666666667,7,0.0363170205412754
"rand1",1.4,66,"SVP",1,0.625,0.769230769230769,5,0.0337928031443017
"rand1",1.4,66,"SVP (BIC)",1,0.625,0.769230769230769,5,0.0337928031443017
"rand1",1.4,67,"PELT",1,0.625,0.769230769230769,5,0.0329048071829258
"rand1",1.4,67,"SVP",0.833333333333333,0.625,0.714285714285714,6,0.0363332261104446
"rand1",1.4,67,"SVP (BIC)",1,0.625,0.769230769230769,5,0.0329048071829258
"rand1",1.4,68,"PELT",1,0.75,0.857142857142857,6,0.0125771805232362
"rand1",1.4,68,"SVP",1,0.75,0.857142857142857,6,0.0125771805232362
"rand1",1.4,68,"SVP (BIC)",1,0.75,0.857142857142857,6,0.0125771805232362
"rand1",1.4,69,"PELT",1,0.625,0.769230769230769,5,0.0204668424387063
"rand1",1.4,69,"SVP",1,0.625,0.769230769230769,5,0.0204668424387063
"rand1",1.4,69,"SVP (BIC)",1,0.625,0.769230769230769,5,0.0204668424387063
"rand1",1.4,70,"PELT",1,0.75,0.857142857142857,6,0.00977013783988295
"rand1",1.4,70,"SVP",1,0.625,0.769230769230769,5,0.0215997548408229
"rand1",1.4,70,"SVP (BIC)",1,0.625,0.769230769230769,5,0.0215997548408229
"rand1",1.4,71,"PELT",0.666666666666667,0.5,0.571428571428572,6,0.0289667464851071
"rand1",1.4,71,"SVP",0.8,0.5,0.615384615384615,5,0.0311863791338793
"rand1",1.4,71,"SVP (BIC)",0.8,0.5,0.615384615384615,5,0.0311863791338793
"rand1",1.4,72,"PELT",0.833333333333333,0.625,0.714285714285714,6,0.0147000889756894
"rand1",1.4,72,"SVP",0.833333333333333,0.625,0.714285714285714,6,0.0147000889756894
"rand1",1.4,72,"SVP (BIC)",1,0.625,0.769230769230769,5,0.0211879225243217
"rand1",1.4,73,"PELT",1,0.625,0.769230769230769,5,0.0314296206701942
"rand1",1.4,73,"SVP",1,0.625,0.769230769230769,5,0.0314296206701942
"rand1",1.4,73,"SVP (BIC)",1,0.625,0.769230769230769,5,0.0314296206701942
"rand1",1.4,74,"PELT",0.833333333333333,0.625,0.714285714285714,6,0.0287437007163176
"rand1",1.4,74,"SVP",0.833333333333333,0.625,0.714285714285714,6,0.0287437007163176
"rand1",1.4,74,"SVP (BIC)",0.6,0.375,0.461538461538462,5,0.0521018624933773
"rand1",1.4,75,"PELT",1,0.625,0.769230769230769,5,0.0223332067676034
"rand1",1.4,75,"SVP",1,0.625,0.769230769230769,5,0.0223332067676034
"rand1",1.4,75,"SVP (BIC)",1,0.625,0.769230769230769,5,0.0223332067676034
"rand1",1.4,76,"PELT",1,0.625,0.769230769230769,5,0.0339604055928461
"rand1",1.4,76,"SVP",1,0.625,0.769230769230769,5,0.0339604055928461
"rand1",1.4,76,"SVP (BIC)",1,0.625,0.769230769230769,5,0.0339604055928461
"rand1",1.4,77,"PELT",0.857142857142857,0.75,0.8,7,0.0311915234669471
"rand1",1.4,77,"SVP",0.833333333333333,0.625,0.714285714285714,6,0.0378695047297024
"rand1",1.4,77,"SVP (BIC)",1,0.625,0.769230769230769,5,0.0356425164854881
"rand1",1.4,78,"PELT",1,0.625,0.769230769230769,5,0.0205190000984684
"rand1",1.4,78,"SVP",1,0.625,0.769230769230769,5,0.0205190000984684
"rand1",1.4,78,"SVP (BIC)",1,0.625,0.769230769230769,5,0.0205190000984684
"rand1",1.4,79,"PELT",0.833333333333333,0.625,0.714285714285714,6,0.0158055651458894
"rand1",1.4,79,"SVP",0.833333333333333,0.625,0.714285714285714,6,0.0158055651458894
"rand1",1.4,79,"SVP (BIC)",1,0.625,0.769230769230769,5,0.0232549396801668
"rand1",1.4,80,"PELT",0.666666666666667,0.5,0.571428571428572,6,0.0354837369850512
"rand1",1.4,80,"SVP",0.666666666666667,0.5,0.571428571428572,6,0.0354837369850512
"rand1",1.4,80,"SVP (BIC)",0.8,0.5,0.615384615384615,5,0.0413744955859912
"rand1",1.4,81,"PELT",0.833333333333333,0.625,0.714285714285714,6,0.0105682318010811
"rand1",1.4,81,"SVP",1,0.625,0.769230769230769,5,0.0213634496402411
"rand1",1.4,81,"SVP (BIC)",1,0.625,0.769230769230769,5,0.0213634496402411
"rand1",1.4,82,"PELT",1,0.625,0.769230769230769,5,0.031637566478321
"rand1",1.4,82,"SVP",1,0.625,0.769230769230769,5,0.031637566478321
"rand1",1.4,82,"SVP (BIC)",1,0.625,0.769230769230769,5,0.031637566478321
"rand1",1.4,83,"PELT",0.714285714285714,0.625,0.666666666666667,7,0.0276641956870418
"rand1",1.4,83,"SVP",1,0.625,0.769230769230769,5,0.0336248124289155
"rand1",1.4,83,"SVP (BIC)",1,0.625,0.769230769230769,5,0.0336248124289155
"rand1",1.4,84,"PELT",0.714285714285714,0.625,0.666666666666667,7,0.0288103719772563
"rand1",1.4,84,"SVP",0.833333333333333,0.625,0.714285714285714,6,0.0250623647923341
"rand1",1.4,84,"SVP (BIC)",0.833333333333333,0.625,0.714285714285714,6,0.0250623647923341
"rand1",1.4,85,"PELT",0.833333333333333,0.625,0.714285714285714,6,0.0208101865538103
"rand1",1.4,85,"SVP",0.8,0.5,0.615384615384615,5,0.0318686366823587
"rand1",1.4,85,"SVP (BIC)",1,0.625,0.769230769230769,5,0.0222895859459738
"rand1",1.4,86,"PELT",0.714285714285714,0.625,0.666666666666667,7,0.0148748975895565
"rand1",1.4,86,"SVP",0.8,0.5,0.615384615384615,5,0.0510889717778527
"rand1",1.4,86,"SVP (BIC)",1,0.625,0.769230769230769,5,0.025934202529021
"rand1",1.4,87,"PELT",1,0.75,0.857142857142857,6,0.0222421183472858
"rand1",1.4,87,"SVP",1,0.75,0.857142857142857,6,0.0222421183472858
"rand1",1.4,87,"SVP (BIC)",1,0.75,0.857142857142857,6,0.0222421183472858
"rand1",1.4,88,"PELT",0.833333333333333,0.625,0.714285714285714,6,0.016821445050756
"rand1",1.4,88,"SVP",0.8,0.5,0.615384615384615,5,0.052462047461528
"rand1",1.4,88,"SVP (BIC)",1,0.625,0.769230769230769,5,0.0282230546744314
"rand1",1.4,89,"PELT",1,0.625,0.769230769230769,5,0.0300500983923782
"rand1",1.4,89,"SVP",1,0.625,0.769230769230769,5,0.0300500983923782
"rand1",1.4,89,"SVP (BIC)",1,0.625,0.769230769230769,5,0.0300500983923782
"rand1",1.4,90,"PELT",0.666666666666667,0.5,0.571428571428572,6,0.0345064101633948
"rand1",1.4,90,"SVP",0.8,0.5,0.615384615384615,5,0.0385218054298362
"rand1",1.4,90,"SVP (BIC)",0.8,0.5,0.615384615384615,5,0.0385218054298362
"rand1",1.4,91,"PELT",1,0.625,0.769230769230769,5,0.0256338930824521
"rand1",1.4,91,"SVP",1,0.625,0.769230769230769,5,0.0256338930824521
"rand1",1.4,91,"SVP (BIC)",1,0.625,0.769230769230769,5,0.0256338930824521
"rand1",1.4,92,"PELT",0.666666666666667,0.5,0.571428571428572,6,0.0443785064628988
"rand1",1.4,92,"SVP",0.666666666666667,0.5,0.571428571428572,6,0.0443785064628988
"rand1",1.4,92,"SVP (BIC)",0.8,0.5,0.615384615384615,5,0.0566588582668761
"rand1",1.4,93,"PELT",1,0.625,0.769230769230769,5,0.0254283828644759
"rand1",1.4,93,"SVP",1,0.625,0.769230769230769,5,0.0254283828644759
"rand1",1.4,93,"SVP (BIC)",1,0.625,0.769230769230769,5,0.0254283828644759
"rand1",1.4,94,"PELT",0.714285714285714,0.625,0.666666666666667,7,0.0251155748428152
"rand1",1.4,94,"SVP",0.833333333333333,0.625,0.714285714285714,6,0.0242441342454924
"rand1",1.4,94,"SVP (BIC)",0.833333333333333,0.625,0.714285714285714,6,0.0242441342454924
"rand1",1.4,95,"PELT",0.714285714285714,0.625,0.666666666666667,7,0.0180709024844874
"rand1",1.4,95,"SVP",0.714285714285714,0.625,0.666666666666667,7,0.0180709024844874
"rand1",1.4,95,"SVP (BIC)",0.833333333333333,0.625,0.714285714285714,6,0.0297949374111469
"rand1",1.4,96,"PELT",1,0.625,0.769230769230769,5,0.023293888337779
"rand1",1.4,96,"SVP",1,0.625,0.769230769230769,5,0.023293888337779
"rand1",1.4,96,"SVP (BIC)",1,0.625,0.769230769230769,5,0.023293888337779
"rand1",1.4,97,"PELT",0.714285714285714,0.625,0.666666666666667,7,0.0138405128391183
"rand1",1.4,97,"SVP",1,0.625,0.769230769230769,5,0.0239729286125769
"rand1",1.4,97,"SVP (BIC)",1,0.625,0.769230769230769,5,0.0239729286125769
"rand1",1.4,98,"PELT",1,0.625,0.769230769230769,5,0.0350127297090233
"rand1",1.4,98,"SVP",1,0.625,0.769230769230769,5,0.0350127297090233
"rand1",1.4,98,"SVP (BIC)",1,0.625,0.769230769230769,5,0.0350127297090233
"rand1",1.4,99,"PELT",0.833333333333333,0.625,0.714285714285714,6,0.0145731272630795
"rand1",1.4,99,"SVP",0.833333333333333,0.625,0.714285714285714,6,0.0145731272630795
"rand1",1.4,99,"SVP (BIC)",1,0.625,0.769230769230769,5,0.0250054966458963
"rand1",1.4,100,"PELT",0.428571428571429,0.375,0.4,7,0.0523114981619985
"rand1",1.4,100,"SVP",0.428571428571429,0.375,0.4,7,0.0523114981619985
"rand1",1.4,100,"SVP (BIC)",0.6,0.375,0.461538461538462,5,0.0537348522492602
"none",1.5,1,"PELT",1,1,1,1,9.51977168775063e-05
"none",1.5,1,"SVP",1,1,1,1,9.51977168775063e-05
"none",1.5,1,"SVP (BIC)",1,1,1,1,9.51977168775063e-05
"none",1.5,2,"PELT",1,1,1,1,3.97157204219944e-05
"none",1.5,2,"SVP",1,1,1,1,3.97157204219944e-05
"none",1.5,2,"SVP (BIC)",1,1,1,1,3.97157204219944e-05
"none",1.5,3,"PELT",1,1,1,1,5.60466326855241e-05
"none",1.5,3,"SVP",1,1,1,1,5.60466326855241e-05
"none",1.5,3,"SVP (BIC)",1,1,1,1,5.60466326855241e-05
"none",1.5,4,"PELT",1,1,1,1,8.54390293876223e-06
"none",1.5,4,"SVP",1,1,1,1,8.54390293876223e-06
"none",1.5,4,"SVP (BIC)",1,1,1,1,8.54390293876223e-06
"none",1.5,5,"PELT",1,1,1,1,0.00072584359117153
"none",1.5,5,"SVP",1,1,1,1,0.00072584359117153
"none",1.5,5,"SVP (BIC)",1,1,1,1,0.00072584359117153
"none",1.5,6,"PELT",0.5,1,0.666666666666667,2,0.0143779059230609
"none",1.5,6,"SVP",1,1,1,1,4.54040196698412e-06
"none",1.5,6,"SVP (BIC)",1,1,1,1,4.54040196698412e-06
"none",1.5,7,"PELT",1,1,1,1,0.000245088286881265
"none",1.5,7,"SVP",1,1,1,1,0.000245088286881265
"none",1.5,7,"SVP (BIC)",1,1,1,1,0.000245088286881265
"none",1.5,8,"PELT",1,1,1,1,3.54774659870282e-06
"none",1.5,8,"SVP",1,1,1,1,3.54774659870282e-06
"none",1.5,8,"SVP (BIC)",1,1,1,1,3.54774659870282e-06
"none",1.5,9,"PELT",1,1,1,1,0.000872950129015678
"none",1.5,9,"SVP",1,1,1,1,0.000872950129015678
"none",1.5,9,"SVP (BIC)",1,1,1,1,0.000872950129015678
"none",1.5,10,"PELT",1,1,1,1,0.00132143019881484
"none",1.5,10,"SVP",1,1,1,1,0.00132143019881484
"none",1.5,10,"SVP (BIC)",1,1,1,1,0.00132143019881484
"none",1.5,11,"PELT",1,1,1,1,0.000124418344569674
"none",1.5,11,"SVP",1,1,1,1,0.000124418344569674
"none",1.5,11,"SVP (BIC)",1,1,1,1,0.000124418344569674
"none",1.5,12,"PELT",1,1,1,1,0.00142048629024054
"none",1.5,12,"SVP",1,1,1,1,0.00142048629024054
"none",1.5,12,"SVP (BIC)",1,1,1,1,0.00142048629024054
"none",1.5,13,"PELT",1,1,1,1,0.00135888093932373
"none",1.5,13,"SVP",1,1,1,1,0.00135888093932373
"none",1.5,13,"SVP (BIC)",1,1,1,1,0.00135888093932373
"none",1.5,14,"PELT",1,1,1,1,0.000507063809921703
"none",1.5,14,"SVP",1,1,1,1,0.000507063809921703
"none",1.5,14,"SVP (BIC)",1,1,1,1,0.000507063809921703
"none",1.5,15,"PELT",1,1,1,1,0.00149698365117234
"none",1.5,15,"SVP",1,1,1,1,0.00149698365117234
"none",1.5,15,"SVP (BIC)",1,1,1,1,0.00149698365117234
"none",1.5,16,"PELT",1,1,1,1,5.86142102094151e-05
"none",1.5,16,"SVP",0.5,1,0.666666666666667,2,0.00838358407228039
"none",1.5,16,"SVP (BIC)",1,1,1,1,5.86142102094151e-05
"none",1.5,17,"PELT",1,1,1,1,4.90599787770866e-05
"none",1.5,17,"SVP",1,1,1,1,4.90599787770866e-05
"none",1.5,17,"SVP (BIC)",1,1,1,1,4.90599787770866e-05
"none",1.5,18,"PELT",1,1,1,1,0.0025745784296026
"none",1.5,18,"SVP",1,1,1,1,0.0025745784296026
"none",1.5,18,"SVP (BIC)",1,1,1,1,0.0025745784296026
"none",1.5,19,"PELT",1,1,1,1,1.46830439107547e-05
"none",1.5,19,"SVP",1,1,1,1,1.46830439107547e-05
"none",1.5,19,"SVP (BIC)",1,1,1,1,1.46830439107547e-05
"none",1.5,20,"PELT",1,1,1,1,8.10621708026918e-06
"none",1.5,20,"SVP",1,1,1,1,8.10621708026918e-06
"none",1.5,20,"SVP (BIC)",1,1,1,1,8.10621708026918e-06
"none",1.5,21,"PELT",1,1,1,1,0.00587503288066358
"none",1.5,21,"SVP",1,1,1,1,0.00587503288066358
"none",1.5,21,"SVP (BIC)",1,1,1,1,0.00587503288066358
"none",1.5,22,"PELT",1,1,1,1,0.00649608311887486
"none",1.5,22,"SVP",1,1,1,1,0.00649608311887486
"none",1.5,22,"SVP (BIC)",1,1,1,1,0.00649608311887486
"none",1.5,23,"PELT",1,1,1,1,8.78869180294033e-06
"none",1.5,23,"SVP",1,1,1,1,8.78869180294033e-06
"none",1.5,23,"SVP (BIC)",1,1,1,1,8.78869180294033e-06
"none",1.5,24,"PELT",1,1,1,1,0.000263424478536084
"none",1.5,24,"SVP",1,1,1,1,0.000263424478536084
"none",1.5,24,"SVP (BIC)",1,1,1,1,0.000263424478536084
"none",1.5,25,"PELT",1,1,1,1,0.000735944834565306
"none",1.5,25,"SVP",1,1,1,1,0.000735944834565306
"none",1.5,25,"SVP (BIC)",1,1,1,1,0.000735944834565306
"none",1.5,26,"PELT",1,1,1,1,4.12925615667413e-06
"none",1.5,26,"SVP",1,1,1,1,4.12925615667413e-06
"none",1.5,26,"SVP (BIC)",1,1,1,1,4.12925615667413e-06
"none",1.5,27,"PELT",1,1,1,1,0.000595344132352904
"none",1.5,27,"SVP",1,1,1,1,0.000595344132352904
"none",1.5,27,"SVP (BIC)",1,1,1,1,0.000595344132352904
"none",1.5,28,"PELT",1,1,1,1,0.000316576837069443
"none",1.5,28,"SVP",1,1,1,1,0.000316576837069443
"none",1.5,28,"SVP (BIC)",1,1,1,1,0.000316576837069443
"none",1.5,29,"PELT",1,1,1,1,7.25785363699911e-05
"none",1.5,29,"SVP",1,1,1,1,7.25785363699911e-05
"none",1.5,29,"SVP (BIC)",1,1,1,1,7.25785363699911e-05
"none",1.5,30,"PELT",1,1,1,1,1.65924832791971e-05
"none",1.5,30,"SVP",1,1,1,1,1.65924832791971e-05
"none",1.5,30,"SVP (BIC)",1,1,1,1,1.65924832791971e-05
"none",1.5,31,"PELT",1,1,1,1,0.00172700775189294
"none",1.5,31,"SVP",1,1,1,1,0.00172700775189294
"none",1.5,31,"SVP (BIC)",1,1,1,1,0.00172700775189294
"none",1.5,32,"PELT",1,1,1,1,9.86673579092874e-05
"none",1.5,32,"SVP",1,1,1,1,9.86673579092874e-05
"none",1.5,32,"SVP (BIC)",1,1,1,1,9.86673579092874e-05
"none",1.5,33,"PELT",1,1,1,1,1.91383257283456e-05
"none",1.5,33,"SVP",1,1,1,1,1.91383257283456e-05
"none",1.5,33,"SVP (BIC)",1,1,1,1,1.91383257283456e-05
"none",1.5,34,"PELT",1,1,1,1,0.000220286782351394
"none",1.5,34,"SVP",1,1,1,1,0.000220286782351394
"none",1.5,34,"SVP (BIC)",1,1,1,1,0.000220286782351394
"none",1.5,35,"PELT",1,1,1,1,0.000293217700343739
"none",1.5,35,"SVP",1,1,1,1,0.000293217700343739
"none",1.5,35,"SVP (BIC)",1,1,1,1,0.000293217700343739
"none",1.5,36,"PELT",1,1,1,1,0.00164023947912952
"none",1.5,36,"SVP",1,1,1,1,0.00164023947912952
"none",1.5,36,"SVP (BIC)",1,1,1,1,0.00164023947912952
"none",1.5,37,"PELT",1,1,1,1,0.00181161544683184
"none",1.5,37,"SVP",1,1,1,1,0.00181161544683184
"none",1.5,37,"SVP (BIC)",1,1,1,1,0.00181161544683184
"none",1.5,38,"PELT",1,1,1,1,6.97686434614414e-05
"none",1.5,38,"SVP",1,1,1,1,6.97686434614414e-05
"none",1.5,38,"SVP (BIC)",1,1,1,1,6.97686434614414e-05
"none",1.5,39,"PELT",1,1,1,1,0.000127688841824787
"none",1.5,39,"SVP",1,1,1,1,0.000127688841824787
"none",1.5,39,"SVP (BIC)",1,1,1,1,0.000127688841824787
"none",1.5,40,"PELT",1,1,1,1,0.00120827306719545
"none",1.5,40,"SVP",1,1,1,1,0.00120827306719545
"none",1.5,40,"SVP (BIC)",1,1,1,1,0.00120827306719545
"none",1.5,41,"PELT",1,1,1,1,9.98659662216261e-05
"none",1.5,41,"SVP",1,1,1,1,9.98659662216261e-05
"none",1.5,41,"SVP (BIC)",1,1,1,1,9.98659662216261e-05
"none",1.5,42,"PELT",1,1,1,1,0.000575736306790684
"none",1.5,42,"SVP",1,1,1,1,0.000575736306790684
"none",1.5,42,"SVP (BIC)",1,1,1,1,0.000575736306790684
"none",1.5,43,"PELT",1,1,1,1,0.000201732767827593
"none",1.5,43,"SVP",1,1,1,1,0.000201732767827593
"none",1.5,43,"SVP (BIC)",1,1,1,1,0.000201732767827593
"none",1.5,44,"PELT",1,1,1,1,0.00265994448466437
"none",1.5,44,"SVP",1,1,1,1,0.00265994448466437
"none",1.5,44,"SVP (BIC)",1,1,1,1,0.00265994448466437
"none",1.5,45,"PELT",1,1,1,1,0.000592374834433339
"none",1.5,45,"SVP",1,1,1,1,0.000592374834433339
"none",1.5,45,"SVP (BIC)",1,1,1,1,0.000592374834433339
"none",1.5,46,"PELT",1,1,1,1,0.000205697431153654
"none",1.5,46,"SVP",1,1,1,1,0.000205697431153654
"none",1.5,46,"SVP (BIC)",1,1,1,1,0.000205697431153654
"none",1.5,47,"PELT",1,1,1,1,8.84484041704432e-05
"none",1.5,47,"SVP",1,1,1,1,8.84484041704432e-05
"none",1.5,47,"SVP (BIC)",1,1,1,1,8.84484041704432e-05
"none",1.5,48,"PELT",1,1,1,1,0.000923492510038057
"none",1.5,48,"SVP",0.5,1,0.666666666666667,2,0.00223031480509408
"none",1.5,48,"SVP (BIC)",1,1,1,1,0.000923492510038057
"none",1.5,49,"PELT",1,1,1,1,0.00028796461571351
"none",1.5,49,"SVP",1,1,1,1,0.00028796461571351
"none",1.5,49,"SVP (BIC)",1,1,1,1,0.00028796461571351
"none",1.5,50,"PELT",1,1,1,1,0.000557274359252974
"none",1.5,50,"SVP",1,1,1,1,0.000557274359252974
"none",1.5,50,"SVP (BIC)",1,1,1,1,0.000557274359252974
"none",1.5,51,"PELT",1,1,1,1,0.000799247022499733
"none",1.5,51,"SVP",1,1,1,1,0.000799247022499733
"none",1.5,51,"SVP (BIC)",1,1,1,1,0.000799247022499733
"none",1.5,52,"PELT",1,1,1,1,4.14957925591674e-05
"none",1.5,52,"SVP",1,1,1,1,4.14957925591674e-05
"none",1.5,52,"SVP (BIC)",1,1,1,1,4.14957925591674e-05
"none",1.5,53,"PELT",1,1,1,1,0.000204342973640542
"none",1.5,53,"SVP",1,1,1,1,0.000204342973640542
"none",1.5,53,"SVP (BIC)",1,1,1,1,0.000204342973640542
"none",1.5,54,"PELT",1,1,1,1,1.57918840342663e-05
"none",1.5,54,"SVP",1,1,1,1,1.57918840342663e-05
"none",1.5,54,"SVP (BIC)",1,1,1,1,1.57918840342663e-05
"none",1.5,55,"PELT",1,1,1,1,3.52055048492148e-05
"none",1.5,55,"SVP",1,1,1,1,3.52055048492148e-05
"none",1.5,55,"SVP (BIC)",1,1,1,1,3.52055048492148e-05
"none",1.5,56,"PELT",1,1,1,1,0.00110244274035412
"none",1.5,56,"SVP",1,1,1,1,0.00110244274035412
"none",1.5,56,"SVP (BIC)",1,1,1,1,0.00110244274035412
"none",1.5,57,"PELT",1,1,1,1,5.66376143040138e-06
"none",1.5,57,"SVP",1,1,1,1,5.66376143040138e-06
"none",1.5,57,"SVP (BIC)",1,1,1,1,5.66376143040138e-06
"none",1.5,58,"PELT",1,1,1,1,0.00077780241110391
"none",1.5,58,"SVP",1,1,1,1,0.00077780241110391
"none",1.5,58,"SVP (BIC)",1,1,1,1,0.00077780241110391
"none",1.5,59,"PELT",1,1,1,1,0.000133199823881575
"none",1.5,59,"SVP",1,1,1,1,0.000133199823881575
"none",1.5,59,"SVP (BIC)",1,1,1,1,0.000133199823881575
"none",1.5,60,"PELT",1,1,1,1,4.79892151730244e-05
"none",1.5,60,"SVP",1,1,1,1,4.79892151730244e-05
"none",1.5,60,"SVP (BIC)",1,1,1,1,4.79892151730244e-05
"none",1.5,61,"PELT",1,1,1,1,0.000573974817867282
"none",1.5,61,"SVP",1,1,1,1,0.000573974817867282
"none",1.5,61,"SVP (BIC)",1,1,1,1,0.000573974817867282
"none",1.5,62,"PELT",1,1,1,1,0.000832957496496663
"none",1.5,62,"SVP",1,1,1,1,0.000832957496496663
"none",1.5,62,"SVP (BIC)",1,1,1,1,0.000832957496496663
"none",1.5,63,"PELT",1,1,1,1,8.15010712536438e-05
"none",1.5,63,"SVP",1,1,1,1,8.15010712536438e-05
"none",1.5,63,"SVP (BIC)",1,1,1,1,8.15010712536438e-05
"none",1.5,64,"PELT",1,1,1,1,0.000449956449621612
"none",1.5,64,"SVP",1,1,1,1,0.000449956449621612
"none",1.5,64,"SVP (BIC)",1,1,1,1,0.000449956449621612
"none",1.5,65,"PELT",1,1,1,1,0.000551992583708184
"none",1.5,65,"SVP",1,1,1,1,0.000551992583708184
"none",1.5,65,"SVP (BIC)",1,1,1,1,0.000551992583708184
"none",1.5,66,"PELT",1,1,1,1,0.00215235132907861
"none",1.5,66,"SVP",1,1,1,1,0.00215235132907861
"none",1.5,66,"SVP (BIC)",1,1,1,1,0.00215235132907861
"none",1.5,67,"PELT",1,1,1,1,5.94864144801852e-08
"none",1.5,67,"SVP",1,1,1,1,5.94864144801852e-08
"none",1.5,67,"SVP (BIC)",1,1,1,1,5.94864144801852e-08
"none",1.5,68,"PELT",1,1,1,1,0.000110761938656805
"none",1.5,68,"SVP",1,1,1,1,0.000110761938656805
"none",1.5,68,"SVP (BIC)",1,1,1,1,0.000110761938656805
"none",1.5,69,"PELT",1,1,1,1,0.00136331139436765
"none",1.5,69,"SVP",1,1,1,1,0.00136331139436765
"none",1.5,69,"SVP (BIC)",1,1,1,1,0.00136331139436765
"none",1.5,70,"PELT",1,1,1,1,0.00072247886705213
"none",1.5,70,"SVP",1,1,1,1,0.00072247886705213
"none",1.5,70,"SVP (BIC)",1,1,1,1,0.00072247886705213
"none",1.5,71,"PELT",1,1,1,1,0.000571728088584977
"none",1.5,71,"SVP",1,1,1,1,0.000571728088584977
"none",1.5,71,"SVP (BIC)",1,1,1,1,0.000571728088584977
"none",1.5,72,"PELT",1,1,1,1,0.000768072882067308
"none",1.5,72,"SVP",1,1,1,1,0.000768072882067308
"none",1.5,72,"SVP (BIC)",1,1,1,1,0.000768072882067308
"none",1.5,73,"PELT",1,1,1,1,2.13963305526196e-05
"none",1.5,73,"SVP",1,1,1,1,2.13963305526196e-05
"none",1.5,73,"SVP (BIC)",1,1,1,1,2.13963305526196e-05
"none",1.5,74,"PELT",1,1,1,1,3.02747056006327e-06
"none",1.5,74,"SVP",1,1,1,1,3.02747056006327e-06
"none",1.5,74,"SVP (BIC)",1,1,1,1,3.02747056006327e-06
"none",1.5,75,"PELT",1,1,1,1,0.00220704883695681
"none",1.5,75,"SVP",1,1,1,1,0.00220704883695681
"none",1.5,75,"SVP (BIC)",1,1,1,1,0.00220704883695681
"none",1.5,76,"PELT",1,1,1,1,0.000397103301149646
"none",1.5,76,"SVP",1,1,1,1,0.000397103301149646
"none",1.5,76,"SVP (BIC)",1,1,1,1,0.000397103301149646
"none",1.5,77,"PELT",1,1,1,1,0.000368465458560762
"none",1.5,77,"SVP",1,1,1,1,0.000368465458560762
"none",1.5,77,"SVP (BIC)",1,1,1,1,0.000368465458560762
"none",1.5,78,"PELT",1,1,1,1,0.0030734695725334
"none",1.5,78,"SVP",1,1,1,1,0.0030734695725334
"none",1.5,78,"SVP (BIC)",1,1,1,1,0.0030734695725334
"none",1.5,79,"PELT",1,1,1,1,0.00544768227382523
"none",1.5,79,"SVP",1,1,1,1,0.00544768227382523
"none",1.5,79,"SVP (BIC)",1,1,1,1,0.00544768227382523
"none",1.5,80,"PELT",1,1,1,1,7.10328826240357e-05
"none",1.5,80,"SVP",1,1,1,1,7.10328826240357e-05
"none",1.5,80,"SVP (BIC)",1,1,1,1,7.10328826240357e-05
"none",1.5,81,"PELT",1,1,1,1,5.95998271685772e-05
"none",1.5,81,"SVP",1,1,1,1,5.95998271685772e-05
"none",1.5,81,"SVP (BIC)",1,1,1,1,5.95998271685772e-05
"none",1.5,82,"PELT",1,1,1,1,2.90509790077437e-08
"none",1.5,82,"SVP",0.5,1,0.666666666666667,2,0.00580717405478326
"none",1.5,82,"SVP (BIC)",1,1,1,1,2.90509790077437e-08
"none",1.5,83,"PELT",1,1,1,1,0.00152364492408499
"none",1.5,83,"SVP",1,1,1,1,0.00152364492408499
"none",1.5,83,"SVP (BIC)",1,1,1,1,0.00152364492408499
"none",1.5,84,"PELT",1,1,1,1,0.000783032717935038
"none",1.5,84,"SVP",1,1,1,1,0.000783032717935038
"none",1.5,84,"SVP (BIC)",1,1,1,1,0.000783032717935038
"none",1.5,85,"PELT",1,1,1,1,0.00166677834982967
"none",1.5,85,"SVP",1,1,1,1,0.00166677834982967
"none",1.5,85,"SVP (BIC)",1,1,1,1,0.00166677834982967
"none",1.5,86,"PELT",1,1,1,1,0.00394471247968288
"none",1.5,86,"SVP",1,1,1,1,0.00394471247968288
"none",1.5,86,"SVP (BIC)",1,1,1,1,0.00394471247968288
"none",1.5,87,"PELT",1,1,1,1,0.000198498703856975
"none",1.5,87,"SVP",1,1,1,1,0.000198498703856975
"none",1.5,87,"SVP (BIC)",1,1,1,1,0.000198498703856975
"none",1.5,88,"PELT",1,1,1,1,0.000716835716802997
"none",1.5,88,"SVP",1,1,1,1,0.000716835716802997
"none",1.5,88,"SVP (BIC)",1,1,1,1,0.000716835716802997
"none",1.5,89,"PELT",1,1,1,1,0.000926805609943827
"none",1.5,89,"SVP",1,1,1,1,0.000926805609943827
"none",1.5,89,"SVP (BIC)",1,1,1,1,0.000926805609943827
"none",1.5,90,"PELT",1,1,1,1,0.00112266110410235
"none",1.5,90,"SVP",1,1,1,1,0.00112266110410235
"none",1.5,90,"SVP (BIC)",1,1,1,1,0.00112266110410235
"none",1.5,91,"PELT",1,1,1,1,0.000983582381617167
"none",1.5,91,"SVP",1,1,1,1,0.000983582381617167
"none",1.5,91,"SVP (BIC)",1,1,1,1,0.000983582381617167
"none",1.5,92,"PELT",1,1,1,1,0.00196716162209096
"none",1.5,92,"SVP",1,1,1,1,0.00196716162209096
"none",1.5,92,"SVP (BIC)",1,1,1,1,0.00196716162209096
"none",1.5,93,"PELT",1,1,1,1,0.000680558943103818
"none",1.5,93,"SVP",1,1,1,1,0.000680558943103818
"none",1.5,93,"SVP (BIC)",1,1,1,1,0.000680558943103818
"none",1.5,94,"PELT",1,1,1,1,0.00154042029569622
"none",1.5,94,"SVP",1,1,1,1,0.00154042029569622
"none",1.5,94,"SVP (BIC)",1,1,1,1,0.00154042029569622
"none",1.5,95,"PELT",1,1,1,1,0.000119856309763894
"none",1.5,95,"SVP",1,1,1,1,0.000119856309763894
"none",1.5,95,"SVP (BIC)",1,1,1,1,0.000119856309763894
"none",1.5,96,"PELT",1,1,1,1,0.00424348901884957
"none",1.5,96,"SVP",1,1,1,1,0.00424348901884957
"none",1.5,96,"SVP (BIC)",1,1,1,1,0.00424348901884957
"none",1.5,97,"PELT",1,1,1,1,2.28077050058842e-05
"none",1.5,97,"SVP",1,1,1,1,2.28077050058842e-05
"none",1.5,97,"SVP (BIC)",1,1,1,1,2.28077050058842e-05
"none",1.5,98,"PELT",1,1,1,1,0.000220571290570799
"none",1.5,98,"SVP",1,1,1,1,0.000220571290570799
"none",1.5,98,"SVP (BIC)",1,1,1,1,0.000220571290570799
"none",1.5,99,"PELT",1,1,1,1,0.00133303498375977
"none",1.5,99,"SVP",1,1,1,1,0.00133303498375977
"none",1.5,99,"SVP (BIC)",1,1,1,1,0.00133303498375977
"none",1.5,100,"PELT",1,1,1,1,0.0014962956241131
"none",1.5,100,"SVP",1,1,1,1,0.0014962956241131
"none",1.5,100,"SVP (BIC)",1,1,1,1,0.0014962956241131
"up",1.5,1,"PELT",0.75,0.75,0.75,8,0.0388910002756066
"up",1.5,1,"SVP",0.75,0.75,0.75,8,0.0388910002756066
"up",1.5,1,"SVP (BIC)",0.75,0.75,0.75,8,0.0388910002756066
"up",1.5,2,"PELT",1,1,1,8,0.0209421966799667
"up",1.5,2,"SVP",1,1,1,8,0.0209421966799667
"up",1.5,2,"SVP (BIC)",1,1,1,8,0.0209421966799667
"up",1.5,3,"PELT",1,1,1,8,0.00932977111497626
"up",1.5,3,"SVP",1,1,1,8,0.00932977111497626
"up",1.5,3,"SVP (BIC)",1,1,1,8,0.00932977111497626
"up",1.5,4,"PELT",0.875,0.875,0.875,8,0.0169507605754565
"up",1.5,4,"SVP",0.875,0.875,0.875,8,0.0169507605754565
"up",1.5,4,"SVP (BIC)",0.875,0.875,0.875,8,0.0169507605754565
"up",1.5,5,"PELT",0.75,0.75,0.75,8,0.0307915362653942
"up",1.5,5,"SVP",0.75,0.75,0.75,8,0.0307915362653942
"up",1.5,5,"SVP (BIC)",0.75,0.75,0.75,8,0.0307915362653942
"up",1.5,6,"PELT",0.875,0.875,0.875,8,0.0256152152043054
"up",1.5,6,"SVP",0.875,0.875,0.875,8,0.0256152152043054
"up",1.5,6,"SVP (BIC)",0.875,0.875,0.875,8,0.0256152152043054
"up",1.5,7,"PELT",0.75,0.75,0.75,8,0.0460725035175243
"up",1.5,7,"SVP",0.75,0.75,0.75,8,0.0460725035175243
"up",1.5,7,"SVP (BIC)",0.75,0.75,0.75,8,0.0460725035175243
"up",1.5,8,"PELT",0.875,0.875,0.875,8,0.0178347749093134
"up",1.5,8,"SVP",0.875,0.875,0.875,8,0.0178347749093134
"up",1.5,8,"SVP (BIC)",0.875,0.875,0.875,8,0.0178347749093134
"up",1.5,9,"PELT",0.75,0.75,0.75,8,0.02446662624983
"up",1.5,9,"SVP",0.75,0.75,0.75,8,0.02446662624983
"up",1.5,9,"SVP (BIC)",0.75,0.75,0.75,8,0.02446662624983
"up",1.5,10,"PELT",1,1,1,8,0.0203743869238654
"up",1.5,10,"SVP",1,1,1,8,0.0203743869238654
"up",1.5,10,"SVP (BIC)",1,1,1,8,0.0203743869238654
"up",1.5,11,"PELT",0.875,0.875,0.875,8,0.0145610258063779
"up",1.5,11,"SVP",0.875,0.875,0.875,8,0.0145610258063779
"up",1.5,11,"SVP (BIC)",0.875,0.875,0.875,8,0.0145610258063779
"up",1.5,12,"PELT",0.875,0.875,0.875,8,0.0280992809199382
"up",1.5,12,"SVP",0.875,0.875,0.875,8,0.0280992809199382
"up",1.5,12,"SVP (BIC)",0.875,0.875,0.875,8,0.0280992809199382
"up",1.5,13,"PELT",0.75,0.75,0.75,8,0.0364335052622285
"up",1.5,13,"SVP",0.75,0.75,0.75,8,0.0364335052622285
"up",1.5,13,"SVP (BIC)",0.75,0.75,0.75,8,0.0364335052622285
"up",1.5,14,"PELT",1,1,1,8,0.0179665873157825
"up",1.5,14,"SVP",1,1,1,8,0.0179665873157825
"up",1.5,14,"SVP (BIC)",1,1,1,8,0.0179665873157825
"up",1.5,15,"PELT",0.875,0.875,0.875,8,0.0306191565345139
"up",1.5,15,"SVP",0.875,0.875,0.875,8,0.0306191565345139
"up",1.5,15,"SVP (BIC)",0.875,0.875,0.875,8,0.0306191565345139
"up",1.5,16,"PELT",0.75,0.75,0.75,8,0.0403672484374439
"up",1.5,16,"SVP",0.75,0.75,0.75,8,0.0403672484374439
"up",1.5,16,"SVP (BIC)",0.75,0.75,0.75,8,0.0403672484374439
"up",1.5,17,"PELT",0.875,0.875,0.875,8,0.0271910600992743
"up",1.5,17,"SVP",0.875,0.875,0.875,8,0.0271910600992743
"up",1.5,17,"SVP (BIC)",0.875,0.875,0.875,8,0.0271910600992743
"up",1.5,18,"PELT",0.75,0.75,0.75,8,0.0473391564588034
"up",1.5,18,"SVP",0.75,0.75,0.75,8,0.0473391564588034
"up",1.5,18,"SVP (BIC)",0.75,0.75,0.75,8,0.0473391564588034
"up",1.5,19,"PELT",0.875,0.875,0.875,8,0.0347036595975264
"up",1.5,19,"SVP",0.875,0.875,0.875,8,0.0347036595975264
"up",1.5,19,"SVP (BIC)",0.875,0.875,0.875,8,0.0347036595975264
"up",1.5,20,"PELT",0.875,0.875,0.875,8,0.0186058971646669
"up",1.5,20,"SVP",0.875,0.875,0.875,8,0.0186058971646669
"up",1.5,20,"SVP (BIC)",0.875,0.875,0.875,8,0.0186058971646669
"up",1.5,21,"PELT",0.75,0.75,0.75,8,0.0336395910733859
"up",1.5,21,"SVP",0.75,0.75,0.75,8,0.0336395910733859
"up",1.5,21,"SVP (BIC)",0.75,0.75,0.75,8,0.0336395910733859
"up",1.5,22,"PELT",1,1,1,8,0.00569819878139967
"up",1.5,22,"SVP",1,1,1,8,0.00569819878139967
"up",1.5,22,"SVP (BIC)",1,1,1,8,0.00569819878139967
"up",1.5,23,"PELT",1,1,1,8,0.018523802880902
"up",1.5,23,"SVP",1,1,1,8,0.018523802880902
"up",1.5,23,"SVP (BIC)",1,1,1,8,0.018523802880902
"up",1.5,24,"PELT",0.875,0.875,0.875,8,0.0292352237398379
"up",1.5,24,"SVP",0.875,0.875,0.875,8,0.0292352237398379
"up",1.5,24,"SVP (BIC)",0.875,0.875,0.875,8,0.0292352237398379
"up",1.5,25,"PELT",0.875,0.875,0.875,8,0.0230221640819941
"up",1.5,25,"SVP",0.875,0.875,0.875,8,0.0230221640819941
"up",1.5,25,"SVP (BIC)",0.875,0.875,0.875,8,0.0230221640819941
"up",1.5,26,"PELT",0.875,0.875,0.875,8,0.027490513363253
"up",1.5,26,"SVP",0.875,0.875,0.875,8,0.027490513363253
"up",1.5,26,"SVP (BIC)",0.875,0.875,0.875,8,0.027490513363253
"up",1.5,27,"PELT",1,1,1,8,0.0246309047019948
"up",1.5,27,"SVP",1,1,1,8,0.0246309047019948
"up",1.5,27,"SVP (BIC)",1,1,1,8,0.0246309047019948
"up",1.5,28,"PELT",0.75,0.75,0.75,8,0.0269090866359287
"up",1.5,28,"SVP",0.75,0.75,0.75,8,0.0269090866359287
"up",1.5,28,"SVP (BIC)",0.75,0.75,0.75,8,0.0269090866359287
"up",1.5,29,"PELT",0.75,0.75,0.75,8,0.0260622811804349
"up",1.5,29,"SVP",0.75,0.75,0.75,8,0.0260622811804349
"up",1.5,29,"SVP (BIC)",0.75,0.75,0.75,8,0.0260622811804349
"up",1.5,30,"PELT",0.875,0.875,0.875,8,0.0351834625569065
"up",1.5,30,"SVP",0.875,0.875,0.875,8,0.0351834625569065
"up",1.5,30,"SVP (BIC)",0.875,0.875,0.875,8,0.0351834625569065
"up",1.5,31,"PELT",0.5,0.5,0.5,8,0.0425135397219393
"up",1.5,31,"SVP",0.5,0.5,0.5,8,0.0425135397219393
"up",1.5,31,"SVP (BIC)",0.5,0.5,0.5,8,0.0425135397219393
"up",1.5,32,"PELT",1,1,1,8,0.0240656115530499
"up",1.5,32,"SVP",1,1,1,8,0.0240656115530499
"up",1.5,32,"SVP (BIC)",1,1,1,8,0.0240656115530499
"up",1.5,33,"PELT",0.75,0.75,0.75,8,0.0255734299585876
"up",1.5,33,"SVP",0.75,0.75,0.75,8,0.0255734299585876
"up",1.5,33,"SVP (BIC)",0.75,0.75,0.75,8,0.0255734299585876
"up",1.5,34,"PELT",0.625,0.625,0.625,8,0.0456339174942675
"up",1.5,34,"SVP",0.625,0.625,0.625,8,0.0456339174942675
"up",1.5,34,"SVP (BIC)",0.625,0.625,0.625,8,0.0456339174942675
"up",1.5,35,"PELT",0.875,0.875,0.875,8,0.0313614100963239
"up",1.5,35,"SVP",0.875,0.875,0.875,8,0.0313614100963239
"up",1.5,35,"SVP (BIC)",0.875,0.875,0.875,8,0.0313614100963239
"up",1.5,36,"PELT",0.5,0.5,0.5,8,0.0562796558333082
"up",1.5,36,"SVP",0.5,0.5,0.5,8,0.0562796558333082
"up",1.5,36,"SVP (BIC)",0.5,0.5,0.5,8,0.0562796558333082
"up",1.5,37,"PELT",0.75,0.75,0.75,8,0.0378428952846816
"up",1.5,37,"SVP",0.75,0.75,0.75,8,0.0378428952846816
"up",1.5,37,"SVP (BIC)",0.75,0.75,0.75,8,0.0378428952846816
"up",1.5,38,"PELT",0.875,0.875,0.875,8,0.0188831856118934
"up",1.5,38,"SVP",0.875,0.875,0.875,8,0.0188831856118934
"up",1.5,38,"SVP (BIC)",0.875,0.875,0.875,8,0.0188831856118934
"up",1.5,39,"PELT",0.875,0.875,0.875,8,0.0238865586762092
"up",1.5,39,"SVP",0.875,0.875,0.875,8,0.0238865586762092
"up",1.5,39,"SVP (BIC)",0.875,0.875,0.875,8,0.0238865586762092
"up",1.5,40,"PELT",0.875,0.875,0.875,8,0.0292413637575078
"up",1.5,40,"SVP",0.875,0.875,0.875,8,0.0292413637575078
"up",1.5,40,"SVP (BIC)",0.875,0.875,0.875,8,0.0292413637575078
"up",1.5,41,"PELT",1,1,1,8,0.01893984488388
"up",1.5,41,"SVP",1,1,1,8,0.01893984488388
"up",1.5,41,"SVP (BIC)",1,1,1,8,0.01893984488388
"up",1.5,42,"PELT",0.75,0.75,0.75,8,0.0285707265770374
"up",1.5,42,"SVP",0.75,0.75,0.75,8,0.0285707265770374
"up",1.5,42,"SVP (BIC)",0.75,0.75,0.75,8,0.0285707265770374
"up",1.5,43,"PELT",1,1,1,8,0.0188584181799915
"up",1.5,43,"SVP",1,1,1,8,0.0188584181799915
"up",1.5,43,"SVP (BIC)",1,1,1,8,0.0188584181799915
"up",1.5,44,"PELT",1,1,1,8,0.0171118259989658
"up",1.5,44,"SVP",1,1,1,8,0.0171118259989658
"up",1.5,44,"SVP (BIC)",1,1,1,8,0.0171118259989658
"up",1.5,45,"PELT",0.875,0.875,0.875,8,0.0321467783946951
"up",1.5,45,"SVP",0.75,0.75,0.75,8,0.0453037064852393
"up",1.5,45,"SVP (BIC)",0.875,0.875,0.875,8,0.0321467783946951
"up",1.5,46,"PELT",0.75,0.75,0.75,8,0.0546283272017048
"up",1.5,46,"SVP",0.75,0.75,0.75,8,0.0546283272017048
"up",1.5,46,"SVP (BIC)",0.75,0.75,0.75,8,0.0546283272017048
"up",1.5,47,"PELT",1,1,1,8,0.023180489183349
"up",1.5,47,"SVP",1,1,1,8,0.023180489183349
"up",1.5,47,"SVP (BIC)",1,1,1,8,0.023180489183349
"up",1.5,48,"PELT",1,1,1,8,0.0102766095645122
"up",1.5,48,"SVP",1,1,1,8,0.0102766095645122
"up",1.5,48,"SVP (BIC)",1,1,1,8,0.0102766095645122
"up",1.5,49,"PELT",1,1,1,8,0.0217150154118572
"up",1.5,49,"SVP",1,1,1,8,0.0217150154118572
"up",1.5,49,"SVP (BIC)",1,1,1,8,0.0217150154118572
"up",1.5,50,"PELT",0.666666666666667,0.75,0.705882352941177,9,0.0341788153823305
"up",1.5,50,"SVP",0.875,0.875,0.875,8,0.0226414126574723
"up",1.5,50,"SVP (BIC)",0.875,0.875,0.875,8,0.0226414126574723
"up",1.5,51,"PELT",1,1,1,8,0.00917857646901523
"up",1.5,51,"SVP",1,1,1,8,0.00917857646901523
"up",1.5,51,"SVP (BIC)",1,1,1,8,0.00917857646901523
"up",1.5,52,"PELT",0.875,0.875,0.875,8,0.0177024049028675
"up",1.5,52,"SVP",0.875,0.875,0.875,8,0.0177024049028675
"up",1.5,52,"SVP (BIC)",0.875,0.875,0.875,8,0.0177024049028675
"up",1.5,53,"PELT",0.777777777777778,0.875,0.823529411764706,9,0.0452422829830923
"up",1.5,53,"SVP",0.777777777777778,0.875,0.823529411764706,9,0.0452422829830923
"up",1.5,53,"SVP (BIC)",0.875,0.875,0.875,8,0.0192217117912697
"up",1.5,54,"PELT",0.875,0.875,0.875,8,0.0178930828028183
"up",1.5,54,"SVP",0.875,0.875,0.875,8,0.0178930828028183
"up",1.5,54,"SVP (BIC)",0.875,0.875,0.875,8,0.0178930828028183
"up",1.5,55,"PELT",1,1,1,8,0.0104716326953465
"up",1.5,55,"SVP",1,1,1,8,0.0104716326953465
"up",1.5,55,"SVP (BIC)",1,1,1,8,0.0104716326953465
"up",1.5,56,"PELT",1,1,1,8,0.0178407446407412
"up",1.5,56,"SVP",1,1,1,8,0.0178407446407412
"up",1.5,56,"SVP (BIC)",1,1,1,8,0.0178407446407412
"up",1.5,57,"PELT",0.875,0.875,0.875,8,0.0208705876162126
"up",1.5,57,"SVP",0.875,0.875,0.875,8,0.0208705876162126
"up",1.5,57,"SVP (BIC)",0.875,0.875,0.875,8,0.0208705876162126
"up",1.5,58,"PELT",0.875,0.875,0.875,8,0.0199344263984534
"up",1.5,58,"SVP",0.875,0.875,0.875,8,0.0199344263984534
"up",1.5,58,"SVP (BIC)",0.875,0.875,0.875,8,0.0199344263984534
"up",1.5,59,"PELT",1,1,1,8,0.0190017299507426
"up",1.5,59,"SVP",1,1,1,8,0.0190017299507426
"up",1.5,59,"SVP (BIC)",1,1,1,8,0.0190017299507426
"up",1.5,60,"PELT",0.875,0.875,0.875,8,0.0431396922275226
"up",1.5,60,"SVP",0.875,0.875,0.875,8,0.0431396922275226
"up",1.5,60,"SVP (BIC)",0.875,0.875,0.875,8,0.0431396922275226
"up",1.5,61,"PELT",0.625,0.625,0.625,8,0.041226202176032
"up",1.5,61,"SVP",0.625,0.625,0.625,8,0.041226202176032
"up",1.5,61,"SVP (BIC)",0.625,0.625,0.625,8,0.041226202176032
"up",1.5,62,"PELT",1,1,1,8,0.0211397361421745
"up",1.5,62,"SVP",1,1,1,8,0.0211397361421745
"up",1.5,62,"SVP (BIC)",1,1,1,8,0.0211397361421745
"up",1.5,63,"PELT",0.875,0.875,0.875,8,0.0344285922682832
"up",1.5,63,"SVP",0.875,0.875,0.875,8,0.0344285922682832
"up",1.5,63,"SVP (BIC)",0.875,0.875,0.875,8,0.0344285922682832
"up",1.5,64,"PELT",0.888888888888889,1,0.941176470588235,9,0.0270883368506429
"up",1.5,64,"SVP",1,1,1,8,0.0123541638279433
"up",1.5,64,"SVP (BIC)",1,1,1,8,0.0123541638279433
"up",1.5,65,"PELT",0.625,0.625,0.625,8,0.0403708420593106
"up",1.5,65,"SVP",0.625,0.625,0.625,8,0.0403708420593106
"up",1.5,65,"SVP (BIC)",0.625,0.625,0.625,8,0.0403708420593106
"up",1.5,66,"PELT",0.875,0.875,0.875,8,0.0168557692065159
"up",1.5,66,"SVP",0.875,0.875,0.875,8,0.0168557692065159
"up",1.5,66,"SVP (BIC)",0.875,0.875,0.875,8,0.0168557692065159
"up",1.5,67,"PELT",0.888888888888889,1,0.941176470588235,9,0.0442493447565765
"up",1.5,67,"SVP",1,1,1,8,0.023931791071312
"up",1.5,67,"SVP (BIC)",1,1,1,8,0.023931791071312
"up",1.5,68,"PELT",1,1,1,8,0.019082839543307
"up",1.5,68,"SVP",1,1,1,8,0.019082839543307
"up",1.5,68,"SVP (BIC)",1,1,1,8,0.019082839543307
"up",1.5,69,"PELT",1,1,1,8,0.011376370408581
"up",1.5,69,"SVP",1,1,1,8,0.011376370408581
"up",1.5,69,"SVP (BIC)",1,1,1,8,0.011376370408581
"up",1.5,70,"PELT",1,1,1,8,0.0246139575185658
"up",1.5,70,"SVP",1,1,1,8,0.0246139575185658
"up",1.5,70,"SVP (BIC)",1,1,1,8,0.0246139575185658
"up",1.5,71,"PELT",1,1,1,8,0.00882243477400288
"up",1.5,71,"SVP",1,1,1,8,0.00882243477400288
"up",1.5,71,"SVP (BIC)",1,1,1,8,0.00882243477400288
"up",1.5,72,"PELT",0.875,0.875,0.875,8,0.0384614788217556
"up",1.5,72,"SVP",0.875,0.875,0.875,8,0.0384614788217556
"up",1.5,72,"SVP (BIC)",0.875,0.875,0.875,8,0.0384614788217556
"up",1.5,73,"PELT",0.75,0.75,0.75,8,0.0327115351143738
"up",1.5,73,"SVP",0.75,0.75,0.75,8,0.0327115351143738
"up",1.5,73,"SVP (BIC)",0.75,0.75,0.75,8,0.0327115351143738
"up",1.5,74,"PELT",0.625,0.625,0.625,8,0.0424443092832048
"up",1.5,74,"SVP",0.625,0.625,0.625,8,0.0424443092832048
"up",1.5,74,"SVP (BIC)",0.625,0.625,0.625,8,0.0424443092832048
"up",1.5,75,"PELT",0.75,0.75,0.75,8,0.032381248293458
"up",1.5,75,"SVP",0.75,0.75,0.75,8,0.032381248293458
"up",1.5,75,"SVP (BIC)",0.75,0.75,0.75,8,0.032381248293458
"up",1.5,76,"PELT",0.75,0.75,0.75,8,0.0319161713892427
"up",1.5,76,"SVP",0.75,0.75,0.75,8,0.0319161713892427
"up",1.5,76,"SVP (BIC)",0.75,0.75,0.75,8,0.0319161713892427
"up",1.5,77,"PELT",0.875,0.875,0.875,8,0.0227401976270585
"up",1.5,77,"SVP",0.875,0.875,0.875,8,0.0227401976270585
"up",1.5,77,"SVP (BIC)",0.875,0.875,0.875,8,0.0227401976270585
"up",1.5,78,"PELT",0.75,0.75,0.75,8,0.0395530027762985
"up",1.5,78,"SVP",0.75,0.75,0.75,8,0.0395530027762985
"up",1.5,78,"SVP (BIC)",0.75,0.75,0.75,8,0.0395530027762985
"up",1.5,79,"PELT",0.75,0.75,0.75,8,0.0367145310867538
"up",1.5,79,"SVP",0.75,0.75,0.75,8,0.0367145310867538
"up",1.5,79,"SVP (BIC)",0.75,0.75,0.75,8,0.0367145310867538
"up",1.5,80,"PELT",0.875,0.875,0.875,8,0.0477716813427899
"up",1.5,80,"SVP",0.875,0.875,0.875,8,0.0477716813427899
"up",1.5,80,"SVP (BIC)",0.875,0.875,0.875,8,0.0477716813427899
"up",1.5,81,"PELT",0.875,0.875,0.875,8,0.0254105448448328
"up",1.5,81,"SVP",0.875,0.875,0.875,8,0.0254105448448328
"up",1.5,81,"SVP (BIC)",0.875,0.875,0.875,8,0.0254105448448328
"up",1.5,82,"PELT",0.75,0.75,0.75,8,0.0439425287135355
"up",1.5,82,"SVP",0.75,0.75,0.75,8,0.0439425287135355
"up",1.5,82,"SVP (BIC)",0.75,0.75,0.75,8,0.0439425287135355
"up",1.5,83,"PELT",1,1,1,8,0.0195605091154309
"up",1.5,83,"SVP",1,1,1,8,0.0195605091154309
"up",1.5,83,"SVP (BIC)",1,1,1,8,0.0195605091154309
"up",1.5,84,"PELT",0.625,0.625,0.625,8,0.0387065060425378
"up",1.5,84,"SVP",0.625,0.625,0.625,8,0.0387065060425378
"up",1.5,84,"SVP (BIC)",0.625,0.625,0.625,8,0.0387065060425378
"up",1.5,85,"PELT",0.875,0.875,0.875,8,0.0289075340614844
"up",1.5,85,"SVP",0.875,0.875,0.875,8,0.0289075340614844
"up",1.5,85,"SVP (BIC)",0.875,0.875,0.875,8,0.0289075340614844
"up",1.5,86,"PELT",0.875,0.875,0.875,8,0.014561955776026
"up",1.5,86,"SVP",0.875,0.875,0.875,8,0.014561955776026
"up",1.5,86,"SVP (BIC)",0.875,0.875,0.875,8,0.014561955776026
"up",1.5,87,"PELT",0.75,0.75,0.75,8,0.0418525353400898
"up",1.5,87,"SVP",0.75,0.75,0.75,8,0.0418525353400898
"up",1.5,87,"SVP (BIC)",0.75,0.75,0.75,8,0.0418525353400898
"up",1.5,88,"PELT",1,1,1,8,0.0258831124180863
"up",1.5,88,"SVP",1,1,1,8,0.0258831124180863
"up",1.5,88,"SVP (BIC)",1,1,1,8,0.0258831124180863
"up",1.5,89,"PELT",0.666666666666667,0.75,0.705882352941177,9,0.0523740063776732
"up",1.5,89,"SVP",0.75,0.75,0.75,8,0.0341085150691125
"up",1.5,89,"SVP (BIC)",0.75,0.75,0.75,8,0.0341085150691125
"up",1.5,90,"PELT",0.875,0.875,0.875,8,0.0320571058197196
"up",1.5,90,"SVP",0.875,0.875,0.875,8,0.0320571058197196
"up",1.5,90,"SVP (BIC)",0.875,0.875,0.875,8,0.0320571058197196
"up",1.5,91,"PELT",0.75,0.75,0.75,8,0.0498821528143489
"up",1.5,91,"SVP",0.75,0.75,0.75,8,0.0498821528143489
"up",1.5,91,"SVP (BIC)",0.75,0.75,0.75,8,0.0498821528143489
"up",1.5,92,"PELT",0.75,0.75,0.75,8,0.0406511685033919
"up",1.5,92,"SVP",0.75,0.75,0.75,8,0.0406511685033919
"up",1.5,92,"SVP (BIC)",0.75,0.75,0.75,8,0.0406511685033919
"up",1.5,93,"PELT",0.625,0.625,0.625,8,0.0558702322396487
"up",1.5,93,"SVP",0.625,0.625,0.625,8,0.0558702322396487
"up",1.5,93,"SVP (BIC)",0.625,0.625,0.625,8,0.0558702322396487
"up",1.5,94,"PELT",0.875,0.875,0.875,8,0.0209846930360342
"up",1.5,94,"SVP",0.875,0.875,0.875,8,0.0209846930360342
"up",1.5,94,"SVP (BIC)",0.875,0.875,0.875,8,0.0209846930360342
"up",1.5,95,"PELT",0.875,0.875,0.875,8,0.0193700712347394
"up",1.5,95,"SVP",0.875,0.875,0.875,8,0.0193700712347394
"up",1.5,95,"SVP (BIC)",0.875,0.875,0.875,8,0.0193700712347394
"up",1.5,96,"PELT",0.75,0.75,0.75,8,0.0281768279902611
"up",1.5,96,"SVP",0.75,0.75,0.75,8,0.0281768279902611
"up",1.5,96,"SVP (BIC)",0.75,0.75,0.75,8,0.0281768279902611
"up",1.5,97,"PELT",0.75,0.75,0.75,8,0.0373823995598856
"up",1.5,97,"SVP",0.75,0.75,0.75,8,0.0373823995598856
"up",1.5,97,"SVP (BIC)",0.75,0.75,0.75,8,0.0373823995598856
"up",1.5,98,"PELT",0.875,0.875,0.875,8,0.0376536501173879
"up",1.5,98,"SVP",0.875,0.875,0.875,8,0.0376536501173879
"up",1.5,98,"SVP (BIC)",0.875,0.875,0.875,8,0.0376536501173879
"up",1.5,99,"PELT",0.875,0.875,0.875,8,0.0445533055764608
"up",1.5,99,"SVP",0.875,0.875,0.875,8,0.0445533055764608
"up",1.5,99,"SVP (BIC)",0.875,0.875,0.875,8,0.0445533055764608
"up",1.5,100,"PELT",0.75,0.75,0.75,8,0.0197356127475452
"up",1.5,100,"SVP",0.75,0.75,0.75,8,0.0197356127475452
"up",1.5,100,"SVP (BIC)",0.75,0.75,0.75,8,0.0197356127475452
"updown",1.5,1,"PELT",0.75,0.75,0.75,8,0.0421143978488179
"updown",1.5,1,"SVP",0.75,0.75,0.75,8,0.0421143978488179
"updown",1.5,1,"SVP (BIC)",0.75,0.75,0.75,8,0.0421143978488179
"updown",1.5,2,"PELT",0.875,0.875,0.875,8,0.0288970567456509
"updown",1.5,2,"SVP",0.875,0.875,0.875,8,0.0288970567456509
"updown",1.5,2,"SVP (BIC)",0.875,0.875,0.875,8,0.0288970567456509
"updown",1.5,3,"PELT",0.875,0.875,0.875,8,0.0281047793278153
"updown",1.5,3,"SVP",0.875,0.875,0.875,8,0.0281047793278153
"updown",1.5,3,"SVP (BIC)",0.875,0.875,0.875,8,0.0281047793278153
"updown",1.5,4,"PELT",1,1,1,8,0.0191848922418329
"updown",1.5,4,"SVP",1,1,1,8,0.0191848922418329
"updown",1.5,4,"SVP (BIC)",1,1,1,8,0.0191848922418329
"updown",1.5,5,"PELT",0.555555555555556,0.625,0.588235294117647,9,0.0541522207708889
"updown",1.5,5,"SVP",0.625,0.625,0.625,8,0.0382033471409895
"updown",1.5,5,"SVP (BIC)",0.625,0.625,0.625,8,0.0382033471409895
"updown",1.5,6,"PELT",1,1,1,8,0.0245903777389318
"updown",1.5,6,"SVP",1,1,1,8,0.0245903777389318
"updown",1.5,6,"SVP (BIC)",1,1,1,8,0.0245903777389318
"updown",1.5,7,"PELT",1,1,1,8,0.0158223628793204
"updown",1.5,7,"SVP",1,1,1,8,0.0158223628793204
"updown",1.5,7,"SVP (BIC)",1,1,1,8,0.0158223628793204
"updown",1.5,8,"PELT",0.875,0.875,0.875,8,0.0157126696613826
"updown",1.5,8,"SVP",0.875,0.875,0.875,8,0.0157126696613826
"updown",1.5,8,"SVP (BIC)",0.875,0.875,0.875,8,0.0157126696613826
"updown",1.5,9,"PELT",1,1,1,8,0.00587768703980617
"updown",1.5,9,"SVP",1,1,1,8,0.00587768703980617
"updown",1.5,9,"SVP (BIC)",1,1,1,8,0.00587768703980617
"updown",1.5,10,"PELT",0.75,0.75,0.75,8,0.0281710948798081
"updown",1.5,10,"SVP",0.75,0.75,0.75,8,0.0281710948798081
"updown",1.5,10,"SVP (BIC)",0.75,0.75,0.75,8,0.0281710948798081
"updown",1.5,11,"PELT",0.875,0.875,0.875,8,0.0272487529498726
"updown",1.5,11,"SVP",0.875,0.875,0.875,8,0.0272487529498726
"updown",1.5,11,"SVP (BIC)",0.875,0.875,0.875,8,0.0272487529498726
"updown",1.5,12,"PELT",0.875,0.875,0.875,8,0.0246622413114663
"updown",1.5,12,"SVP",0.875,0.875,0.875,8,0.0246622413114663
"updown",1.5,12,"SVP (BIC)",0.875,0.875,0.875,8,0.0246622413114663
"updown",1.5,13,"PELT",1,1,1,8,0.0285428578880069
"updown",1.5,13,"SVP",1,1,1,8,0.0285428578880069
"updown",1.5,13,"SVP (BIC)",1,1,1,8,0.0285428578880069
"updown",1.5,14,"PELT",0.875,0.875,0.875,8,0.0227369003703465
"updown",1.5,14,"SVP",0.875,0.875,0.875,8,0.0227369003703465
"updown",1.5,14,"SVP (BIC)",0.875,0.875,0.875,8,0.0227369003703465
"updown",1.5,15,"PELT",0.875,0.875,0.875,8,0.0286876679207544
"updown",1.5,15,"SVP",0.875,0.875,0.875,8,0.0286876679207544
"updown",1.5,15,"SVP (BIC)",0.875,0.875,0.875,8,0.0286876679207544
"updown",1.5,16,"PELT",1,1,1,8,0.0228610893622757
"updown",1.5,16,"SVP",1,1,1,8,0.0228610893622757
"updown",1.5,16,"SVP (BIC)",1,1,1,8,0.0228610893622757
"updown",1.5,17,"PELT",1,1,1,8,0.0201763068374408
"updown",1.5,17,"SVP",1,1,1,8,0.0201763068374408
"updown",1.5,17,"SVP (BIC)",1,1,1,8,0.0201763068374408
"updown",1.5,18,"PELT",0.555555555555556,0.625,0.588235294117647,9,0.0596345017199024
"updown",1.5,18,"SVP",0.555555555555556,0.625,0.588235294117647,9,0.0596345017199024
"updown",1.5,18,"SVP (BIC)",0.625,0.625,0.625,8,0.0370971889392494
"updown",1.5,19,"PELT",0.75,0.75,0.75,8,0.0438170215646769
"updown",1.5,19,"SVP",0.75,0.75,0.75,8,0.0438170215646769
"updown",1.5,19,"SVP (BIC)",0.75,0.75,0.75,8,0.0438170215646769
"updown",1.5,20,"PELT",0.875,0.875,0.875,8,0.0222609151126369
"updown",1.5,20,"SVP",0.875,0.875,0.875,8,0.0222609151126369
"updown",1.5,20,"SVP (BIC)",0.875,0.875,0.875,8,0.0222609151126369
"updown",1.5,21,"PELT",0.875,0.875,0.875,8,0.0290068340009002
"updown",1.5,21,"SVP",0.875,0.875,0.875,8,0.0290068340009002
"updown",1.5,21,"SVP (BIC)",0.875,0.875,0.875,8,0.0290068340009002
"updown",1.5,22,"PELT",0.875,0.875,0.875,8,0.0308908769712699
"updown",1.5,22,"SVP",0.875,0.875,0.875,8,0.0308908769712699
"updown",1.5,22,"SVP (BIC)",0.875,0.875,0.875,8,0.0308908769712699
"updown",1.5,23,"PELT",0.75,0.75,0.75,8,0.0344874529917024
"updown",1.5,23,"SVP",0.75,0.75,0.75,8,0.0344874529917024
"updown",1.5,23,"SVP (BIC)",0.75,0.75,0.75,8,0.0344874529917024
"updown",1.5,24,"PELT",0.75,0.75,0.75,8,0.0475016563833778
"updown",1.5,24,"SVP",0.75,0.75,0.75,8,0.0475016563833778
"updown",1.5,24,"SVP (BIC)",0.75,0.75,0.75,8,0.0475016563833778
"updown",1.5,25,"PELT",1,1,1,8,0.012141918708304
"updown",1.5,25,"SVP",1,1,1,8,0.012141918708304
"updown",1.5,25,"SVP (BIC)",1,1,1,8,0.012141918708304
"updown",1.5,26,"PELT",1,1,1,8,0.0103033276957655
"updown",1.5,26,"SVP",1,1,1,8,0.0103033276957655
"updown",1.5,26,"SVP (BIC)",1,1,1,8,0.0103033276957655
"updown",1.5,27,"PELT",0.625,0.625,0.625,8,0.0375998041427543
"updown",1.5,27,"SVP",0.625,0.625,0.625,8,0.0375998041427543
"updown",1.5,27,"SVP (BIC)",0.625,0.625,0.625,8,0.0375998041427543
"updown",1.5,28,"PELT",0.875,0.875,0.875,8,0.0307501925318535
"updown",1.5,28,"SVP",0.875,0.875,0.875,8,0.0307501925318535
"updown",1.5,28,"SVP (BIC)",0.875,0.875,0.875,8,0.0307501925318535
"updown",1.5,29,"PELT",1,1,1,8,0.0216495845461326
"updown",1.5,29,"SVP",1,1,1,8,0.0216495845461326
"updown",1.5,29,"SVP (BIC)",1,1,1,8,0.0216495845461326
"updown",1.5,30,"PELT",0.75,0.75,0.75,8,0.0348059999659913
"updown",1.5,30,"SVP",0.75,0.75,0.75,8,0.0348059999659913
"updown",1.5,30,"SVP (BIC)",0.75,0.75,0.75,8,0.0348059999659913
"updown",1.5,31,"PELT",1,1,1,8,0.0271840918334925
"updown",1.5,31,"SVP",1,1,1,8,0.0271840918334925
"updown",1.5,31,"SVP (BIC)",1,1,1,8,0.0271840918334925
"updown",1.5,32,"PELT",0.75,0.75,0.75,8,0.0333152123005185
"updown",1.5,32,"SVP",0.75,0.75,0.75,8,0.0333152123005185
"updown",1.5,32,"SVP (BIC)",0.75,0.75,0.75,8,0.0333152123005185
"updown",1.5,33,"PELT",0.875,0.875,0.875,8,0.0207095243627851
"updown",1.5,33,"SVP",0.875,0.875,0.875,8,0.0207095243627851
"updown",1.5,33,"SVP (BIC)",0.875,0.875,0.875,8,0.0207095243627851
"updown",1.5,34,"PELT",1,1,1,8,0.0122173888999916
"updown",1.5,34,"SVP",1,1,1,8,0.0122173888999916
"updown",1.5,34,"SVP (BIC)",1,1,1,8,0.0122173888999916
"updown",1.5,35,"PELT",1,1,1,8,0.0257499220386498
"updown",1.5,35,"SVP",1,1,1,8,0.0257499220386498
"updown",1.5,35,"SVP (BIC)",1,1,1,8,0.0257499220386498
"updown",1.5,36,"PELT",0.75,0.75,0.75,8,0.042737497034606
"updown",1.5,36,"SVP",0.75,0.75,0.75,8,0.042737497034606
"updown",1.5,36,"SVP (BIC)",0.75,0.75,0.75,8,0.042737497034606
"updown",1.5,37,"PELT",1,1,1,8,0.0257100143276554
"updown",1.5,37,"SVP",1,1,1,8,0.0257100143276554
"updown",1.5,37,"SVP (BIC)",1,1,1,8,0.0257100143276554
"updown",1.5,38,"PELT",1,1,1,8,0.0150587949275916
"updown",1.5,38,"SVP",1,1,1,8,0.0150587949275916
"updown",1.5,38,"SVP (BIC)",1,1,1,8,0.0150587949275916
"updown",1.5,39,"PELT",0.875,0.875,0.875,8,0.0256404276817731
"updown",1.5,39,"SVP",0.875,0.875,0.875,8,0.0256404276817731
"updown",1.5,39,"SVP (BIC)",0.875,0.875,0.875,8,0.0256404276817731
"updown",1.5,40,"PELT",0.875,0.875,0.875,8,0.0180473150404705
"updown",1.5,40,"SVP",0.875,0.875,0.875,8,0.0180473150404705
"updown",1.5,40,"SVP (BIC)",0.875,0.875,0.875,8,0.0180473150404705
"updown",1.5,41,"PELT",0.875,0.875,0.875,8,0.02128223468401
"updown",1.5,41,"SVP",0.875,0.875,0.875,8,0.02128223468401
"updown",1.5,41,"SVP (BIC)",0.875,0.875,0.875,8,0.02128223468401
"updown",1.5,42,"PELT",1,1,1,8,0.0171833508227521
"updown",1.5,42,"SVP",1,1,1,8,0.0171833508227521
"updown",1.5,42,"SVP (BIC)",1,1,1,8,0.0171833508227521
"updown",1.5,43,"PELT",1,1,1,8,0.0128895426204241
"updown",1.5,43,"SVP",1,1,1,8,0.0128895426204241
"updown",1.5,43,"SVP (BIC)",1,1,1,8,0.0128895426204241
"updown",1.5,44,"PELT",1,1,1,8,0.0213421604451557
"updown",1.5,44,"SVP",1,1,1,8,0.0213421604451557
"updown",1.5,44,"SVP (BIC)",1,1,1,8,0.0213421604451557
"updown",1.5,45,"PELT",0.875,0.875,0.875,8,0.0185941558990087
"updown",1.5,45,"SVP",0.875,0.875,0.875,8,0.0185941558990087
"updown",1.5,45,"SVP (BIC)",0.875,0.875,0.875,8,0.0185941558990087
"updown",1.5,46,"PELT",0.875,0.875,0.875,8,0.018037737830679
"updown",1.5,46,"SVP",0.875,0.875,0.875,8,0.018037737830679
"updown",1.5,46,"SVP (BIC)",0.875,0.875,0.875,8,0.018037737830679
"updown",1.5,47,"PELT",1,1,1,8,0.00744983013158327
"updown",1.5,47,"SVP",1,1,1,8,0.00744983013158327
"updown",1.5,47,"SVP (BIC)",1,1,1,8,0.00744983013158327
"updown",1.5,48,"PELT",0.875,0.875,0.875,8,0.0263444083441342
"updown",1.5,48,"SVP",0.875,0.875,0.875,8,0.0263444083441342
"updown",1.5,48,"SVP (BIC)",0.875,0.875,0.875,8,0.0263444083441342
"updown",1.5,49,"PELT",0.875,0.875,0.875,8,0.0307885024690015
"updown",1.5,49,"SVP",0.875,0.875,0.875,8,0.0307885024690015
"updown",1.5,49,"SVP (BIC)",0.875,0.875,0.875,8,0.0307885024690015
"updown",1.5,50,"PELT",0.625,0.625,0.625,8,0.0448589575153868
"updown",1.5,50,"SVP",0.625,0.625,0.625,8,0.0448589575153868
"updown",1.5,50,"SVP (BIC)",0.625,0.625,0.625,8,0.0448589575153868
"updown",1.5,51,"PELT",1,1,1,8,0.031228909946121
"updown",1.5,51,"SVP",1,1,1,8,0.031228909946121
"updown",1.5,51,"SVP (BIC)",1,1,1,8,0.031228909946121
"updown",1.5,52,"PELT",1,1,1,8,0.0162855237188678
"updown",1.5,52,"SVP",1,1,1,8,0.0162855237188678
"updown",1.5,52,"SVP (BIC)",1,1,1,8,0.0162855237188678
"updown",1.5,53,"PELT",0.875,0.875,0.875,8,0.033856075596199
"updown",1.5,53,"SVP",0.875,0.875,0.875,8,0.033856075596199
"updown",1.5,53,"SVP (BIC)",0.875,0.875,0.875,8,0.033856075596199
"updown",1.5,54,"PELT",0.875,0.875,0.875,8,0.0200858179444688
"updown",1.5,54,"SVP",0.875,0.875,0.875,8,0.0200858179444688
"updown",1.5,54,"SVP (BIC)",0.875,0.875,0.875,8,0.0200858179444688
"updown",1.5,55,"PELT",0.875,0.875,0.875,8,0.0165659423419876
"updown",1.5,55,"SVP",0.875,0.875,0.875,8,0.0165659423419876
"updown",1.5,55,"SVP (BIC)",0.875,0.875,0.875,8,0.0165659423419876
"updown",1.5,56,"PELT",1,1,1,8,0.0182406800784344
"updown",1.5,56,"SVP",1,1,1,8,0.0182406800784344
"updown",1.5,56,"SVP (BIC)",1,1,1,8,0.0182406800784344
"updown",1.5,57,"PELT",0.875,0.875,0.875,8,0.0212395771853085
"updown",1.5,57,"SVP",0.875,0.875,0.875,8,0.0212395771853085
"updown",1.5,57,"SVP (BIC)",0.875,0.875,0.875,8,0.0212395771853085
"updown",1.5,58,"PELT",1,1,1,8,0.0214719496492545
"updown",1.5,58,"SVP",1,1,1,8,0.0214719496492545
"updown",1.5,58,"SVP (BIC)",1,1,1,8,0.0214719496492545
"updown",1.5,59,"PELT",0.75,0.75,0.75,8,0.0444131145290238
"updown",1.5,59,"SVP",0.75,0.75,0.75,8,0.0444131145290238
"updown",1.5,59,"SVP (BIC)",0.75,0.75,0.75,8,0.0444131145290238
"updown",1.5,60,"PELT",0.875,0.875,0.875,8,0.029576608824772
"updown",1.5,60,"SVP",0.875,0.875,0.875,8,0.029576608824772
"updown",1.5,60,"SVP (BIC)",0.875,0.875,0.875,8,0.029576608824772
"updown",1.5,61,"PELT",0.875,0.875,0.875,8,0.0163068105862149
"updown",1.5,61,"SVP",0.875,0.875,0.875,8,0.0163068105862149
"updown",1.5,61,"SVP (BIC)",0.875,0.875,0.875,8,0.0163068105862149
"updown",1.5,62,"PELT",0.6,0.75,0.666666666666667,10,0.0642213703800017
"updown",1.5,62,"SVP",0.625,0.625,0.625,8,0.0502329651775549
"updown",1.5,62,"SVP (BIC)",0.75,0.75,0.75,8,0.032960210562718
"updown",1.5,63,"PELT",0.875,0.875,0.875,8,0.0265394139156604
"updown",1.5,63,"SVP",0.875,0.875,0.875,8,0.0265394139156604
"updown",1.5,63,"SVP (BIC)",0.875,0.875,0.875,8,0.0265394139156604
"updown",1.5,64,"PELT",1,1,1,8,0.0175040845058238
"updown",1.5,64,"SVP",1,1,1,8,0.0175040845058238
"updown",1.5,64,"SVP (BIC)",1,1,1,8,0.0175040845058238
"updown",1.5,65,"PELT",0.75,0.75,0.75,8,0.0435382627052925
"updown",1.5,65,"SVP",0.666666666666667,0.75,0.705882352941177,9,0.0442008276004951
"updown",1.5,65,"SVP (BIC)",0.75,0.75,0.75,8,0.0435382627052925
"updown",1.5,66,"PELT",0.75,0.75,0.75,8,0.0300549388037433
"updown",1.5,66,"SVP",0.75,0.75,0.75,8,0.0300549388037433
"updown",1.5,66,"SVP (BIC)",0.75,0.75,0.75,8,0.0300549388037433
"updown",1.5,67,"PELT",0.75,0.75,0.75,8,0.0354196479732844
"updown",1.5,67,"SVP",0.75,0.75,0.75,8,0.0354196479732844
"updown",1.5,67,"SVP (BIC)",0.75,0.75,0.75,8,0.0354196479732844
"updown",1.5,68,"PELT",1,1,1,8,0.0185445054449292
"updown",1.5,68,"SVP",1,1,1,8,0.0185445054449292
"updown",1.5,68,"SVP (BIC)",1,1,1,8,0.0185445054449292
"updown",1.5,69,"PELT",1,1,1,8,0.00880339379688487
"updown",1.5,69,"SVP",0.888888888888889,1,0.941176470588235,9,0.0167743428664931
"updown",1.5,69,"SVP (BIC)",1,1,1,8,0.00880339379688487
"updown",1.5,70,"PELT",0.875,0.875,0.875,8,0.0395365226562046
"updown",1.5,70,"SVP",0.875,0.875,0.875,8,0.0395365226562046
"updown",1.5,70,"SVP (BIC)",0.875,0.875,0.875,8,0.0395365226562046
"updown",1.5,71,"PELT",0.875,0.875,0.875,8,0.02634779590091
"updown",1.5,71,"SVP",0.875,0.875,0.875,8,0.02634779590091
"updown",1.5,71,"SVP (BIC)",0.875,0.875,0.875,8,0.02634779590091
"updown",1.5,72,"PELT",0.625,0.625,0.625,8,0.0441589495551024
"updown",1.5,72,"SVP",0.625,0.625,0.625,8,0.0441589495551024
"updown",1.5,72,"SVP (BIC)",0.625,0.625,0.625,8,0.0441589495551024
"updown",1.5,73,"PELT",1,1,1,8,0.0147428509018679
"updown",1.5,73,"SVP",1,1,1,8,0.0147428509018679
"updown",1.5,73,"SVP (BIC)",1,1,1,8,0.0147428509018679
"updown",1.5,74,"PELT",1,1,1,8,0.00686365076177254
"updown",1.5,74,"SVP",1,1,1,8,0.00686365076177254
"updown",1.5,74,"SVP (BIC)",1,1,1,8,0.00686365076177254
"updown",1.5,75,"PELT",1,1,1,8,0.0280291458324761
"updown",1.5,75,"SVP",1,1,1,8,0.0280291458324761
"updown",1.5,75,"SVP (BIC)",1,1,1,8,0.0280291458324761
"updown",1.5,76,"PELT",0.875,0.875,0.875,8,0.0444075151645321
"updown",1.5,76,"SVP",0.875,0.875,0.875,8,0.0444075151645321
"updown",1.5,76,"SVP (BIC)",0.875,0.875,0.875,8,0.0444075151645321
"updown",1.5,77,"PELT",0.625,0.625,0.625,8,0.0396401260588537
"updown",1.5,77,"SVP",0.625,0.625,0.625,8,0.0396401260588537
"updown",1.5,77,"SVP (BIC)",0.625,0.625,0.625,8,0.0396401260588537
"updown",1.5,78,"PELT",0.75,0.75,0.75,8,0.0258457798499187
"updown",1.5,78,"SVP",0.75,0.75,0.75,8,0.0258457798499187
"updown",1.5,78,"SVP (BIC)",0.75,0.75,0.75,8,0.0258457798499187
"updown",1.5,79,"PELT",0.875,0.875,0.875,8,0.0269636626483786
"updown",1.5,79,"SVP",0.875,0.875,0.875,8,0.0269636626483786
"updown",1.5,79,"SVP (BIC)",0.875,0.875,0.875,8,0.0269636626483786
"updown",1.5,80,"PELT",0.875,0.875,0.875,8,0.0225304830459757
"updown",1.5,80,"SVP",0.875,0.875,0.875,8,0.0225304830459757
"updown",1.5,80,"SVP (BIC)",0.875,0.875,0.875,8,0.0225304830459757
"updown",1.5,81,"PELT",1,1,1,8,0.0209265398152199
"updown",1.5,81,"SVP",1,1,1,8,0.0209265398152199
"updown",1.5,81,"SVP (BIC)",1,1,1,8,0.0209265398152199
"updown",1.5,82,"PELT",0.875,0.875,0.875,8,0.0125322343881047
"updown",1.5,82,"SVP",0.875,0.875,0.875,8,0.0125322343881047
"updown",1.5,82,"SVP (BIC)",0.875,0.875,0.875,8,0.0125322343881047
"updown",1.5,83,"PELT",0.625,0.625,0.625,8,0.0462272493367447
"updown",1.5,83,"SVP",0.625,0.625,0.625,8,0.0462272493367447
"updown",1.5,83,"SVP (BIC)",0.625,0.625,0.625,8,0.0462272493367447
"updown",1.5,84,"PELT",0.875,0.875,0.875,8,0.0364290914091498
"updown",1.5,84,"SVP",0.875,0.875,0.875,8,0.0364290914091498
"updown",1.5,84,"SVP (BIC)",0.875,0.875,0.875,8,0.0364290914091498
"updown",1.5,85,"PELT",0.875,0.875,0.875,8,0.0239389992866439
"updown",1.5,85,"SVP",0.875,0.875,0.875,8,0.0239389992866439
"updown",1.5,85,"SVP (BIC)",0.875,0.875,0.875,8,0.0239389992866439
"updown",1.5,86,"PELT",0.875,0.875,0.875,8,0.0200243999890634
"updown",1.5,86,"SVP",0.875,0.875,0.875,8,0.0200243999890634
"updown",1.5,86,"SVP (BIC)",0.875,0.875,0.875,8,0.0200243999890634
"updown",1.5,87,"PELT",1,1,1,8,0.0139214449739377
"updown",1.5,87,"SVP",1,1,1,8,0.0139214449739377
"updown",1.5,87,"SVP (BIC)",1,1,1,8,0.0139214449739377
"updown",1.5,88,"PELT",0.875,0.875,0.875,8,0.0252188630150473
"updown",1.5,88,"SVP",0.875,0.875,0.875,8,0.0252188630150473
"updown",1.5,88,"SVP (BIC)",0.875,0.875,0.875,8,0.0252188630150473
"updown",1.5,89,"PELT",0.875,0.875,0.875,8,0.0259086349834599
"updown",1.5,89,"SVP",0.875,0.875,0.875,8,0.0259086349834599
"updown",1.5,89,"SVP (BIC)",0.875,0.875,0.875,8,0.0259086349834599
"updown",1.5,90,"PELT",0.875,0.875,0.875,8,0.0223828044563764
"updown",1.5,90,"SVP",0.875,0.875,0.875,8,0.0223828044563764
"updown",1.5,90,"SVP (BIC)",0.875,0.875,0.875,8,0.0223828044563764
"updown",1.5,91,"PELT",0.777777777777778,0.875,0.823529411764706,9,0.0470606694831787
"updown",1.5,91,"SVP",0.875,0.875,0.875,8,0.0332212605256332
"updown",1.5,91,"SVP (BIC)",0.875,0.875,0.875,8,0.0332212605256332
"updown",1.5,92,"PELT",0.875,0.875,0.875,8,0.0149564720909712
"updown",1.5,92,"SVP",0.875,0.875,0.875,8,0.0149564720909712
"updown",1.5,92,"SVP (BIC)",0.875,0.875,0.875,8,0.0149564720909712
"updown",1.5,93,"PELT",0.875,0.875,0.875,8,0.0278548924439774
"updown",1.5,93,"SVP",0.875,0.875,0.875,8,0.0278548924439774
"updown",1.5,93,"SVP (BIC)",0.875,0.875,0.875,8,0.0278548924439774
"updown",1.5,94,"PELT",1,1,1,8,0.0242951005432365
"updown",1.5,94,"SVP",1,1,1,8,0.0242951005432365
"updown",1.5,94,"SVP (BIC)",1,1,1,8,0.0242951005432365
"updown",1.5,95,"PELT",0.625,0.625,0.625,8,0.0479022645024047
"updown",1.5,95,"SVP",0.625,0.625,0.625,8,0.0479022645024047
"updown",1.5,95,"SVP (BIC)",0.625,0.625,0.625,8,0.0479022645024047
"updown",1.5,96,"PELT",0.75,0.75,0.75,8,0.042195744152295
"updown",1.5,96,"SVP",0.75,0.75,0.75,8,0.042195744152295
"updown",1.5,96,"SVP (BIC)",0.75,0.75,0.75,8,0.042195744152295
"updown",1.5,97,"PELT",0.875,0.875,0.875,8,0.0289753998153293
"updown",1.5,97,"SVP",0.875,0.875,0.875,8,0.0289753998153293
"updown",1.5,97,"SVP (BIC)",0.875,0.875,0.875,8,0.0289753998153293
"updown",1.5,98,"PELT",0.75,0.75,0.75,8,0.0307144078750444
"updown",1.5,98,"SVP",0.75,0.75,0.75,8,0.0307144078750444
"updown",1.5,98,"SVP (BIC)",0.75,0.75,0.75,8,0.0307144078750444
"updown",1.5,99,"PELT",0.875,0.875,0.875,8,0.0154851831114415
"updown",1.5,99,"SVP",0.875,0.875,0.875,8,0.0154851831114415
"updown",1.5,99,"SVP (BIC)",0.875,0.875,0.875,8,0.0154851831114415
"updown",1.5,100,"PELT",0.875,0.875,0.875,8,0.0243041672946119
"updown",1.5,100,"SVP",0.875,0.875,0.875,8,0.0243041672946119
"updown",1.5,100,"SVP (BIC)",0.875,0.875,0.875,8,0.0243041672946119
"rand1",1.5,1,"PELT",1,0.75,0.857142857142857,6,0.021558677316044
"rand1",1.5,1,"SVP",1,0.625,0.769230769230769,5,0.0240491834892525
"rand1",1.5,1,"SVP (BIC)",1,0.625,0.769230769230769,5,0.0240491834892525
"rand1",1.5,2,"PELT",1,0.625,0.769230769230769,5,0.0382713735594088
"rand1",1.5,2,"SVP",1,0.625,0.769230769230769,5,0.0382713735594088
"rand1",1.5,2,"SVP (BIC)",1,0.625,0.769230769230769,5,0.0382713735594088
"rand1",1.5,3,"PELT",0.714285714285714,0.625,0.666666666666667,7,0.0218053033520302
"rand1",1.5,3,"SVP",1,0.625,0.769230769230769,5,0.0272336289321115
"rand1",1.5,3,"SVP (BIC)",1,0.625,0.769230769230769,5,0.0272336289321115
"rand1",1.5,4,"PELT",0.8,0.5,0.615384615384615,5,0.064837807924419
"rand1",1.5,4,"SVP",0.8,0.5,0.615384615384615,5,0.064837807924419
"rand1",1.5,4,"SVP (BIC)",0.8,0.5,0.615384615384615,5,0.064837807924419
"rand1",1.5,5,"PELT",1,0.75,0.857142857142857,6,0.0163733855022327
"rand1",1.5,5,"SVP",1,0.625,0.769230769230769,5,0.0299851985458348
"rand1",1.5,5,"SVP (BIC)",1,0.625,0.769230769230769,5,0.0299851985458348
"rand1",1.5,6,"PELT",1,0.625,0.769230769230769,5,0.0307053654531842
"rand1",1.5,6,"SVP",1,0.625,0.769230769230769,5,0.0307053654531842
"rand1",1.5,6,"SVP (BIC)",1,0.625,0.769230769230769,5,0.0307053654531842
"rand1",1.5,7,"PELT",1,0.625,0.769230769230769,5,0.0230908120100779
"rand1",1.5,7,"SVP",1,0.625,0.769230769230769,5,0.0230908120100779
"rand1",1.5,7,"SVP (BIC)",1,0.625,0.769230769230769,5,0.0230908120100779
"rand1",1.5,8,"PELT",0.714285714285714,0.625,0.666666666666667,7,0.0329558956265481
"rand1",1.5,8,"SVP",0.833333333333333,0.625,0.714285714285714,6,0.0311347899673407
"rand1",1.5,8,"SVP (BIC)",1,0.625,0.769230769230769,5,0.0304525331908499
"rand1",1.5,9,"PELT",0.833333333333333,0.625,0.714285714285714,6,0.0332902568963633
"rand1",1.5,9,"SVP",0.833333333333333,0.625,0.714285714285714,6,0.0332902568963633
"rand1",1.5,9,"SVP (BIC)",0.833333333333333,0.625,0.714285714285714,6,0.0332902568963633
"rand1",1.5,10,"PELT",0.714285714285714,0.625,0.666666666666667,7,0.0262150450192571
"rand1",1.5,10,"SVP",0.833333333333333,0.625,0.714285714285714,6,0.0265748990439179
"rand1",1.5,10,"SVP (BIC)",1,0.625,0.769230769230769,5,0.0326768788239505
"rand1",1.5,11,"PELT",1,0.625,0.769230769230769,5,0.0415074627522401
"rand1",1.5,11,"SVP",1,0.625,0.769230769230769,5,0.0415074627522401
"rand1",1.5,11,"SVP (BIC)",1,0.625,0.769230769230769,5,0.0415074627522401
"rand1",1.5,12,"PELT",1,0.75,0.857142857142857,6,0.0179036553744915
"rand1",1.5,12,"SVP",1,0.625,0.769230769230769,5,0.0311056306034808
"rand1",1.5,12,"SVP (BIC)",1,0.625,0.769230769230769,5,0.0311056306034808
"rand1",1.5,13,"PELT",1,0.625,0.769230769230769,5,0.0279200555474765
"rand1",1.5,13,"SVP",1,0.625,0.769230769230769,5,0.0279200555474765
"rand1",1.5,13,"SVP (BIC)",1,0.625,0.769230769230769,5,0.0279200555474765
"rand1",1.5,14,"PELT",0.714285714285714,0.625,0.666666666666667,7,0.0251442427376606
"rand1",1.5,14,"SVP",0.833333333333333,0.625,0.714285714285714,6,0.0370644400369111
"rand1",1.5,14,"SVP (BIC)",1,0.625,0.769230769230769,5,0.0331210860541039
"rand1",1.5,15,"PELT",0.8,0.5,0.615384615384615,5,0.0559650063964416
"rand1",1.5,15,"SVP",0.8,0.5,0.615384615384615,5,0.0559650063964416
"rand1",1.5,15,"SVP (BIC)",0.8,0.5,0.615384615384615,5,0.0559650063964416
"rand1",1.5,16,"PELT",0.714285714285714,0.625,0.666666666666667,7,0.0355093871495057
"rand1",1.5,16,"SVP",0.833333333333333,0.625,0.714285714285714,6,0.0191405174150564
"rand1",1.5,16,"SVP (BIC)",1,0.625,0.769230769230769,5,0.0302089850211465
"rand1",1.5,17,"PELT",0.833333333333333,0.625,0.714285714285714,6,0.0212929092788673
"rand1",1.5,17,"SVP",1,0.625,0.769230769230769,5,0.0336735698661749
"rand1",1.5,17,"SVP (BIC)",1,0.625,0.769230769230769,5,0.0336735698661749
"rand1",1.5,18,"PELT",0.833333333333333,0.625,0.714285714285714,6,0.0378666361676521
"rand1",1.5,18,"SVP",0.833333333333333,0.625,0.714285714285714,6,0.0378666361676521
"rand1",1.5,18,"SVP (BIC)",1,0.625,0.769230769230769,5,0.0451011355987404
"rand1",1.5,19,"PELT",0.833333333333333,0.625,0.714285714285714,6,0.0193522214358306
"rand1",1.5,19,"SVP",1,0.625,0.769230769230769,5,0.0311788757291013
"rand1",1.5,19,"SVP (BIC)",1,0.625,0.769230769230769,5,0.0311788757291013
"rand1",1.5,20,"PELT",0.833333333333333,0.625,0.714285714285714,6,0.0302900404442756
"rand1",1.5,20,"SVP",0.833333333333333,0.625,0.714285714285714,6,0.0302900404442756
"rand1",1.5,20,"SVP (BIC)",1,0.625,0.769230769230769,5,0.0291491310171212
"rand1",1.5,21,"PELT",1,0.625,0.769230769230769,5,0.034784813807371
"rand1",1.5,21,"SVP",1,0.625,0.769230769230769,5,0.034784813807371
"rand1",1.5,21,"SVP (BIC)",1,0.625,0.769230769230769,5,0.034784813807371
"rand1",1.5,22,"PELT",1,0.625,0.769230769230769,5,0.0383586004746697
"rand1",1.5,22,"SVP",0.833333333333333,0.625,0.714285714285714,6,0.0260732591279488
"rand1",1.5,22,"SVP (BIC)",1,0.625,0.769230769230769,5,0.0383586004746697
"rand1",1.5,23,"PELT",0.714285714285714,0.625,0.666666666666667,7,0.0489053944752903
"rand1",1.5,23,"SVP",0.714285714285714,0.625,0.666666666666667,7,0.0489053944752903
"rand1",1.5,23,"SVP (BIC)",1,0.625,0.769230769230769,5,0.0347870397015769
"rand1",1.5,24,"PELT",0.833333333333333,0.625,0.714285714285714,6,0.0139662210882231
"rand1",1.5,24,"SVP",1,0.625,0.769230769230769,5,0.0269316467245313
"rand1",1.5,24,"SVP (BIC)",1,0.625,0.769230769230769,5,0.0269316467245313
"rand1",1.5,25,"PELT",1,0.625,0.769230769230769,5,0.0331232899349247
"rand1",1.5,25,"SVP",1,0.625,0.769230769230769,5,0.0331232899349247
"rand1",1.5,25,"SVP (BIC)",1,0.625,0.769230769230769,5,0.0331232899349247
"rand1",1.5,26,"PELT",0.8,0.5,0.615384615384615,5,0.050012795364082
"rand1",1.5,26,"SVP",0.8,0.5,0.615384615384615,5,0.050012795364082
"rand1",1.5,26,"SVP (BIC)",0.8,0.5,0.615384615384615,5,0.050012795364082
"rand1",1.5,27,"PELT",1,0.625,0.769230769230769,5,0.0213659308590762
"rand1",1.5,27,"SVP",1,0.625,0.769230769230769,5,0.0213659308590762
"rand1",1.5,27,"SVP (BIC)",1,0.625,0.769230769230769,5,0.0213659308590762
"rand1",1.5,28,"PELT",1,0.625,0.769230769230769,5,0.0273364305659044
"rand1",1.5,28,"SVP",1,0.625,0.769230769230769,5,0.0273364305659044
"rand1",1.5,28,"SVP (BIC)",1,0.625,0.769230769230769,5,0.0273364305659044
"rand1",1.5,29,"PELT",1,0.625,0.769230769230769,5,0.023738197278437
"rand1",1.5,29,"SVP",1,0.625,0.769230769230769,5,0.023738197278437
"rand1",1.5,29,"SVP (BIC)",1,0.625,0.769230769230769,5,0.023738197278437
"rand1",1.5,30,"PELT",1,0.625,0.769230769230769,5,0.0248470616914643
"rand1",1.5,30,"SVP",1,0.625,0.769230769230769,5,0.0248470616914643
"rand1",1.5,30,"SVP (BIC)",1,0.625,0.769230769230769,5,0.0248470616914643
"rand1",1.5,31,"PELT",1,0.625,0.769230769230769,5,0.0291365828264496
"rand1",1.5,31,"SVP",1,0.625,0.769230769230769,5,0.0291365828264496
"rand1",1.5,31,"SVP (BIC)",1,0.625,0.769230769230769,5,0.0291365828264496
"rand1",1.5,32,"PELT",0.714285714285714,0.625,0.666666666666667,7,0.019689368408854
"rand1",1.5,32,"SVP",0.833333333333333,0.625,0.714285714285714,6,0.0350333163501995
"rand1",1.5,32,"SVP (BIC)",0.833333333333333,0.625,0.714285714285714,6,0.0350333163501995
"rand1",1.5,33,"PELT",1,0.625,0.769230769230769,5,0.0407621003678371
"rand1",1.5,33,"SVP",1,0.625,0.769230769230769,5,0.0407621003678371
"rand1",1.5,33,"SVP (BIC)",1,0.625,0.769230769230769,5,0.0407621003678371
"rand1",1.5,34,"PELT",0.666666666666667,0.5,0.571428571428572,6,0.0252284700512294
"rand1",1.5,34,"SVP",0.666666666666667,0.5,0.571428571428572,6,0.0252284700512294
"rand1",1.5,34,"SVP (BIC)",0.8,0.5,0.615384615384615,5,0.0343534221992309
"rand1",1.5,35,"PELT",0.833333333333333,0.625,0.714285714285714,6,0.0225187597740185
"rand1",1.5,35,"SVP",1,0.625,0.769230769230769,5,0.0378314407354923
"rand1",1.5,35,"SVP (BIC)",1,0.625,0.769230769230769,5,0.0378314407354923
"rand1",1.5,36,"PELT",0.714285714285714,0.625,0.666666666666667,7,0.0130368004615189
"rand1",1.5,36,"SVP",1,0.625,0.769230769230769,5,0.0298923250070919
"rand1",1.5,36,"SVP (BIC)",1,0.625,0.769230769230769,5,0.0298923250070919
"rand1",1.5,37,"PELT",0.714285714285714,0.625,0.666666666666667,7,0.0177080043991996
"rand1",1.5,37,"SVP",0.833333333333333,0.625,0.714285714285714,6,0.0297173806511811
"rand1",1.5,37,"SVP (BIC)",1,0.625,0.769230769230769,5,0.0267908501998772
"rand1",1.5,38,"PELT",1,0.625,0.769230769230769,5,0.0223504201336363
"rand1",1.5,38,"SVP",1,0.625,0.769230769230769,5,0.0223504201336363
"rand1",1.5,38,"SVP (BIC)",1,0.625,0.769230769230769,5,0.0223504201336363
"rand1",1.5,39,"PELT",0.833333333333333,0.625,0.714285714285714,6,0.028174357229013
"rand1",1.5,39,"SVP",0.833333333333333,0.625,0.714285714285714,6,0.028174357229013
"rand1",1.5,39,"SVP (BIC)",0.833333333333333,0.625,0.714285714285714,6,0.028174357229013
"rand1",1.5,40,"PELT",0.714285714285714,0.625,0.666666666666667,7,0.0199576884997987
"rand1",1.5,40,"SVP",0.833333333333333,0.625,0.714285714285714,6,0.0383487354623506
"rand1",1.5,40,"SVP (BIC)",1,0.625,0.769230769230769,5,0.034713299700111
"rand1",1.5,41,"PELT",1,0.625,0.769230769230769,5,0.0331146147048825
"rand1",1.5,41,"SVP",0.833333333333333,0.625,0.714285714285714,6,0.0367379952529492
"rand1",1.5,41,"SVP (BIC)",1,0.625,0.769230769230769,5,0.0331146147048825
"rand1",1.5,42,"PELT",1,0.625,0.769230769230769,5,0.0234782115534254
"rand1",1.5,42,"SVP",1,0.625,0.769230769230769,5,0.0234782115534254
"rand1",1.5,42,"SVP (BIC)",1,0.625,0.769230769230769,5,0.0234782115534254
"rand1",1.5,43,"PELT",0.8,0.5,0.615384615384615,5,0.0491442454107027
"rand1",1.5,43,"SVP",0.8,0.5,0.615384615384615,5,0.0491442454107027
"rand1",1.5,43,"SVP (BIC)",0.8,0.5,0.615384615384615,5,0.0491442454107027
"rand1",1.5,44,"PELT",0.833333333333333,0.625,0.714285714285714,6,0.0236700665905927
"rand1",1.5,44,"SVP",1,0.625,0.769230769230769,5,0.0337069356307868
"rand1",1.5,44,"SVP (BIC)",1,0.625,0.769230769230769,5,0.0286675360234294
"rand1",1.5,45,"PELT",1,0.625,0.769230769230769,5,0.024603770473847
"rand1",1.5,45,"SVP",0.833333333333333,0.625,0.714285714285714,6,0.028802195246498
"rand1",1.5,45,"SVP (BIC)",1,0.625,0.769230769230769,5,0.024603770473847
"rand1",1.5,46,"PELT",0.833333333333333,0.625,0.714285714285714,6,0.0227226695077358
"rand1",1.5,46,"SVP",1,0.625,0.769230769230769,5,0.0322151361878878
"rand1",1.5,46,"SVP (BIC)",1,0.625,0.769230769230769,5,0.0322151361878878
"rand1",1.5,47,"PELT",0.833333333333333,0.625,0.714285714285714,6,0.0130651769076155
"rand1",1.5,47,"SVP",0.833333333333333,0.625,0.714285714285714,6,0.0130651769076155
"rand1",1.5,47,"SVP (BIC)",1,0.625,0.769230769230769,5,0.0254484536599732
"rand1",1.5,48,"PELT",0.833333333333333,0.625,0.714285714285714,6,0.039341041247968
"rand1",1.5,48,"SVP",0.833333333333333,0.625,0.714285714285714,6,0.039341041247968
"rand1",1.5,48,"SVP (BIC)",0.8,0.5,0.615384615384615,5,0.0498333311723757
"rand1",1.5,49,"PELT",0.833333333333333,0.625,0.714285714285714,6,0.0300262856009357
"rand1",1.5,49,"SVP",0.833333333333333,0.625,0.714285714285714,6,0.0300262856009357
"rand1",1.5,49,"SVP (BIC)",0.8,0.5,0.615384615384615,5,0.0419470742158587
"rand1",1.5,50,"PELT",1,0.625,0.769230769230769,5,0.0345943214830425
"rand1",1.5,50,"SVP",1,0.625,0.769230769230769,5,0.0345943214830425
"rand1",1.5,50,"SVP (BIC)",1,0.625,0.769230769230769,5,0.0345943214830425
"rand1",1.5,51,"PELT",1,0.625,0.769230769230769,5,0.0406975220228597
"rand1",1.5,51,"SVP",1,0.625,0.769230769230769,5,0.0406975220228597
"rand1",1.5,51,"SVP (BIC)",1,0.625,0.769230769230769,5,0.0406975220228597
"rand1",1.5,52,"PELT",0.857142857142857,0.75,0.8,7,0.017403269325406
"rand1",1.5,52,"SVP",1,0.625,0.769230769230769,5,0.0327114519333908
"rand1",1.5,52,"SVP (BIC)",1,0.625,0.769230769230769,5,0.0327114519333908
"rand1",1.5,53,"PELT",0.833333333333333,0.625,0.714285714285714,6,0.0236678677408307
"rand1",1.5,53,"SVP",0.833333333333333,0.625,0.714285714285714,6,0.0236678677408307
"rand1",1.5,53,"SVP (BIC)",0.833333333333333,0.625,0.714285714285714,6,0.0236678677408307
"rand1",1.5,54,"PELT",0.833333333333333,0.625,0.714285714285714,6,0.032752568792276
"rand1",1.5,54,"SVP",1,0.625,0.769230769230769,5,0.0290952463571345
"rand1",1.5,54,"SVP (BIC)",1,0.625,0.769230769230769,5,0.0290952463571345
"rand1",1.5,55,"PELT",0.833333333333333,0.625,0.714285714285714,6,0.0202373381327402
"rand1",1.5,55,"SVP",0.833333333333333,0.625,0.714285714285714,6,0.0202373381327402
"rand1",1.5,55,"SVP (BIC)",1,0.625,0.769230769230769,5,0.03032711064573
"rand1",1.5,56,"PELT",0.833333333333333,0.625,0.714285714285714,6,0.0128319747626598
"rand1",1.5,56,"SVP",0.833333333333333,0.625,0.714285714285714,6,0.0128319747626598
"rand1",1.5,56,"SVP (BIC)",1,0.625,0.769230769230769,5,0.0228731850509523
"rand1",1.5,57,"PELT",0.571428571428571,0.5,0.533333333333333,7,0.0479358887317425
"rand1",1.5,57,"SVP",0.666666666666667,0.5,0.571428571428572,6,0.0445532422801643
"rand1",1.5,57,"SVP (BIC)",0.8,0.5,0.615384615384615,5,0.0519394632400001
"rand1",1.5,58,"PELT",1,0.75,0.857142857142857,6,0.0210599323885407
"rand1",1.5,58,"SVP",1,0.75,0.857142857142857,6,0.0210599323885407
"rand1",1.5,58,"SVP (BIC)",1,0.75,0.857142857142857,6,0.0210599323885407
"rand1",1.5,59,"PELT",1,0.625,0.769230769230769,5,0.0316822409820796
"rand1",1.5,59,"SVP",1,0.625,0.769230769230769,5,0.0316822409820796
"rand1",1.5,59,"SVP (BIC)",1,0.625,0.769230769230769,5,0.0316822409820796
"rand1",1.5,60,"PELT",0.833333333333333,0.625,0.714285714285714,6,0.0327093661115438
"rand1",1.5,60,"SVP",1,0.625,0.769230769230769,5,0.035794514312199
"rand1",1.5,60,"SVP (BIC)",1,0.625,0.769230769230769,5,0.035794514312199
"rand1",1.5,61,"PELT",0.833333333333333,0.625,0.714285714285714,6,0.0231180301488532
"rand1",1.5,61,"SVP",0.833333333333333,0.625,0.714285714285714,6,0.0231180301488532
"rand1",1.5,61,"SVP (BIC)",0.8,0.5,0.615384615384615,5,0.0550398363550892
"rand1",1.5,62,"PELT",0.714285714285714,0.625,0.666666666666667,7,0.0452732986951824
"rand1",1.5,62,"SVP",0.833333333333333,0.625,0.714285714285714,6,0.0273662351950653
"rand1",1.5,62,"SVP (BIC)",0.833333333333333,0.625,0.714285714285714,6,0.0273662351950653
"rand1",1.5,63,"PELT",0.714285714285714,0.625,0.666666666666667,7,0.0270552771235527
"rand1",1.5,63,"SVP",0.833333333333333,0.625,0.714285714285714,6,0.032386955582924
"rand1",1.5,63,"SVP (BIC)",0.833333333333333,0.625,0.714285714285714,6,0.0406485393996596
"rand1",1.5,64,"PELT",0.833333333333333,0.625,0.714285714285714,6,0.0179196579681332
"rand1",1.5,64,"SVP",1,0.625,0.769230769230769,5,0.0308637562490201
"rand1",1.5,64,"SVP (BIC)",1,0.625,0.769230769230769,5,0.0308637562490201
"rand1",1.5,65,"PELT",1,0.75,0.857142857142857,6,0.0236177146304034
"rand1",1.5,65,"SVP",1,0.75,0.857142857142857,6,0.0236177146304034
"rand1",1.5,65,"SVP (BIC)",1,0.75,0.857142857142857,6,0.0236177146304034
"rand1",1.5,66,"PELT",0.8,0.5,0.615384615384615,5,0.042948138005253
"rand1",1.5,66,"SVP",0.8,0.5,0.615384615384615,5,0.042948138005253
"rand1",1.5,66,"SVP (BIC)",0.8,0.5,0.615384615384615,5,0.042948138005253
"rand1",1.5,67,"PELT",1,0.625,0.769230769230769,5,0.0246807945987503
"rand1",1.5,67,"SVP",1,0.625,0.769230769230769,5,0.0246807945987503
"rand1",1.5,67,"SVP (BIC)",1,0.625,0.769230769230769,5,0.0246807945987503
"rand1",1.5,68,"PELT",1,0.625,0.769230769230769,5,0.0226365314601542
"rand1",1.5,68,"SVP",1,0.625,0.769230769230769,5,0.0226365314601542
"rand1",1.5,68,"SVP (BIC)",1,0.625,0.769230769230769,5,0.0226365314601542
"rand1",1.5,69,"PELT",0.714285714285714,0.625,0.666666666666667,7,0.0289943897315688
"rand1",1.5,69,"SVP",1,0.75,0.857142857142857,6,0.0365174381197661
"rand1",1.5,69,"SVP (BIC)",1,0.625,0.769230769230769,5,0.0355471442805541
"rand1",1.5,70,"PELT",0.833333333333333,0.625,0.714285714285714,6,0.0186938314056283
"rand1",1.5,70,"SVP",0.714285714285714,0.625,0.666666666666667,7,0.016170046127132
"rand1",1.5,70,"SVP (BIC)",0.833333333333333,0.625,0.714285714285714,6,0.0186938314056283
"rand1",1.5,71,"PELT",1,0.625,0.769230769230769,5,0.026030906122685
"rand1",1.5,71,"SVP",1,0.625,0.769230769230769,5,0.026030906122685
"rand1",1.5,71,"SVP (BIC)",1,0.625,0.769230769230769,5,0.026030906122685
"rand1",1.5,72,"PELT",0.8,0.5,0.615384615384615,5,0.0380322861002391
"rand1",1.5,72,"SVP",0.8,0.5,0.615384615384615,5,0.0380322861002391
"rand1",1.5,72,"SVP (BIC)",0.8,0.5,0.615384615384615,5,0.0380322861002391
"rand1",1.5,73,"PELT",0.833333333333333,0.625,0.714285714285714,6,0.0220285567075066
"rand1",1.5,73,"SVP",0.833333333333333,0.625,0.714285714285714,6,0.029107736692149
"rand1",1.5,73,"SVP (BIC)",1,0.625,0.769230769230769,5,0.031191087902611
"rand1",1.5,74,"PELT",0.8,0.5,0.615384615384615,5,0.0528436718300637
"rand1",1.5,74,"SVP",0.666666666666667,0.5,0.571428571428572,6,0.0554437200642153
"rand1",1.5,74,"SVP (BIC)",0.8,0.5,0.615384615384615,5,0.0528436718300637
"rand1",1.5,75,"PELT",0.857142857142857,0.75,0.8,7,0.0198430546360763
"rand1",1.5,75,"SVP",1,0.75,0.857142857142857,6,0.0178873755847642
"rand1",1.5,75,"SVP (BIC)",1,0.625,0.769230769230769,5,0.0304717548002016
"rand1",1.5,76,"PELT",0.833333333333333,0.625,0.714285714285714,6,0.0108411121991569
"rand1",1.5,76,"SVP",1,0.625,0.769230769230769,5,0.0239651817250438
"rand1",1.5,76,"SVP (BIC)",1,0.625,0.769230769230769,5,0.0239651817250438
"rand1",1.5,77,"PELT",0.857142857142857,0.75,0.8,7,0.0326690894706785
"rand1",1.5,77,"SVP",0.857142857142857,0.75,0.8,7,0.0326690894706785
"rand1",1.5,77,"SVP (BIC)",0.833333333333333,0.625,0.714285714285714,6,0.0425121762713482
"rand1",1.5,78,"PELT",0.666666666666667,0.5,0.571428571428572,6,0.0347771751170455
"rand1",1.5,78,"SVP",0.666666666666667,0.5,0.571428571428572,6,0.0347771751170455
"rand1",1.5,78,"SVP (BIC)",0.8,0.5,0.615384615384615,5,0.0399374300427261
"rand1",1.5,79,"PELT",0.833333333333333,0.625,0.714285714285714,6,0.031011636963676
"rand1",1.5,79,"SVP",1,0.625,0.769230769230769,5,0.040939146837518
"rand1",1.5,79,"SVP (BIC)",1,0.625,0.769230769230769,5,0.040939146837518
"rand1",1.5,80,"PELT",1,0.625,0.769230769230769,5,0.0306507047899635
"rand1",1.5,80,"SVP",1,0.625,0.769230769230769,5,0.0306507047899635
"rand1",1.5,80,"SVP (BIC)",1,0.625,0.769230769230769,5,0.0306507047899635
"rand1",1.5,81,"PELT",1,0.75,0.857142857142857,6,0.0186827199046885
"rand1",1.5,81,"SVP",1,0.75,0.857142857142857,6,0.0186827199046885
"rand1",1.5,81,"SVP (BIC)",1,0.75,0.857142857142857,6,0.0186827199046885
"rand1",1.5,82,"PELT",1,0.75,0.857142857142857,6,0.0221859654185334
"rand1",1.5,82,"SVP",1,0.75,0.857142857142857,6,0.0221859654185334
"rand1",1.5,82,"SVP (BIC)",1,0.625,0.769230769230769,5,0.0350251274420803
"rand1",1.5,83,"PELT",1,0.625,0.769230769230769,5,0.0312747326839751
"rand1",1.5,83,"SVP",1,0.625,0.769230769230769,5,0.0312747326839751
"rand1",1.5,83,"SVP (BIC)",1,0.625,0.769230769230769,5,0.0312747326839751
"rand1",1.5,84,"PELT",0.833333333333333,0.625,0.714285714285714,6,0.0230166574597974
"rand1",1.5,84,"SVP",0.833333333333333,0.625,0.714285714285714,6,0.0230166574597974
"rand1",1.5,84,"SVP (BIC)",1,0.625,0.769230769230769,5,0.0270516744742789
"rand1",1.5,85,"PELT",1,0.625,0.769230769230769,5,0.0302001057628322
"rand1",1.5,85,"SVP",1,0.625,0.769230769230769,5,0.0302001057628322
"rand1",1.5,85,"SVP (BIC)",1,0.625,0.769230769230769,5,0.0302001057628322
"rand1",1.5,86,"PELT",0.666666666666667,0.5,0.571428571428572,6,0.0410817818792304
"rand1",1.5,86,"SVP",0.666666666666667,0.5,0.571428571428572,6,0.0410817818792304
"rand1",1.5,86,"SVP (BIC)",0.666666666666667,0.5,0.571428571428572,6,0.0410817818792304
"rand1",1.5,87,"PELT",1,0.625,0.769230769230769,5,0.025842116329615
"rand1",1.5,87,"SVP",1,0.625,0.769230769230769,5,0.025842116329615
"rand1",1.5,87,"SVP (BIC)",1,0.625,0.769230769230769,5,0.025842116329615
"rand1",1.5,88,"PELT",0.833333333333333,0.625,0.714285714285714,6,0.0208317753031259
"rand1",1.5,88,"SVP",1,0.625,0.769230769230769,5,0.0335904618072772
"rand1",1.5,88,"SVP (BIC)",1,0.625,0.769230769230769,5,0.0335904618072772
"rand1",1.5,89,"PELT",0.833333333333333,0.625,0.714285714285714,6,0.0311611507125399
"rand1",1.5,89,"SVP",1,0.625,0.769230769230769,5,0.0431933827981689
"rand1",1.5,89,"SVP (BIC)",1,0.625,0.769230769230769,5,0.0431933827981689
"rand1",1.5,90,"PELT",0.8,0.5,0.615384615384615,5,0.0491594713822692
"rand1",1.5,90,"SVP",0.8,0.5,0.615384615384615,5,0.0491594713822692
"rand1",1.5,90,"SVP (BIC)",0.8,0.5,0.615384615384615,5,0.0491594713822692
"rand1",1.5,91,"PELT",1,0.625,0.769230769230769,5,0.0372565937322691
"rand1",1.5,91,"SVP",1,0.625,0.769230769230769,5,0.0372565937322691
"rand1",1.5,91,"SVP (BIC)",1,0.625,0.769230769230769,5,0.0372565937322691
"rand1",1.5,92,"PELT",0.833333333333333,0.625,0.714285714285714,6,0.022928857968485
"rand1",1.5,92,"SVP",0.833333333333333,0.625,0.714285714285714,6,0.022928857968485
"rand1",1.5,92,"SVP (BIC)",0.833333333333333,0.625,0.714285714285714,6,0.022928857968485
"rand1",1.5,93,"PELT",0.833333333333333,0.625,0.714285714285714,6,0.0350564031765158
"rand1",1.5,93,"SVP",1,0.625,0.769230769230769,5,0.0437595007051402
"rand1",1.5,93,"SVP (BIC)",1,0.625,0.769230769230769,5,0.0437595007051402
"rand1",1.5,94,"PELT",0.714285714285714,0.625,0.666666666666667,7,0.0235454803987347
"rand1",1.5,94,"SVP",0.833333333333333,0.625,0.714285714285714,6,0.0343174480890815
"rand1",1.5,94,"SVP (BIC)",1,0.625,0.769230769230769,5,0.0304629636553694
"rand1",1.5,95,"PELT",0.714285714285714,0.625,0.666666666666667,7,0.026966812755886
"rand1",1.5,95,"SVP",0.8,0.5,0.615384615384615,5,0.0415987104025991
"rand1",1.5,95,"SVP (BIC)",0.8,0.5,0.615384615384615,5,0.0415987104025991
"rand1",1.5,96,"PELT",0.833333333333333,0.625,0.714285714285714,6,0.0208116317285561
"rand1",1.5,96,"SVP",0.833333333333333,0.625,0.714285714285714,6,0.0208116317285561
"rand1",1.5,96,"SVP (BIC)",1,0.625,0.769230769230769,5,0.0329139554366656
"rand1",1.5,97,"PELT",1,0.75,0.857142857142857,6,0.0223496023660254
"rand1",1.5,97,"SVP",1,0.75,0.857142857142857,6,0.0223496023660254
"rand1",1.5,97,"SVP (BIC)",1,0.75,0.857142857142857,6,0.0223496023660254
"rand1",1.5,98,"PELT",1,0.625,0.769230769230769,5,0.0379456990468867
"rand1",1.5,98,"SVP",1,0.625,0.769230769230769,5,0.0379456990468867
"rand1",1.5,98,"SVP (BIC)",1,0.625,0.769230769230769,5,0.0379456990468867
"rand1",1.5,99,"PELT",0.444444444444444,0.5,0.470588235294118,9,0.0660544892779721
"rand1",1.5,99,"SVP",0.8,0.5,0.615384615384615,5,0.0392250066090024
"rand1",1.5,99,"SVP (BIC)",0.8,0.5,0.615384615384615,5,0.0392250066090024
"rand1",1.5,100,"PELT",1,0.625,0.769230769230769,5,0.0266765917051351
"rand1",1.5,100,"SVP",1,0.625,0.769230769230769,5,0.0266765917051351
"rand1",1.5,100,"SVP (BIC)",1,0.625,0.769230769230769,5,0.0266765917051351
"none",1.6,1,"PELT",1,1,1,1,3.72030487170793e-05
"none",1.6,1,"SVP",1,1,1,1,3.72030487170793e-05
"none",1.6,1,"SVP (BIC)",1,1,1,1,3.72030487170793e-05
"none",1.6,2,"PELT",1,1,1,1,6.55435906265513e-05
"none",1.6,2,"SVP",1,1,1,1,6.55435906265513e-05
"none",1.6,2,"SVP (BIC)",1,1,1,1,6.55435906265513e-05
"none",1.6,3,"PELT",1,1,1,1,0.000639784328917307
"none",1.6,3,"SVP",1,1,1,1,0.000639784328917307
"none",1.6,3,"SVP (BIC)",1,1,1,1,0.000639784328917307
"none",1.6,4,"PELT",1,1,1,1,0.00211480063891121
"none",1.6,4,"SVP",1,1,1,1,0.00211480063891121
"none",1.6,4,"SVP (BIC)",1,1,1,1,0.00211480063891121
"none",1.6,5,"PELT",1,1,1,1,0.00183135958713099
"none",1.6,5,"SVP",1,1,1,1,0.00183135958713099
"none",1.6,5,"SVP (BIC)",1,1,1,1,0.00183135958713099
"none",1.6,6,"PELT",1,1,1,1,0.00268668566744273
"none",1.6,6,"SVP",1,1,1,1,0.00268668566744273
"none",1.6,6,"SVP (BIC)",1,1,1,1,0.00268668566744273
"none",1.6,7,"PELT",1,1,1,1,0.000569932485365816
"none",1.6,7,"SVP",1,1,1,1,0.000569932485365816
"none",1.6,7,"SVP (BIC)",1,1,1,1,0.000569932485365816
"none",1.6,8,"PELT",1,1,1,1,0.000218622924360863
"none",1.6,8,"SVP",1,1,1,1,0.000218622924360863
"none",1.6,8,"SVP (BIC)",1,1,1,1,0.000218622924360863
"none",1.6,9,"PELT",1,1,1,1,7.16782873081995e-05
"none",1.6,9,"SVP",1,1,1,1,7.16782873081995e-05
"none",1.6,9,"SVP (BIC)",1,1,1,1,7.16782873081995e-05
"none",1.6,10,"PELT",1,1,1,1,0.000917600355528562
"none",1.6,10,"SVP",1,1,1,1,0.000917600355528562
"none",1.6,10,"SVP (BIC)",1,1,1,1,0.000917600355528562
"none",1.6,11,"PELT",1,1,1,1,5.06469462086898e-05
"none",1.6,11,"SVP",1,1,1,1,5.06469462086898e-05
"none",1.6,11,"SVP (BIC)",1,1,1,1,5.06469462086898e-05
"none",1.6,12,"PELT",1,1,1,1,0.00237522237002009
"none",1.6,12,"SVP",1,1,1,1,0.00237522237002009
"none",1.6,12,"SVP (BIC)",1,1,1,1,0.00237522237002009
"none",1.6,13,"PELT",0.5,1,0.666666666666667,2,0.016731621537805
"none",1.6,13,"SVP",1,1,1,1,0.00154649151150858
"none",1.6,13,"SVP (BIC)",1,1,1,1,0.00154649151150858
"none",1.6,14,"PELT",1,1,1,1,0.000187765895363931
"none",1.6,14,"SVP",1,1,1,1,0.000187765895363931
"none",1.6,14,"SVP (BIC)",1,1,1,1,0.000187765895363931
"none",1.6,15,"PELT",1,1,1,1,6.16556229857846e-05
"none",1.6,15,"SVP",1,1,1,1,6.16556229857846e-05
"none",1.6,15,"SVP (BIC)",1,1,1,1,6.16556229857846e-05
"none",1.6,16,"PELT",1,1,1,1,0.000303546856201085
"none",1.6,16,"SVP",1,1,1,1,0.000303546856201085
"none",1.6,16,"SVP (BIC)",1,1,1,1,0.000303546856201085
"none",1.6,17,"PELT",1,1,1,1,0.000323784603678716
"none",1.6,17,"SVP",1,1,1,1,0.000323784603678716
"none",1.6,17,"SVP (BIC)",1,1,1,1,0.000323784603678716
"none",1.6,18,"PELT",1,1,1,1,0.0024394323884215
"none",1.6,18,"SVP",1,1,1,1,0.0024394323884215
"none",1.6,18,"SVP (BIC)",1,1,1,1,0.0024394323884215
"none",1.6,19,"PELT",1,1,1,1,0.000643165998420338
"none",1.6,19,"SVP",1,1,1,1,0.000643165998420338
"none",1.6,19,"SVP (BIC)",1,1,1,1,0.000643165998420338
"none",1.6,20,"PELT",1,1,1,1,0.000432931916058725
"none",1.6,20,"SVP",1,1,1,1,0.000432931916058725
"none",1.6,20,"SVP (BIC)",1,1,1,1,0.000432931916058725
"none",1.6,21,"PELT",1,1,1,1,0.00116315276230957
"none",1.6,21,"SVP",1,1,1,1,0.00116315276230957
"none",1.6,21,"SVP (BIC)",1,1,1,1,0.00116315276230957
"none",1.6,22,"PELT",1,1,1,1,3.04766507728641e-05
"none",1.6,22,"SVP",1,1,1,1,3.04766507728641e-05
"none",1.6,22,"SVP (BIC)",1,1,1,1,3.04766507728641e-05
"none",1.6,23,"PELT",1,1,1,1,0.00288184872162658
"none",1.6,23,"SVP",1,1,1,1,0.00288184872162658
"none",1.6,23,"SVP (BIC)",1,1,1,1,0.00288184872162658
"none",1.6,24,"PELT",1,1,1,1,0.00166899501776758
"none",1.6,24,"SVP",1,1,1,1,0.00166899501776758
"none",1.6,24,"SVP (BIC)",1,1,1,1,0.00166899501776758
"none",1.6,25,"PELT",1,1,1,1,0.002133639711797
"none",1.6,25,"SVP",1,1,1,1,0.002133639711797
"none",1.6,25,"SVP (BIC)",1,1,1,1,0.002133639711797
"none",1.6,26,"PELT",1,1,1,1,1.69481007691159e-05
"none",1.6,26,"SVP",1,1,1,1,1.69481007691159e-05
"none",1.6,26,"SVP (BIC)",1,1,1,1,1.69481007691159e-05
"none",1.6,27,"PELT",1,1,1,1,0.00111541024444664
"none",1.6,27,"SVP",1,1,1,1,0.00111541024444664
"none",1.6,27,"SVP (BIC)",1,1,1,1,0.00111541024444664
"none",1.6,28,"PELT",1,1,1,1,0.000349736411320978
"none",1.6,28,"SVP",1,1,1,1,0.000349736411320978
"none",1.6,28,"SVP (BIC)",1,1,1,1,0.000349736411320978
"none",1.6,29,"PELT",1,1,1,1,0.000129357979270271
"none",1.6,29,"SVP",1,1,1,1,0.000129357979270271
"none",1.6,29,"SVP (BIC)",1,1,1,1,0.000129357979270271
"none",1.6,30,"PELT",1,1,1,1,0.00215729137356529
"none",1.6,30,"SVP",1,1,1,1,0.00215729137356529
"none",1.6,30,"SVP (BIC)",1,1,1,1,0.00215729137356529
"none",1.6,31,"PELT",1,1,1,1,0.00484896734842857
"none",1.6,31,"SVP",1,1,1,1,0.00484896734842857
"none",1.6,31,"SVP (BIC)",1,1,1,1,0.00484896734842857
"none",1.6,32,"PELT",1,1,1,1,2.53317513339524e-05
"none",1.6,32,"SVP",1,1,1,1,2.53317513339524e-05
"none",1.6,32,"SVP (BIC)",1,1,1,1,2.53317513339524e-05
"none",1.6,33,"PELT",1,1,1,1,0.000796269806980011
"none",1.6,33,"SVP",1,1,1,1,0.000796269806980011
"none",1.6,33,"SVP (BIC)",1,1,1,1,0.000796269806980011
"none",1.6,34,"PELT",1,1,1,1,0.000341413720020513
"none",1.6,34,"SVP",1,1,1,1,0.000341413720020513
"none",1.6,34,"SVP (BIC)",1,1,1,1,0.000341413720020513
"none",1.6,35,"PELT",1,1,1,1,0.000325955006955586
"none",1.6,35,"SVP",1,1,1,1,0.000325955006955586
"none",1.6,35,"SVP (BIC)",1,1,1,1,0.000325955006955586
"none",1.6,36,"PELT",1,1,1,1,5.72591900374967e-05
"none",1.6,36,"SVP",1,1,1,1,5.72591900374967e-05
"none",1.6,36,"SVP (BIC)",1,1,1,1,5.72591900374967e-05
"none",1.6,37,"PELT",1,1,1,1,0.000678380825419743
"none",1.6,37,"SVP",1,1,1,1,0.000678380825419743
"none",1.6,37,"SVP (BIC)",1,1,1,1,0.000678380825419743
"none",1.6,38,"PELT",0.5,1,0.666666666666667,2,0.0203554903359427
"none",1.6,38,"SVP",1,1,1,1,0.00487480229062312
"none",1.6,38,"SVP (BIC)",1,1,1,1,0.00487480229062312
"none",1.6,39,"PELT",1,1,1,1,0.000330516155490682
"none",1.6,39,"SVP",1,1,1,1,0.000330516155490682
"none",1.6,39,"SVP (BIC)",1,1,1,1,0.000330516155490682
"none",1.6,40,"PELT",1,1,1,1,0.00188551040148765
"none",1.6,40,"SVP",1,1,1,1,0.00188551040148765
"none",1.6,40,"SVP (BIC)",1,1,1,1,0.00188551040148765
"none",1.6,41,"PELT",1,1,1,1,0.0013681931806319
"none",1.6,41,"SVP",1,1,1,1,0.0013681931806319
"none",1.6,41,"SVP (BIC)",1,1,1,1,0.0013681931806319
"none",1.6,42,"PELT",1,1,1,1,0.000260418731412114
"none",1.6,42,"SVP",1,1,1,1,0.000260418731412114
"none",1.6,42,"SVP (BIC)",1,1,1,1,0.000260418731412114
"none",1.6,43,"PELT",1,1,1,1,0.00206838915524816
"none",1.6,43,"SVP",0.5,1,0.666666666666667,2,0.00859090055175732
"none",1.6,43,"SVP (BIC)",1,1,1,1,0.00206838915524816
"none",1.6,44,"PELT",1,1,1,1,4.81851874540864e-05
"none",1.6,44,"SVP",1,1,1,1,4.81851874540864e-05
"none",1.6,44,"SVP (BIC)",1,1,1,1,4.81851874540864e-05
"none",1.6,45,"PELT",1,1,1,1,6.53598445392167e-05
"none",1.6,45,"SVP",1,1,1,1,6.53598445392167e-05
"none",1.6,45,"SVP (BIC)",1,1,1,1,6.53598445392167e-05
"none",1.6,46,"PELT",1,1,1,1,0.00298595053678193
"none",1.6,46,"SVP",1,1,1,1,0.00298595053678193
"none",1.6,46,"SVP (BIC)",1,1,1,1,0.00298595053678193
"none",1.6,47,"PELT",1,1,1,1,0.00102555436694939
"none",1.6,47,"SVP",1,1,1,1,0.00102555436694939
"none",1.6,47,"SVP (BIC)",1,1,1,1,0.00102555436694939
"none",1.6,48,"PELT",1,1,1,1,0.000542437696573061
"none",1.6,48,"SVP",1,1,1,1,0.000542437696573061
"none",1.6,48,"SVP (BIC)",1,1,1,1,0.000542437696573061
"none",1.6,49,"PELT",1,1,1,1,0.00112701314955955
"none",1.6,49,"SVP",1,1,1,1,0.00112701314955955
"none",1.6,49,"SVP (BIC)",1,1,1,1,0.00112701314955955
"none",1.6,50,"PELT",1,1,1,1,0.000110932697930902
"none",1.6,50,"SVP",1,1,1,1,0.000110932697930902
"none",1.6,50,"SVP (BIC)",1,1,1,1,0.000110932697930902
"none",1.6,51,"PELT",1,1,1,1,0.000153163390322284
"none",1.6,51,"SVP",1,1,1,1,0.000153163390322284
"none",1.6,51,"SVP (BIC)",1,1,1,1,0.000153163390322284
"none",1.6,52,"PELT",1,1,1,1,0.000303442683690283
"none",1.6,52,"SVP",1,1,1,1,0.000303442683690283
"none",1.6,52,"SVP (BIC)",1,1,1,1,0.000303442683690283
"none",1.6,53,"PELT",1,1,1,1,0.000579778487161873
"none",1.6,53,"SVP",1,1,1,1,0.000579778487161873
"none",1.6,53,"SVP (BIC)",1,1,1,1,0.000579778487161873
"none",1.6,54,"PELT",1,1,1,1,0.00154356702723407
"none",1.6,54,"SVP",1,1,1,1,0.00154356702723407
"none",1.6,54,"SVP (BIC)",1,1,1,1,0.00154356702723407
"none",1.6,55,"PELT",1,1,1,1,0.00259260497694685
"none",1.6,55,"SVP",1,1,1,1,0.00259260497694685
"none",1.6,55,"SVP (BIC)",1,1,1,1,0.00259260497694685
"none",1.6,56,"PELT",1,1,1,1,1.09161600131016e-06
"none",1.6,56,"SVP",1,1,1,1,1.09161600131016e-06
"none",1.6,56,"SVP (BIC)",1,1,1,1,1.09161600131016e-06
"none",1.6,57,"PELT",1,1,1,1,0.000546523851718407
"none",1.6,57,"SVP",1,1,1,1,0.000546523851718407
"none",1.6,57,"SVP (BIC)",1,1,1,1,0.000546523851718407
"none",1.6,58,"PELT",1,1,1,1,0.00155027486294957
"none",1.6,58,"SVP",1,1,1,1,0.00155027486294957
"none",1.6,58,"SVP (BIC)",1,1,1,1,0.00155027486294957
"none",1.6,59,"PELT",1,1,1,1,0.00129888157941513
"none",1.6,59,"SVP",1,1,1,1,0.00129888157941513
"none",1.6,59,"SVP (BIC)",1,1,1,1,0.00129888157941513
"none",1.6,60,"PELT",1,1,1,1,0.00481126840954399
"none",1.6,60,"SVP",1,1,1,1,0.00481126840954399
"none",1.6,60,"SVP (BIC)",1,1,1,1,0.00481126840954399
"none",1.6,61,"PELT",1,1,1,1,1.48431515643857e-05
"none",1.6,61,"SVP",1,1,1,1,1.48431515643857e-05
"none",1.6,61,"SVP (BIC)",1,1,1,1,1.48431515643857e-05
"none",1.6,62,"PELT",1,1,1,1,0.00185018308840821
"none",1.6,62,"SVP",1,1,1,1,0.00185018308840821
"none",1.6,62,"SVP (BIC)",1,1,1,1,0.00185018308840821
"none",1.6,63,"PELT",1,1,1,1,0.00095259609264691
"none",1.6,63,"SVP",1,1,1,1,0.00095259609264691
"none",1.6,63,"SVP (BIC)",1,1,1,1,0.00095259609264691
"none",1.6,64,"PELT",1,1,1,1,0.000112503929072526
"none",1.6,64,"SVP",1,1,1,1,0.000112503929072526
"none",1.6,64,"SVP (BIC)",1,1,1,1,0.000112503929072526
"none",1.6,65,"PELT",1,1,1,1,0.00261158529078384
"none",1.6,65,"SVP",1,1,1,1,0.00261158529078384
"none",1.6,65,"SVP (BIC)",1,1,1,1,0.00261158529078384
"none",1.6,66,"PELT",1,1,1,1,2.24522186971021e-05
"none",1.6,66,"SVP",1,1,1,1,2.24522186971021e-05
"none",1.6,66,"SVP (BIC)",1,1,1,1,2.24522186971021e-05
"none",1.6,67,"PELT",1,1,1,1,0.0020752344073055
"none",1.6,67,"SVP",1,1,1,1,0.0020752344073055
"none",1.6,67,"SVP (BIC)",1,1,1,1,0.0020752344073055
"none",1.6,68,"PELT",1,1,1,1,0.00117933951259842
"none",1.6,68,"SVP",1,1,1,1,0.00117933951259842
"none",1.6,68,"SVP (BIC)",1,1,1,1,0.00117933951259842
"none",1.6,69,"PELT",1,1,1,1,0.00123105321326716
"none",1.6,69,"SVP",1,1,1,1,0.00123105321326716
"none",1.6,69,"SVP (BIC)",1,1,1,1,0.00123105321326716
"none",1.6,70,"PELT",1,1,1,1,0.000446951082657198
"none",1.6,70,"SVP",1,1,1,1,0.000446951082657198
"none",1.6,70,"SVP (BIC)",1,1,1,1,0.000446951082657198
"none",1.6,71,"PELT",1,1,1,1,0.000774793578264991
"none",1.6,71,"SVP",1,1,1,1,0.000774793578264991
"none",1.6,71,"SVP (BIC)",1,1,1,1,0.000774793578264991
"none",1.6,72,"PELT",1,1,1,1,0.00099037550338627
"none",1.6,72,"SVP",1,1,1,1,0.00099037550338627
"none",1.6,72,"SVP (BIC)",1,1,1,1,0.00099037550338627
"none",1.6,73,"PELT",1,1,1,1,0.000858893220834645
"none",1.6,73,"SVP",1,1,1,1,0.000858893220834645
"none",1.6,73,"SVP (BIC)",1,1,1,1,0.000858893220834645
"none",1.6,74,"PELT",1,1,1,1,1.70674083066329e-05
"none",1.6,74,"SVP",1,1,1,1,1.70674083066329e-05
"none",1.6,74,"SVP (BIC)",1,1,1,1,1.70674083066329e-05
"none",1.6,75,"PELT",1,1,1,1,6.2757774153669e-07
"none",1.6,75,"SVP",1,1,1,1,6.2757774153669e-07
"none",1.6,75,"SVP (BIC)",1,1,1,1,6.2757774153669e-07
"none",1.6,76,"PELT",1,1,1,1,2.65532431219713e-06
"none",1.6,76,"SVP",1,1,1,1,2.65532431219713e-06
"none",1.6,76,"SVP (BIC)",1,1,1,1,2.65532431219713e-06
"none",1.6,77,"PELT",1,1,1,1,2.01114966101768e-05
"none",1.6,77,"SVP",1,1,1,1,2.01114966101768e-05
"none",1.6,77,"SVP (BIC)",1,1,1,1,2.01114966101768e-05
"none",1.6,78,"PELT",1,1,1,1,0.000239332641206494
"none",1.6,78,"SVP",1,1,1,1,0.000239332641206494
"none",1.6,78,"SVP (BIC)",1,1,1,1,0.000239332641206494
"none",1.6,79,"PELT",1,1,1,1,0.000546431574494438
"none",1.6,79,"SVP",1,1,1,1,0.000546431574494438
"none",1.6,79,"SVP (BIC)",1,1,1,1,0.000546431574494438
"none",1.6,80,"PELT",1,1,1,1,0.00180073685390698
"none",1.6,80,"SVP",1,1,1,1,0.00180073685390698
"none",1.6,80,"SVP (BIC)",1,1,1,1,0.00180073685390698
"none",1.6,81,"PELT",1,1,1,1,0.000659050147629841
"none",1.6,81,"SVP",1,1,1,1,0.000659050147629841
"none",1.6,81,"SVP (BIC)",1,1,1,1,0.000659050147629841
"none",1.6,82,"PELT",1,1,1,1,0.00416587747942978
"none",1.6,82,"SVP",1,1,1,1,0.00416587747942978
"none",1.6,82,"SVP (BIC)",1,1,1,1,0.00416587747942978
"none",1.6,83,"PELT",1,1,1,1,0.00132142228654318
"none",1.6,83,"SVP",1,1,1,1,0.00132142228654318
"none",1.6,83,"SVP (BIC)",1,1,1,1,0.00132142228654318
"none",1.6,84,"PELT",1,1,1,1,0.000135173385161093
"none",1.6,84,"SVP",1,1,1,1,0.000135173385161093
"none",1.6,84,"SVP (BIC)",1,1,1,1,0.000135173385161093
"none",1.6,85,"PELT",1,1,1,1,0.000102886147390796
"none",1.6,85,"SVP",1,1,1,1,0.000102886147390796
"none",1.6,85,"SVP (BIC)",1,1,1,1,0.000102886147390796
"none",1.6,86,"PELT",1,1,1,1,0.000254007710595702
"none",1.6,86,"SVP",1,1,1,1,0.000254007710595702
"none",1.6,86,"SVP (BIC)",1,1,1,1,0.000254007710595702
"none",1.6,87,"PELT",1,1,1,1,0.00098541611382078
"none",1.6,87,"SVP",1,1,1,1,0.00098541611382078
"none",1.6,87,"SVP (BIC)",1,1,1,1,0.00098541611382078
"none",1.6,88,"PELT",1,1,1,1,3.26814276536541e-05
"none",1.6,88,"SVP",1,1,1,1,3.26814276536541e-05
"none",1.6,88,"SVP (BIC)",1,1,1,1,3.26814276536541e-05
"none",1.6,89,"PELT",1,1,1,1,0.000420059310932953
"none",1.6,89,"SVP",1,1,1,1,0.000420059310932953
"none",1.6,89,"SVP (BIC)",1,1,1,1,0.000420059310932953
"none",1.6,90,"PELT",1,1,1,1,0.00487494573688316
"none",1.6,90,"SVP",1,1,1,1,0.00487494573688316
"none",1.6,90,"SVP (BIC)",1,1,1,1,0.00487494573688316
"none",1.6,91,"PELT",1,1,1,1,0.00276172993371144
"none",1.6,91,"SVP",1,1,1,1,0.00276172993371144
"none",1.6,91,"SVP (BIC)",1,1,1,1,0.00276172993371144
"none",1.6,92,"PELT",1,1,1,1,0.00131326087665868
"none",1.6,92,"SVP",1,1,1,1,0.00131326087665868
"none",1.6,92,"SVP (BIC)",1,1,1,1,0.00131326087665868
"none",1.6,93,"PELT",1,1,1,1,0.000276955738985377
"none",1.6,93,"SVP",1,1,1,1,0.000276955738985377
"none",1.6,93,"SVP (BIC)",1,1,1,1,0.000276955738985377
"none",1.6,94,"PELT",1,1,1,1,0.000274207182466718
"none",1.6,94,"SVP",1,1,1,1,0.000274207182466718
"none",1.6,94,"SVP (BIC)",1,1,1,1,0.000274207182466718
"none",1.6,95,"PELT",1,1,1,1,0.000138784528092263
"none",1.6,95,"SVP",1,1,1,1,0.000138784528092263
"none",1.6,95,"SVP (BIC)",1,1,1,1,0.000138784528092263
"none",1.6,96,"PELT",1,1,1,1,0.000807032512384658
"none",1.6,96,"SVP",1,1,1,1,0.000807032512384658
"none",1.6,96,"SVP (BIC)",1,1,1,1,0.000807032512384658
"none",1.6,97,"PELT",1,1,1,1,1.17300618422855e-06
"none",1.6,97,"SVP",1,1,1,1,1.17300618422855e-06
"none",1.6,97,"SVP (BIC)",1,1,1,1,1.17300618422855e-06
"none",1.6,98,"PELT",1,1,1,1,0.000137823560814889
"none",1.6,98,"SVP",1,1,1,1,0.000137823560814889
"none",1.6,98,"SVP (BIC)",1,1,1,1,0.000137823560814889
"none",1.6,99,"PELT",1,1,1,1,0.00024770287246024
"none",1.6,99,"SVP",1,1,1,1,0.00024770287246024
"none",1.6,99,"SVP (BIC)",1,1,1,1,0.00024770287246024
"none",1.6,100,"PELT",1,1,1,1,3.71938854723273e-06
"none",1.6,100,"SVP",1,1,1,1,3.71938854723273e-06
"none",1.6,100,"SVP (BIC)",1,1,1,1,3.71938854723273e-06
"up",1.6,1,"PELT",0.875,0.875,0.875,8,0.0315976561329252
"up",1.6,1,"SVP",0.875,0.875,0.875,8,0.0315976561329252
"up",1.6,1,"SVP (BIC)",0.875,0.875,0.875,8,0.0315976561329252
"up",1.6,2,"PELT",1,1,1,8,0.0139897193957824
"up",1.6,2,"SVP",1,1,1,8,0.0139897193957824
"up",1.6,2,"SVP (BIC)",1,1,1,8,0.0139897193957824
"up",1.6,3,"PELT",0.875,0.875,0.875,8,0.0227384678894771
"up",1.6,3,"SVP",0.875,0.875,0.875,8,0.0227384678894771
"up",1.6,3,"SVP (BIC)",0.875,0.875,0.875,8,0.0227384678894771
"up",1.6,4,"PELT",1,1,1,8,0.0197764392807773
"up",1.6,4,"SVP",1,1,1,8,0.0197764392807773
"up",1.6,4,"SVP (BIC)",1,1,1,8,0.0197764392807773
"up",1.6,5,"PELT",1,1,1,8,0.00531996993703305
"up",1.6,5,"SVP",1,1,1,8,0.00531996993703305
"up",1.6,5,"SVP (BIC)",1,1,1,8,0.00531996993703305
"up",1.6,6,"PELT",1,1,1,8,0.0218583063921518
"up",1.6,6,"SVP",1,1,1,8,0.0218583063921518
"up",1.6,6,"SVP (BIC)",1,1,1,8,0.0218583063921518
"up",1.6,7,"PELT",0.75,0.75,0.75,8,0.0436421638276672
"up",1.6,7,"SVP",0.75,0.75,0.75,8,0.0436421638276672
"up",1.6,7,"SVP (BIC)",0.75,0.75,0.75,8,0.0436421638276672
"up",1.6,8,"PELT",0.875,0.875,0.875,8,0.0223559466659745
"up",1.6,8,"SVP",0.875,0.875,0.875,8,0.0223559466659745
"up",1.6,8,"SVP (BIC)",0.875,0.875,0.875,8,0.0223559466659745
"up",1.6,9,"PELT",0.625,0.625,0.625,8,0.0553722923332635
"up",1.6,9,"SVP",0.625,0.625,0.625,8,0.0553722923332635
"up",1.6,9,"SVP (BIC)",0.625,0.625,0.625,8,0.0553722923332635
"up",1.6,10,"PELT",0.75,0.75,0.75,8,0.0428576007243312
"up",1.6,10,"SVP",0.75,0.75,0.75,8,0.0428576007243312
"up",1.6,10,"SVP (BIC)",0.75,0.75,0.75,8,0.0428576007243312
"up",1.6,11,"PELT",0.875,0.875,0.875,8,0.033284261065978
"up",1.6,11,"SVP",0.875,0.875,0.875,8,0.033284261065978
"up",1.6,11,"SVP (BIC)",0.875,0.875,0.875,8,0.033284261065978
"up",1.6,12,"PELT",1,1,1,8,0.0126986190122687
"up",1.6,12,"SVP",1,1,1,8,0.0126986190122687
"up",1.6,12,"SVP (BIC)",1,1,1,8,0.0126986190122687
"up",1.6,13,"PELT",0.75,0.75,0.75,8,0.0280125968188927
"up",1.6,13,"SVP",0.75,0.75,0.75,8,0.0280125968188927
"up",1.6,13,"SVP (BIC)",0.75,0.75,0.75,8,0.0280125968188927
"up",1.6,14,"PELT",0.625,0.625,0.625,8,0.0486534980719958
"up",1.6,14,"SVP",0.625,0.625,0.625,8,0.0486534980719958
"up",1.6,14,"SVP (BIC)",0.625,0.625,0.625,8,0.0486534980719958
"up",1.6,15,"PELT",0.875,0.875,0.875,8,0.0295017962856371
"up",1.6,15,"SVP",0.875,0.875,0.875,8,0.0295017962856371
"up",1.6,15,"SVP (BIC)",0.875,0.875,0.875,8,0.0295017962856371
"up",1.6,16,"PELT",0.75,0.75,0.75,8,0.0339564162182711
"up",1.6,16,"SVP",0.75,0.75,0.75,8,0.0339564162182711
"up",1.6,16,"SVP (BIC)",0.75,0.75,0.75,8,0.0339564162182711
"up",1.6,17,"PELT",0.875,0.875,0.875,8,0.0384705840286539
"up",1.6,17,"SVP",0.875,0.875,0.875,8,0.0384705840286539
"up",1.6,17,"SVP (BIC)",0.875,0.875,0.875,8,0.0384705840286539
"up",1.6,18,"PELT",0.875,0.875,0.875,8,0.0231405656134722
"up",1.6,18,"SVP",0.875,0.875,0.875,8,0.0231405656134722
"up",1.6,18,"SVP (BIC)",0.875,0.875,0.875,8,0.0231405656134722
"up",1.6,19,"PELT",0.875,0.875,0.875,8,0.0368627917586157
"up",1.6,19,"SVP",0.875,0.875,0.875,8,0.0368627917586157
"up",1.6,19,"SVP (BIC)",0.875,0.875,0.875,8,0.0368627917586157
"up",1.6,20,"PELT",0.75,0.75,0.75,8,0.027977745575945
"up",1.6,20,"SVP",0.75,0.75,0.75,8,0.027977745575945
"up",1.6,20,"SVP (BIC)",0.75,0.75,0.75,8,0.027977745575945
"up",1.6,21,"PELT",0.875,0.875,0.875,8,0.0493943030171621
"up",1.6,21,"SVP",0.875,0.875,0.875,8,0.0493943030171621
"up",1.6,21,"SVP (BIC)",0.875,0.875,0.875,8,0.0493943030171621
"up",1.6,22,"PELT",0.875,0.875,0.875,8,0.0305295962787921
"up",1.6,22,"SVP",0.875,0.875,0.875,8,0.0305295962787921
"up",1.6,22,"SVP (BIC)",0.875,0.875,0.875,8,0.0305295962787921
"up",1.6,23,"PELT",0.625,0.625,0.625,8,0.0393938766519594
"up",1.6,23,"SVP",0.625,0.625,0.625,8,0.0393938766519594
"up",1.6,23,"SVP (BIC)",0.625,0.625,0.625,8,0.0393938766519594
"up",1.6,24,"PELT",1,1,1,8,0.0150603595066287
"up",1.6,24,"SVP",1,1,1,8,0.0150603595066287
"up",1.6,24,"SVP (BIC)",1,1,1,8,0.0150603595066287
"up",1.6,25,"PELT",0.777777777777778,0.875,0.823529411764706,9,0.0474702674493669
"up",1.6,25,"SVP",0.777777777777778,0.875,0.823529411764706,9,0.0474702674493669
"up",1.6,25,"SVP (BIC)",0.875,0.875,0.875,8,0.0294327237547566
"up",1.6,26,"PELT",0.75,0.75,0.75,8,0.0441338426095107
"up",1.6,26,"SVP",0.75,0.75,0.75,8,0.0441338426095107
"up",1.6,26,"SVP (BIC)",0.75,0.75,0.75,8,0.0441338426095107
"up",1.6,27,"PELT",1,1,1,8,0.0123170264024371
"up",1.6,27,"SVP",1,1,1,8,0.0123170264024371
"up",1.6,27,"SVP (BIC)",1,1,1,8,0.0123170264024371
"up",1.6,28,"PELT",1,1,1,8,0.0274531737998865
"up",1.6,28,"SVP",1,1,1,8,0.0274531737998865
"up",1.6,28,"SVP (BIC)",1,1,1,8,0.0274531737998865
"up",1.6,29,"PELT",0.875,0.875,0.875,8,0.029059339558675
"up",1.6,29,"SVP",0.875,0.875,0.875,8,0.029059339558675
"up",1.6,29,"SVP (BIC)",0.875,0.875,0.875,8,0.029059339558675
"up",1.6,30,"PELT",0.75,0.75,0.75,8,0.039756526969646
"up",1.6,30,"SVP",0.75,0.75,0.75,8,0.039756526969646
"up",1.6,30,"SVP (BIC)",0.75,0.75,0.75,8,0.039756526969646
"up",1.6,31,"PELT",1,1,1,8,0.0190757625496513
"up",1.6,31,"SVP",1,1,1,8,0.0190757625496513
"up",1.6,31,"SVP (BIC)",1,1,1,8,0.0190757625496513
"up",1.6,32,"PELT",0.625,0.625,0.625,8,0.0379118495188865
"up",1.6,32,"SVP",0.625,0.625,0.625,8,0.0379118495188865
"up",1.6,32,"SVP (BIC)",0.625,0.625,0.625,8,0.0379118495188865
"up",1.6,33,"PELT",0.75,0.75,0.75,8,0.0409238046478402
"up",1.6,33,"SVP",0.75,0.75,0.75,8,0.0409238046478402
"up",1.6,33,"SVP (BIC)",0.75,0.75,0.75,8,0.0409238046478402
"up",1.6,34,"PELT",0.875,0.875,0.875,8,0.0226074570933666
"up",1.6,34,"SVP",0.875,0.875,0.875,8,0.0226074570933666
"up",1.6,34,"SVP (BIC)",0.875,0.875,0.875,8,0.0226074570933666
"up",1.6,35,"PELT",0.875,0.875,0.875,8,0.0237324141307285
"up",1.6,35,"SVP",0.875,0.875,0.875,8,0.0237324141307285
"up",1.6,35,"SVP (BIC)",0.875,0.875,0.875,8,0.0237324141307285
"up",1.6,36,"PELT",1,1,1,8,0.00556600127138141
"up",1.6,36,"SVP",1,1,1,8,0.00556600127138141
"up",1.6,36,"SVP (BIC)",1,1,1,8,0.00556600127138141
"up",1.6,37,"PELT",0.625,0.625,0.625,8,0.0660908683826578
"up",1.6,37,"SVP",0.625,0.625,0.625,8,0.0660908683826578
"up",1.6,37,"SVP (BIC)",0.625,0.625,0.625,8,0.0660908683826578
"up",1.6,38,"PELT",1,1,1,8,0.0285723114285081
"up",1.6,38,"SVP",1,1,1,8,0.0285723114285081
"up",1.6,38,"SVP (BIC)",1,1,1,8,0.0285723114285081
"up",1.6,39,"PELT",0.875,0.875,0.875,8,0.0280036546894247
"up",1.6,39,"SVP",0.875,0.875,0.875,8,0.0280036546894247
"up",1.6,39,"SVP (BIC)",0.875,0.875,0.875,8,0.0280036546894247
"up",1.6,40,"PELT",0.875,0.875,0.875,8,0.0250239548714683
"up",1.6,40,"SVP",0.875,0.875,0.875,8,0.0250239548714683
"up",1.6,40,"SVP (BIC)",0.875,0.875,0.875,8,0.0250239548714683
"up",1.6,41,"PELT",0.75,0.75,0.75,8,0.0340385744781781
"up",1.6,41,"SVP",0.75,0.75,0.75,8,0.0340385744781781
"up",1.6,41,"SVP (BIC)",0.75,0.75,0.75,8,0.0340385744781781
"up",1.6,42,"PELT",0.666666666666667,0.75,0.705882352941177,9,0.0581948137213841
"up",1.6,42,"SVP",0.75,0.75,0.75,8,0.0406314261758023
"up",1.6,42,"SVP (BIC)",0.75,0.75,0.75,8,0.0406314261758023
"up",1.6,43,"PELT",1,1,1,8,0.012409579641258
"up",1.6,43,"SVP",1,1,1,8,0.012409579641258
"up",1.6,43,"SVP (BIC)",1,1,1,8,0.012409579641258
"up",1.6,44,"PELT",0.888888888888889,1,0.941176470588235,9,0.0299839506855493
"up",1.6,44,"SVP",0.875,0.875,0.875,8,0.0207720062873715
"up",1.6,44,"SVP (BIC)",1,1,1,8,0.013228096565102
"up",1.6,45,"PELT",0.875,0.875,0.875,8,0.025101203855556
"up",1.6,45,"SVP",0.875,0.875,0.875,8,0.025101203855556
"up",1.6,45,"SVP (BIC)",0.875,0.875,0.875,8,0.025101203855556
"up",1.6,46,"PELT",1,1,1,8,0.0195466152997195
"up",1.6,46,"SVP",1,1,1,8,0.0195466152997195
"up",1.6,46,"SVP (BIC)",1,1,1,8,0.0195466152997195
"up",1.6,47,"PELT",1,1,1,8,0.0216054534608928
"up",1.6,47,"SVP",1,1,1,8,0.0216054534608928
"up",1.6,47,"SVP (BIC)",1,1,1,8,0.0216054534608928
"up",1.6,48,"PELT",1,1,1,8,0.0173894572756899
"up",1.6,48,"SVP",1,1,1,8,0.0173894572756899
"up",1.6,48,"SVP (BIC)",1,1,1,8,0.0173894572756899
"up",1.6,49,"PELT",0.875,0.875,0.875,8,0.0209814430449398
"up",1.6,49,"SVP",0.875,0.875,0.875,8,0.0209814430449398
"up",1.6,49,"SVP (BIC)",0.875,0.875,0.875,8,0.0209814430449398
"up",1.6,50,"PELT",1,1,1,8,0.0176941515043165
"up",1.6,50,"SVP",1,1,1,8,0.0176941515043165
"up",1.6,50,"SVP (BIC)",1,1,1,8,0.0176941515043165
"up",1.6,51,"PELT",0.75,0.75,0.75,8,0.0312285461829973
"up",1.6,51,"SVP",0.75,0.75,0.75,8,0.0312285461829973
"up",1.6,51,"SVP (BIC)",0.75,0.75,0.75,8,0.0312285461829973
"up",1.6,52,"PELT",0.7,0.875,0.777777777777778,10,0.0557087619615394
"up",1.6,52,"SVP",0.875,0.875,0.875,8,0.0434073139546198
"up",1.6,52,"SVP (BIC)",0.875,0.875,0.875,8,0.0434073139546198
"up",1.6,53,"PELT",1,1,1,8,0.0207492980273892
"up",1.6,53,"SVP",1,1,1,8,0.0207492980273892
"up",1.6,53,"SVP (BIC)",1,1,1,8,0.0207492980273892
"up",1.6,54,"PELT",0.875,0.875,0.875,8,0.0376372342072482
"up",1.6,54,"SVP",0.875,0.875,0.875,8,0.0376372342072482
"up",1.6,54,"SVP (BIC)",0.875,0.875,0.875,8,0.0376372342072482
"up",1.6,55,"PELT",0.875,0.875,0.875,8,0.0294786798731257
"up",1.6,55,"SVP",0.875,0.875,0.875,8,0.0294786798731257
"up",1.6,55,"SVP (BIC)",0.875,0.875,0.875,8,0.0294786798731257
"up",1.6,56,"PELT",1,1,1,8,0.0110495620541372
"up",1.6,56,"SVP",1,1,1,8,0.0110495620541372
"up",1.6,56,"SVP (BIC)",1,1,1,8,0.0110495620541372
"up",1.6,57,"PELT",0.875,0.875,0.875,8,0.0335519885225271
"up",1.6,57,"SVP",0.875,0.875,0.875,8,0.0335519885225271
"up",1.6,57,"SVP (BIC)",0.875,0.875,0.875,8,0.0335519885225271
"up",1.6,58,"PELT",1,1,1,8,0.0226959801677935
"up",1.6,58,"SVP",1,1,1,8,0.0226959801677935
"up",1.6,58,"SVP (BIC)",1,1,1,8,0.0226959801677935
"up",1.6,59,"PELT",0.75,0.75,0.75,8,0.0428889769638775
"up",1.6,59,"SVP",0.75,0.75,0.75,8,0.0428889769638775
"up",1.6,59,"SVP (BIC)",0.75,0.75,0.75,8,0.0428889769638775
"up",1.6,60,"PELT",0.875,0.875,0.875,8,0.0419453653526616
"up",1.6,60,"SVP",0.875,0.875,0.875,8,0.0419453653526616
"up",1.6,60,"SVP (BIC)",0.875,0.875,0.875,8,0.0419453653526616
"up",1.6,61,"PELT",1,1,1,8,0.0102786337009718
"up",1.6,61,"SVP",1,1,1,8,0.0102786337009718
"up",1.6,61,"SVP (BIC)",1,1,1,8,0.0102786337009718
"up",1.6,62,"PELT",1,1,1,8,0.024389744968804
"up",1.6,62,"SVP",1,1,1,8,0.024389744968804
"up",1.6,62,"SVP (BIC)",1,1,1,8,0.024389744968804
"up",1.6,63,"PELT",0.875,0.875,0.875,8,0.0274849317962917
"up",1.6,63,"SVP",0.875,0.875,0.875,8,0.0274849317962917
"up",1.6,63,"SVP (BIC)",0.875,0.875,0.875,8,0.0274849317962917
"up",1.6,64,"PELT",0.75,0.75,0.75,8,0.0554680028127152
"up",1.6,64,"SVP",0.75,0.75,0.75,8,0.0554680028127152
"up",1.6,64,"SVP (BIC)",0.75,0.75,0.75,8,0.0554680028127152
"up",1.6,65,"PELT",0.75,0.75,0.75,8,0.0226435494382506
"up",1.6,65,"SVP",0.75,0.75,0.75,8,0.0226435494382506
"up",1.6,65,"SVP (BIC)",0.75,0.75,0.75,8,0.0226435494382506
"up",1.6,66,"PELT",1,1,1,8,0.0106379224279775
"up",1.6,66,"SVP",1,1,1,8,0.0106379224279775
"up",1.6,66,"SVP (BIC)",1,1,1,8,0.0106379224279775
"up",1.6,67,"PELT",0.875,0.875,0.875,8,0.0346170046735302
"up",1.6,67,"SVP",0.875,0.875,0.875,8,0.0346170046735302
"up",1.6,67,"SVP (BIC)",0.875,0.875,0.875,8,0.0346170046735302
"up",1.6,68,"PELT",1,1,1,8,0.0143775290831145
"up",1.6,68,"SVP",1,1,1,8,0.0143775290831145
"up",1.6,68,"SVP (BIC)",1,1,1,8,0.0143775290831145
"up",1.6,69,"PELT",0.5,0.5,0.5,8,0.0685344150388344
"up",1.6,69,"SVP",0.5,0.5,0.5,8,0.0685344150388344
"up",1.6,69,"SVP (BIC)",0.5,0.5,0.5,8,0.0685344150388344
"up",1.6,70,"PELT",0.75,0.75,0.75,8,0.0390015801144996
"up",1.6,70,"SVP",0.75,0.75,0.75,8,0.0390015801144996
"up",1.6,70,"SVP (BIC)",0.75,0.75,0.75,8,0.0390015801144996
"up",1.6,71,"PELT",1,1,1,8,0.0115594845436566
"up",1.6,71,"SVP",1,1,1,8,0.0115594845436566
"up",1.6,71,"SVP (BIC)",1,1,1,8,0.0115594845436566
"up",1.6,72,"PELT",0.875,0.875,0.875,8,0.024346969309987
"up",1.6,72,"SVP",0.875,0.875,0.875,8,0.024346969309987
"up",1.6,72,"SVP (BIC)",0.875,0.875,0.875,8,0.024346969309987
"up",1.6,73,"PELT",1,1,1,8,0.0289836677887373
"up",1.6,73,"SVP",1,1,1,8,0.0289836677887373
"up",1.6,73,"SVP (BIC)",1,1,1,8,0.0289836677887373
"up",1.6,74,"PELT",0.625,0.625,0.625,8,0.0354722226361294
"up",1.6,74,"SVP",0.625,0.625,0.625,8,0.0354722226361294
"up",1.6,74,"SVP (BIC)",0.625,0.625,0.625,8,0.0354722226361294
"up",1.6,75,"PELT",0.875,0.875,0.875,8,0.0172580031652393
"up",1.6,75,"SVP",0.875,0.875,0.875,8,0.0172580031652393
"up",1.6,75,"SVP (BIC)",0.875,0.875,0.875,8,0.0172580031652393
"up",1.6,76,"PELT",0.875,0.875,0.875,8,0.0411030421751508
"up",1.6,76,"SVP",0.875,0.875,0.875,8,0.0411030421751508
"up",1.6,76,"SVP (BIC)",0.875,0.875,0.875,8,0.0411030421751508
"up",1.6,77,"PELT",1,1,1,8,0.01912669691482
"up",1.6,77,"SVP",1,1,1,8,0.01912669691482
"up",1.6,77,"SVP (BIC)",1,1,1,8,0.01912669691482
"up",1.6,78,"PELT",1,1,1,8,0.018580525706319
"up",1.6,78,"SVP",1,1,1,8,0.018580525706319
"up",1.6,78,"SVP (BIC)",1,1,1,8,0.018580525706319
"up",1.6,79,"PELT",0.875,0.875,0.875,8,0.0354194027844281
"up",1.6,79,"SVP",0.875,0.875,0.875,8,0.0354194027844281
"up",1.6,79,"SVP (BIC)",0.875,0.875,0.875,8,0.0354194027844281
"up",1.6,80,"PELT",0.875,0.875,0.875,8,0.0151327053781116
"up",1.6,80,"SVP",0.875,0.875,0.875,8,0.0151327053781116
"up",1.6,80,"SVP (BIC)",0.875,0.875,0.875,8,0.0151327053781116
"up",1.6,81,"PELT",0.625,0.625,0.625,8,0.0394345748458464
"up",1.6,81,"SVP",0.625,0.625,0.625,8,0.0394345748458464
"up",1.6,81,"SVP (BIC)",0.625,0.625,0.625,8,0.0394345748458464
"up",1.6,82,"PELT",0.75,0.75,0.75,8,0.0419368204425375
"up",1.6,82,"SVP",0.75,0.75,0.75,8,0.0419368204425375
"up",1.6,82,"SVP (BIC)",0.75,0.75,0.75,8,0.0419368204425375
"up",1.6,83,"PELT",0.875,0.875,0.875,8,0.0252497381874298
"up",1.6,83,"SVP",0.875,0.875,0.875,8,0.0252497381874298
"up",1.6,83,"SVP (BIC)",0.875,0.875,0.875,8,0.0252497381874298
"up",1.6,84,"PELT",0.875,0.875,0.875,8,0.0237030623876302
"up",1.6,84,"SVP",0.875,0.875,0.875,8,0.0237030623876302
"up",1.6,84,"SVP (BIC)",0.875,0.875,0.875,8,0.0237030623876302
"up",1.6,85,"PELT",1,1,1,8,0.0217064320000781
"up",1.6,85,"SVP",1,1,1,8,0.0217064320000781
"up",1.6,85,"SVP (BIC)",1,1,1,8,0.0217064320000781
"up",1.6,86,"PELT",1,1,1,8,0.0141372528643364
"up",1.6,86,"SVP",1,1,1,8,0.0141372528643364
"up",1.6,86,"SVP (BIC)",1,1,1,8,0.0141372528643364
"up",1.6,87,"PELT",0.625,0.625,0.625,8,0.0495017876763411
"up",1.6,87,"SVP",0.625,0.625,0.625,8,0.0495017876763411
"up",1.6,87,"SVP (BIC)",0.625,0.625,0.625,8,0.0495017876763411
"up",1.6,88,"PELT",0.875,0.875,0.875,8,0.0174058652161605
"up",1.6,88,"SVP",0.875,0.875,0.875,8,0.0174058652161605
"up",1.6,88,"SVP (BIC)",0.875,0.875,0.875,8,0.0174058652161605
"up",1.6,89,"PELT",0.875,0.875,0.875,8,0.0377228668250239
"up",1.6,89,"SVP",0.875,0.875,0.875,8,0.0377228668250239
"up",1.6,89,"SVP (BIC)",0.875,0.875,0.875,8,0.0377228668250239
"up",1.6,90,"PELT",1,1,1,8,0.0184157870263068
"up",1.6,90,"SVP",1,1,1,8,0.0184157870263068
"up",1.6,90,"SVP (BIC)",1,1,1,8,0.0184157870263068
"up",1.6,91,"PELT",0.75,0.75,0.75,8,0.0250804535526372
"up",1.6,91,"SVP",0.75,0.75,0.75,8,0.0250804535526372
"up",1.6,91,"SVP (BIC)",0.75,0.75,0.75,8,0.0250804535526372
"up",1.6,92,"PELT",0.875,0.875,0.875,8,0.020112807049212
"up",1.6,92,"SVP",0.875,0.875,0.875,8,0.020112807049212
"up",1.6,92,"SVP (BIC)",0.875,0.875,0.875,8,0.020112807049212
"up",1.6,93,"PELT",0.75,0.75,0.75,8,0.0314799548753893
"up",1.6,93,"SVP",0.75,0.75,0.75,8,0.0314799548753893
"up",1.6,93,"SVP (BIC)",0.75,0.75,0.75,8,0.0314799548753893
"up",1.6,94,"PELT",0.75,0.75,0.75,8,0.0362925275649217
"up",1.6,94,"SVP",0.75,0.75,0.75,8,0.0362925275649217
"up",1.6,94,"SVP (BIC)",0.75,0.75,0.75,8,0.0362925275649217
"up",1.6,95,"PELT",1,1,1,8,0.0111577808403808
"up",1.6,95,"SVP",1,1,1,8,0.0111577808403808
"up",1.6,95,"SVP (BIC)",1,1,1,8,0.0111577808403808
"up",1.6,96,"PELT",0.777777777777778,0.875,0.823529411764706,9,0.0614330830832684
"up",1.6,96,"SVP",0.777777777777778,0.875,0.823529411764706,9,0.0614330830832684
"up",1.6,96,"SVP (BIC)",0.875,0.875,0.875,8,0.041381757716394
"up",1.6,97,"PELT",0.875,0.875,0.875,8,0.0361533143488149
"up",1.6,97,"SVP",0.875,0.875,0.875,8,0.0361533143488149
"up",1.6,97,"SVP (BIC)",0.875,0.875,0.875,8,0.0361533143488149
"up",1.6,98,"PELT",0.875,0.875,0.875,8,0.0360379031563796
"up",1.6,98,"SVP",0.875,0.875,0.875,8,0.0360379031563796
"up",1.6,98,"SVP (BIC)",0.875,0.875,0.875,8,0.0360379031563796
"up",1.6,99,"PELT",0.75,0.75,0.75,8,0.0365154724257058
"up",1.6,99,"SVP",0.75,0.75,0.75,8,0.0365154724257058
"up",1.6,99,"SVP (BIC)",0.75,0.75,0.75,8,0.0365154724257058
"up",1.6,100,"PELT",0.875,0.875,0.875,8,0.0337937382065266
"up",1.6,100,"SVP",0.875,0.875,0.875,8,0.0337937382065266
"up",1.6,100,"SVP (BIC)",0.875,0.875,0.875,8,0.0337937382065266
"updown",1.6,1,"PELT",0.75,0.75,0.75,8,0.0297451049417811
"updown",1.6,1,"SVP",0.75,0.75,0.75,8,0.0297451049417811
"updown",1.6,1,"SVP (BIC)",0.75,0.75,0.75,8,0.0297451049417811
"updown",1.6,2,"PELT",0.625,0.625,0.625,8,0.040752713485606
"updown",1.6,2,"SVP",0.625,0.625,0.625,8,0.040752713485606
"updown",1.6,2,"SVP (BIC)",0.625,0.625,0.625,8,0.040752713485606
"updown",1.6,3,"PELT",0.875,0.875,0.875,8,0.0237459721710003
"updown",1.6,3,"SVP",0.875,0.875,0.875,8,0.0237459721710003
"updown",1.6,3,"SVP (BIC)",0.875,0.875,0.875,8,0.0237459721710003
"updown",1.6,4,"PELT",1,1,1,8,0.0175320251257329
"updown",1.6,4,"SVP",1,1,1,8,0.0175320251257329
"updown",1.6,4,"SVP (BIC)",1,1,1,8,0.0175320251257329
"updown",1.6,5,"PELT",0.777777777777778,0.875,0.823529411764706,9,0.0362221906982545
"updown",1.6,5,"SVP",0.75,0.75,0.75,8,0.0415208365785443
"updown",1.6,5,"SVP (BIC)",0.75,0.75,0.75,8,0.0415208365785443
"updown",1.6,6,"PELT",0.875,0.875,0.875,8,0.0426613687897309
"updown",1.6,6,"SVP",0.777777777777778,0.875,0.823529411764706,9,0.0528617626653268
"updown",1.6,6,"SVP (BIC)",0.875,0.875,0.875,8,0.0426613687897309
"updown",1.6,7,"PELT",1,1,1,8,0.00960351922244791
"updown",1.6,7,"SVP",1,1,1,8,0.00960351922244791
"updown",1.6,7,"SVP (BIC)",1,1,1,8,0.00960351922244791
"updown",1.6,8,"PELT",0.875,0.875,0.875,8,0.0344653689451972
"updown",1.6,8,"SVP",0.875,0.875,0.875,8,0.0344653689451972
"updown",1.6,8,"SVP (BIC)",0.875,0.875,0.875,8,0.0344653689451972
"updown",1.6,9,"PELT",0.75,0.75,0.75,8,0.0372343429075702
"updown",1.6,9,"SVP",0.75,0.75,0.75,8,0.0372343429075702
"updown",1.6,9,"SVP (BIC)",0.75,0.75,0.75,8,0.0372343429075702
"updown",1.6,10,"PELT",0.875,0.875,0.875,8,0.0314854738909111
"updown",1.6,10,"SVP",0.875,0.875,0.875,8,0.0314854738909111
"updown",1.6,10,"SVP (BIC)",0.875,0.875,0.875,8,0.0314854738909111
"updown",1.6,11,"PELT",0.875,0.875,0.875,8,0.0270526850022381
"updown",1.6,11,"SVP",0.875,0.875,0.875,8,0.0270526850022381
"updown",1.6,11,"SVP (BIC)",0.875,0.875,0.875,8,0.0270526850022381
"updown",1.6,12,"PELT",0.875,0.875,0.875,8,0.0516887163700545
"updown",1.6,12,"SVP",0.875,0.875,0.875,8,0.0516887163700545
"updown",1.6,12,"SVP (BIC)",0.875,0.875,0.875,8,0.0516887163700545
"updown",1.6,13,"PELT",0.875,0.875,0.875,8,0.0388654513964735
"updown",1.6,13,"SVP",0.875,0.875,0.875,8,0.0388654513964735
"updown",1.6,13,"SVP (BIC)",0.875,0.875,0.875,8,0.0388654513964735
"updown",1.6,14,"PELT",0.875,0.875,0.875,8,0.0337999233078393
"updown",1.6,14,"SVP",0.875,0.875,0.875,8,0.0337999233078393
"updown",1.6,14,"SVP (BIC)",0.875,0.875,0.875,8,0.0337999233078393
"updown",1.6,15,"PELT",0.875,0.875,0.875,8,0.0544876054565067
"updown",1.6,15,"SVP",0.875,0.875,0.875,8,0.0544876054565067
"updown",1.6,15,"SVP (BIC)",0.875,0.875,0.875,8,0.0544876054565067
"updown",1.6,16,"PELT",1,1,1,8,0.0132238134156086
"updown",1.6,16,"SVP",1,1,1,8,0.0132238134156086
"updown",1.6,16,"SVP (BIC)",1,1,1,8,0.0132238134156086
"updown",1.6,17,"PELT",0.875,0.875,0.875,8,0.0255193104763156
"updown",1.6,17,"SVP",0.875,0.875,0.875,8,0.0255193104763156
"updown",1.6,17,"SVP (BIC)",0.875,0.875,0.875,8,0.0255193104763156
"updown",1.6,18,"PELT",1,1,1,8,0.0170823447823099
"updown",1.6,18,"SVP",1,1,1,8,0.0170823447823099
"updown",1.6,18,"SVP (BIC)",1,1,1,8,0.0170823447823099
"updown",1.6,19,"PELT",0.875,0.875,0.875,8,0.0403731839328487
"updown",1.6,19,"SVP",0.875,0.875,0.875,8,0.0403731839328487
"updown",1.6,19,"SVP (BIC)",0.875,0.875,0.875,8,0.0403731839328487
"updown",1.6,20,"PELT",0.75,0.75,0.75,8,0.0389101041723264
"updown",1.6,20,"SVP",0.75,0.75,0.75,8,0.0389101041723264
"updown",1.6,20,"SVP (BIC)",0.75,0.75,0.75,8,0.0389101041723264
"updown",1.6,21,"PELT",0.625,0.625,0.625,8,0.0558497607605864
"updown",1.6,21,"SVP",0.625,0.625,0.625,8,0.0558497607605864
"updown",1.6,21,"SVP (BIC)",0.625,0.625,0.625,8,0.0558497607605864
"updown",1.6,22,"PELT",1,1,1,8,0.016139061327574
"updown",1.6,22,"SVP",1,1,1,8,0.016139061327574
"updown",1.6,22,"SVP (BIC)",1,1,1,8,0.016139061327574
"updown",1.6,23,"PELT",0.75,0.75,0.75,8,0.0579011765807547
"updown",1.6,23,"SVP",0.75,0.75,0.75,8,0.0579011765807547
"updown",1.6,23,"SVP (BIC)",0.75,0.75,0.75,8,0.0579011765807547
"updown",1.6,24,"PELT",1,1,1,8,0.0171268973941541
"updown",1.6,24,"SVP",1,1,1,8,0.0171268973941541
"updown",1.6,24,"SVP (BIC)",1,1,1,8,0.0171268973941541
"updown",1.6,25,"PELT",1,1,1,8,0.0202274109033142
"updown",1.6,25,"SVP",1,1,1,8,0.0202274109033142
"updown",1.6,25,"SVP (BIC)",1,1,1,8,0.0202274109033142
"updown",1.6,26,"PELT",1,1,1,8,0.0115954435120932
"updown",1.6,26,"SVP",1,1,1,8,0.0115954435120932
"updown",1.6,26,"SVP (BIC)",1,1,1,8,0.0115954435120932
"updown",1.6,27,"PELT",1,1,1,8,0.0155353715986165
"updown",1.6,27,"SVP",1,1,1,8,0.0155353715986165
"updown",1.6,27,"SVP (BIC)",1,1,1,8,0.0155353715986165
"updown",1.6,28,"PELT",1,1,1,8,0.0130412367171467
"updown",1.6,28,"SVP",1,1,1,8,0.0130412367171467
"updown",1.6,28,"SVP (BIC)",1,1,1,8,0.0130412367171467
"updown",1.6,29,"PELT",0.625,0.625,0.625,8,0.0312120867594997
"updown",1.6,29,"SVP",0.625,0.625,0.625,8,0.0312120867594997
"updown",1.6,29,"SVP (BIC)",0.625,0.625,0.625,8,0.0312120867594997
"updown",1.6,30,"PELT",0.75,0.75,0.75,8,0.0396768944580663
"updown",1.6,30,"SVP",0.75,0.75,0.75,8,0.0396768944580663
"updown",1.6,30,"SVP (BIC)",0.75,0.75,0.75,8,0.0396768944580663
"updown",1.6,31,"PELT",0.875,0.875,0.875,8,0.0385970637885825
"updown",1.6,31,"SVP",0.875,0.875,0.875,8,0.0385970637885825
"updown",1.6,31,"SVP (BIC)",0.875,0.875,0.875,8,0.0385970637885825
"updown",1.6,32,"PELT",0.75,0.75,0.75,8,0.0287005424834165
"updown",1.6,32,"SVP",0.75,0.75,0.75,8,0.0287005424834165
"updown",1.6,32,"SVP (BIC)",0.75,0.75,0.75,8,0.0287005424834165
"updown",1.6,33,"PELT",0.875,0.875,0.875,8,0.0217785140863333
"updown",1.6,33,"SVP",0.875,0.875,0.875,8,0.0217785140863333
"updown",1.6,33,"SVP (BIC)",0.875,0.875,0.875,8,0.0217785140863333
"updown",1.6,34,"PELT",1,1,1,8,0.0222623365575793
"updown",1.6,34,"SVP",1,1,1,8,0.0222623365575793
"updown",1.6,34,"SVP (BIC)",1,1,1,8,0.0222623365575793
"updown",1.6,35,"PELT",0.75,0.75,0.75,8,0.0308804546902972
"updown",1.6,35,"SVP",0.75,0.75,0.75,8,0.0308804546902972
"updown",1.6,35,"SVP (BIC)",0.75,0.75,0.75,8,0.0308804546902972
"updown",1.6,36,"PELT",1,1,1,8,0.00847224493704089
"updown",1.6,36,"SVP",1,1,1,8,0.00847224493704089
"updown",1.6,36,"SVP (BIC)",1,1,1,8,0.00847224493704089
"updown",1.6,37,"PELT",0.75,0.75,0.75,8,0.0392240078923617
"updown",1.6,37,"SVP",0.75,0.75,0.75,8,0.0392240078923617
"updown",1.6,37,"SVP (BIC)",0.75,0.75,0.75,8,0.0392240078923617
"updown",1.6,38,"PELT",1,1,1,8,0.0106347067778392
"updown",1.6,38,"SVP",1,1,1,8,0.0106347067778392
"updown",1.6,38,"SVP (BIC)",1,1,1,8,0.0106347067778392
"updown",1.6,39,"PELT",0.875,0.875,0.875,8,0.0281249725674622
"updown",1.6,39,"SVP",0.875,0.875,0.875,8,0.0281249725674622
"updown",1.6,39,"SVP (BIC)",0.875,0.875,0.875,8,0.0281249725674622
"updown",1.6,40,"PELT",0.75,0.75,0.75,8,0.0297594969409874
"updown",1.6,40,"SVP",0.75,0.75,0.75,8,0.0297594969409874
"updown",1.6,40,"SVP (BIC)",0.75,0.75,0.75,8,0.0297594969409874
"updown",1.6,41,"PELT",0.875,0.875,0.875,8,0.0343825050180586
"updown",1.6,41,"SVP",0.875,0.875,0.875,8,0.0343825050180586
"updown",1.6,41,"SVP (BIC)",0.875,0.875,0.875,8,0.0343825050180586
"updown",1.6,42,"PELT",1,1,1,8,0.0401712190634803
"updown",1.6,42,"SVP",1,1,1,8,0.0401712190634803
"updown",1.6,42,"SVP (BIC)",1,1,1,8,0.0401712190634803
"updown",1.6,43,"PELT",0.75,0.75,0.75,8,0.0573409695750148
"updown",1.6,43,"SVP",0.75,0.75,0.75,8,0.0573409695750148
"updown",1.6,43,"SVP (BIC)",0.75,0.75,0.75,8,0.0573409695750148
"updown",1.6,44,"PELT",0.875,0.875,0.875,8,0.0346852746811844
"updown",1.6,44,"SVP",0.875,0.875,0.875,8,0.0346852746811844
"updown",1.6,44,"SVP (BIC)",0.875,0.875,0.875,8,0.0346852746811844
"updown",1.6,45,"PELT",0.875,0.875,0.875,8,0.0216526561486963
"updown",1.6,45,"SVP",0.875,0.875,0.875,8,0.0216526561486963
"updown",1.6,45,"SVP (BIC)",0.875,0.875,0.875,8,0.0216526561486963
"updown",1.6,46,"PELT",0.875,0.875,0.875,8,0.0197287164656941
"updown",1.6,46,"SVP",0.875,0.875,0.875,8,0.0197287164656941
"updown",1.6,46,"SVP (BIC)",0.875,0.875,0.875,8,0.0197287164656941
"updown",1.6,47,"PELT",1,1,1,8,0.0125048261846647
"updown",1.6,47,"SVP",1,1,1,8,0.0125048261846647
"updown",1.6,47,"SVP (BIC)",1,1,1,8,0.0125048261846647
"updown",1.6,48,"PELT",0.875,0.875,0.875,8,0.0313022426136121
"updown",1.6,48,"SVP",0.875,0.875,0.875,8,0.0313022426136121
"updown",1.6,48,"SVP (BIC)",0.875,0.875,0.875,8,0.0313022426136121
"updown",1.6,49,"PELT",1,1,1,8,0.0181201077728036
"updown",1.6,49,"SVP",1,1,1,8,0.0181201077728036
"updown",1.6,49,"SVP (BIC)",1,1,1,8,0.0181201077728036
"updown",1.6,50,"PELT",0.75,0.75,0.75,8,0.0663649709268039
"updown",1.6,50,"SVP",0.75,0.75,0.75,8,0.0663649709268039
"updown",1.6,50,"SVP (BIC)",0.75,0.75,0.75,8,0.0663649709268039
"updown",1.6,51,"PELT",0.875,0.875,0.875,8,0.0216517668427371
"updown",1.6,51,"SVP",0.875,0.875,0.875,8,0.0216517668427371
"updown",1.6,51,"SVP (BIC)",0.875,0.875,0.875,8,0.0216517668427371
"updown",1.6,52,"PELT",0.875,0.875,0.875,8,0.0437454150684348
"updown",1.6,52,"SVP",0.875,0.875,0.875,8,0.0437454150684348
"updown",1.6,52,"SVP (BIC)",0.875,0.875,0.875,8,0.0437454150684348
"updown",1.6,53,"PELT",1,1,1,8,0.0226868495693805
"updown",1.6,53,"SVP",1,1,1,8,0.0226868495693805
"updown",1.6,53,"SVP (BIC)",1,1,1,8,0.0226868495693805
"updown",1.6,54,"PELT",0.75,0.75,0.75,8,0.0424272224937962
"updown",1.6,54,"SVP",0.75,0.75,0.75,8,0.0424272224937962
"updown",1.6,54,"SVP (BIC)",0.75,0.75,0.75,8,0.0424272224937962
"updown",1.6,55,"PELT",1,1,1,8,0.0185927434701533
"updown",1.6,55,"SVP",1,1,1,8,0.0185927434701533
"updown",1.6,55,"SVP (BIC)",1,1,1,8,0.0185927434701533
"updown",1.6,56,"PELT",0.875,0.875,0.875,8,0.0347986146455299
"updown",1.6,56,"SVP",0.875,0.875,0.875,8,0.0347986146455299
"updown",1.6,56,"SVP (BIC)",0.875,0.875,0.875,8,0.0347986146455299
"updown",1.6,57,"PELT",1,1,1,8,0.00676248353588591
"updown",1.6,57,"SVP",1,1,1,8,0.00676248353588591
"updown",1.6,57,"SVP (BIC)",1,1,1,8,0.00676248353588591
"updown",1.6,58,"PELT",0.875,0.875,0.875,8,0.0203825999730004
"updown",1.6,58,"SVP",0.875,0.875,0.875,8,0.0203825999730004
"updown",1.6,58,"SVP (BIC)",0.875,0.875,0.875,8,0.0203825999730004
"updown",1.6,59,"PELT",0.875,0.875,0.875,8,0.0223083280965132
"updown",1.6,59,"SVP",0.875,0.875,0.875,8,0.0223083280965132
"updown",1.6,59,"SVP (BIC)",0.875,0.875,0.875,8,0.0223083280965132
"updown",1.6,60,"PELT",0.875,0.875,0.875,8,0.0167468756848448
"updown",1.6,60,"SVP",0.875,0.875,0.875,8,0.0167468756848448
"updown",1.6,60,"SVP (BIC)",0.875,0.875,0.875,8,0.0167468756848448
"updown",1.6,61,"PELT",1,1,1,8,0.0146211713756942
"updown",1.6,61,"SVP",1,1,1,8,0.0146211713756942
"updown",1.6,61,"SVP (BIC)",1,1,1,8,0.0146211713756942
"updown",1.6,62,"PELT",0.875,0.875,0.875,8,0.0384020930888271
"updown",1.6,62,"SVP",0.875,0.875,0.875,8,0.0384020930888271
"updown",1.6,62,"SVP (BIC)",0.875,0.875,0.875,8,0.0384020930888271
"updown",1.6,63,"PELT",0.75,0.75,0.75,8,0.0262674280084288
"updown",1.6,63,"SVP",0.75,0.75,0.75,8,0.0262674280084288
"updown",1.6,63,"SVP (BIC)",0.75,0.75,0.75,8,0.0262674280084288
"updown",1.6,64,"PELT",0.875,0.875,0.875,8,0.031834172902706
"updown",1.6,64,"SVP",0.875,0.875,0.875,8,0.031834172902706
"updown",1.6,64,"SVP (BIC)",0.875,0.875,0.875,8,0.031834172902706
"updown",1.6,65,"PELT",0.875,0.875,0.875,8,0.0118885792404612
"updown",1.6,65,"SVP",0.875,0.875,0.875,8,0.0118885792404612
"updown",1.6,65,"SVP (BIC)",0.875,0.875,0.875,8,0.0118885792404612
"updown",1.6,66,"PELT",0.888888888888889,1,0.941176470588235,9,0.0330010407964972
"updown",1.6,66,"SVP",1,1,1,8,0.020554958061816
"updown",1.6,66,"SVP (BIC)",1,1,1,8,0.020554958061816
"updown",1.6,67,"PELT",0.875,0.875,0.875,8,0.0163051242984054
"updown",1.6,67,"SVP",0.875,0.875,0.875,8,0.0163051242984054
"updown",1.6,67,"SVP (BIC)",0.875,0.875,0.875,8,0.0163051242984054
"updown",1.6,68,"PELT",0.75,0.75,0.75,8,0.0410312612615442
"updown",1.6,68,"SVP",0.75,0.75,0.75,8,0.0410312612615442
"updown",1.6,68,"SVP (BIC)",0.75,0.75,0.75,8,0.0410312612615442
"updown",1.6,69,"PELT",1,1,1,8,0.0252168566837034
"updown",1.6,69,"SVP",1,1,1,8,0.0252168566837034
"updown",1.6,69,"SVP (BIC)",1,1,1,8,0.0252168566837034
"updown",1.6,70,"PELT",0.875,0.875,0.875,8,0.0181970223405516
"updown",1.6,70,"SVP",0.875,0.875,0.875,8,0.0181970223405516
"updown",1.6,70,"SVP (BIC)",0.875,0.875,0.875,8,0.0181970223405516
"updown",1.6,71,"PELT",0.875,0.875,0.875,8,0.0256542855646271
"updown",1.6,71,"SVP",0.875,0.875,0.875,8,0.0256542855646271
"updown",1.6,71,"SVP (BIC)",0.875,0.875,0.875,8,0.0256542855646271
"updown",1.6,72,"PELT",1,1,1,8,0.0139552073985243
"updown",1.6,72,"SVP",1,1,1,8,0.0139552073985243
"updown",1.6,72,"SVP (BIC)",1,1,1,8,0.0139552073985243
"updown",1.6,73,"PELT",0.875,0.875,0.875,8,0.0359776880024417
"updown",1.6,73,"SVP",0.875,0.875,0.875,8,0.0359776880024417
"updown",1.6,73,"SVP (BIC)",0.875,0.875,0.875,8,0.0359776880024417
"updown",1.6,74,"PELT",1,1,1,8,0.0248276143063787
"updown",1.6,74,"SVP",1,1,1,8,0.0248276143063787
"updown",1.6,74,"SVP (BIC)",1,1,1,8,0.0248276143063787
"updown",1.6,75,"PELT",0.75,0.75,0.75,8,0.0373412492234321
"updown",1.6,75,"SVP",0.75,0.75,0.75,8,0.0373412492234321
"updown",1.6,75,"SVP (BIC)",0.75,0.75,0.75,8,0.0373412492234321
"updown",1.6,76,"PELT",0.75,0.75,0.75,8,0.0427503518020234
"updown",1.6,76,"SVP",0.75,0.75,0.75,8,0.0427503518020234
"updown",1.6,76,"SVP (BIC)",0.75,0.75,0.75,8,0.0427503518020234
"updown",1.6,77,"PELT",0.75,0.75,0.75,8,0.0315176037710294
"updown",1.6,77,"SVP",0.75,0.75,0.75,8,0.0315176037710294
"updown",1.6,77,"SVP (BIC)",0.75,0.75,0.75,8,0.0315176037710294
"updown",1.6,78,"PELT",0.875,0.875,0.875,8,0.0228644919047754
"updown",1.6,78,"SVP",0.875,0.875,0.875,8,0.0228644919047754
"updown",1.6,78,"SVP (BIC)",0.875,0.875,0.875,8,0.0228644919047754
"updown",1.6,79,"PELT",0.75,0.75,0.75,8,0.0274139394501258
"updown",1.6,79,"SVP",0.75,0.75,0.75,8,0.0274139394501258
"updown",1.6,79,"SVP (BIC)",0.75,0.75,0.75,8,0.0274139394501258
"updown",1.6,80,"PELT",0.777777777777778,0.875,0.823529411764706,9,0.040536656390634
"updown",1.6,80,"SVP",0.875,0.875,0.875,8,0.0466939850843414
"updown",1.6,80,"SVP (BIC)",0.875,0.875,0.875,8,0.0466939850843414
"updown",1.6,81,"PELT",0.875,0.875,0.875,8,0.0466326852675762
"updown",1.6,81,"SVP",0.875,0.875,0.875,8,0.0466326852675762
"updown",1.6,81,"SVP (BIC)",0.875,0.875,0.875,8,0.0466326852675762
"updown",1.6,82,"PELT",0.75,0.75,0.75,8,0.0268301408060098
"updown",1.6,82,"SVP",0.75,0.75,0.75,8,0.0268301408060098
"updown",1.6,82,"SVP (BIC)",0.75,0.75,0.75,8,0.0268301408060098
"updown",1.6,83,"PELT",0.888888888888889,1,0.941176470588235,9,0.0307618858556651
"updown",1.6,83,"SVP",1,1,1,8,0.0190379485580772
"updown",1.6,83,"SVP (BIC)",1,1,1,8,0.0190379485580772
"updown",1.6,84,"PELT",0.75,0.75,0.75,8,0.0522499970042219
"updown",1.6,84,"SVP",0.75,0.75,0.75,8,0.0522499970042219
"updown",1.6,84,"SVP (BIC)",0.75,0.75,0.75,8,0.0522499970042219
"updown",1.6,85,"PELT",0.75,0.75,0.75,8,0.0329765759130402
"updown",1.6,85,"SVP",0.75,0.75,0.75,8,0.0329765759130402
"updown",1.6,85,"SVP (BIC)",0.75,0.75,0.75,8,0.0329765759130402
"updown",1.6,86,"PELT",0.875,0.875,0.875,8,0.0247516972186425
"updown",1.6,86,"SVP",0.875,0.875,0.875,8,0.0247516972186425
"updown",1.6,86,"SVP (BIC)",0.875,0.875,0.875,8,0.0247516972186425
"updown",1.6,87,"PELT",1,1,1,8,0.0094800488954635
"updown",1.6,87,"SVP",1,1,1,8,0.0094800488954635
"updown",1.6,87,"SVP (BIC)",1,1,1,8,0.0094800488954635
"updown",1.6,88,"PELT",1,1,1,8,0.0103061360037351
"updown",1.6,88,"SVP",1,1,1,8,0.0103061360037351
"updown",1.6,88,"SVP (BIC)",1,1,1,8,0.0103061360037351
"updown",1.6,89,"PELT",1,1,1,8,0.0214693150549775
"updown",1.6,89,"SVP",1,1,1,8,0.0214693150549775
"updown",1.6,89,"SVP (BIC)",1,1,1,8,0.0214693150549775
"updown",1.6,90,"PELT",1,1,1,8,0.028649650866967
"updown",1.6,90,"SVP",1,1,1,8,0.028649650866967
"updown",1.6,90,"SVP (BIC)",1,1,1,8,0.028649650866967
"updown",1.6,91,"PELT",0.666666666666667,0.75,0.705882352941177,9,0.0720557711783879
"updown",1.6,91,"SVP",0.875,0.875,0.875,8,0.0355521466656961
"updown",1.6,91,"SVP (BIC)",0.875,0.875,0.875,8,0.0355521466656961
"updown",1.6,92,"PELT",0.75,0.75,0.75,8,0.036916098792892
"updown",1.6,92,"SVP",0.75,0.75,0.75,8,0.036916098792892
"updown",1.6,92,"SVP (BIC)",0.75,0.75,0.75,8,0.036916098792892
"updown",1.6,93,"PELT",1,1,1,8,0.0125040804224638
"updown",1.6,93,"SVP",1,1,1,8,0.0125040804224638
"updown",1.6,93,"SVP (BIC)",1,1,1,8,0.0125040804224638
"updown",1.6,94,"PELT",1,1,1,8,0.0194861300398782
"updown",1.6,94,"SVP",1,1,1,8,0.0194861300398782
"updown",1.6,94,"SVP (BIC)",1,1,1,8,0.0194861300398782
"updown",1.6,95,"PELT",0.875,0.875,0.875,8,0.0298397560836084
"updown",1.6,95,"SVP",0.875,0.875,0.875,8,0.0298397560836084
"updown",1.6,95,"SVP (BIC)",0.875,0.875,0.875,8,0.0298397560836084
"updown",1.6,96,"PELT",1,1,1,8,0.0185556402259902
"updown",1.6,96,"SVP",1,1,1,8,0.0185556402259902
"updown",1.6,96,"SVP (BIC)",1,1,1,8,0.0185556402259902
"updown",1.6,97,"PELT",0.75,0.75,0.75,8,0.0304778896520145
"updown",1.6,97,"SVP",0.75,0.75,0.75,8,0.0304778896520145
"updown",1.6,97,"SVP (BIC)",0.75,0.75,0.75,8,0.0304778896520145
"updown",1.6,98,"PELT",1,1,1,8,0.0166905533351786
"updown",1.6,98,"SVP",1,1,1,8,0.0166905533351786
"updown",1.6,98,"SVP (BIC)",1,1,1,8,0.0166905533351786
"updown",1.6,99,"PELT",0.75,0.75,0.75,8,0.0948242231675559
"updown",1.6,99,"SVP",0.75,0.75,0.75,8,0.0948242231675559
"updown",1.6,99,"SVP (BIC)",0.75,0.75,0.75,8,0.0948242231675559
"updown",1.6,100,"PELT",0.875,0.875,0.875,8,0.0456318613007854
"updown",1.6,100,"SVP",0.875,0.875,0.875,8,0.0456318613007854
"updown",1.6,100,"SVP (BIC)",0.875,0.875,0.875,8,0.0456318613007854
"rand1",1.6,1,"PELT",1,0.625,0.769230769230769,5,0.0268547796425777
"rand1",1.6,1,"SVP",1,0.625,0.769230769230769,5,0.0268547796425777
"rand1",1.6,1,"SVP (BIC)",1,0.625,0.769230769230769,5,0.0268547796425777
"rand1",1.6,2,"PELT",0.714285714285714,0.625,0.666666666666667,7,0.0184141011989853
"rand1",1.6,2,"SVP",0.714285714285714,0.625,0.666666666666667,7,0.0184141011989853
"rand1",1.6,2,"SVP (BIC)",0.833333333333333,0.625,0.714285714285714,6,0.0200469004614883
"rand1",1.6,3,"PELT",1,0.625,0.769230769230769,5,0.0266702193309865
"rand1",1.6,3,"SVP",1,0.625,0.769230769230769,5,0.0266702193309865
"rand1",1.6,3,"SVP (BIC)",1,0.625,0.769230769230769,5,0.0266702193309865
"rand1",1.6,4,"PELT",0.833333333333333,0.625,0.714285714285714,6,0.0419507822503645
"rand1",1.6,4,"SVP",0.833333333333333,0.625,0.714285714285714,6,0.0592232556954528
"rand1",1.6,4,"SVP (BIC)",1,0.625,0.769230769230769,5,0.0555737125236272
"rand1",1.6,5,"PELT",0.833333333333333,0.625,0.714285714285714,6,0.027071904363414
"rand1",1.6,5,"SVP",1,0.625,0.769230769230769,5,0.0401886847801244
"rand1",1.6,5,"SVP (BIC)",1,0.625,0.769230769230769,5,0.0401886847801244
"rand1",1.6,6,"PELT",0.714285714285714,0.625,0.666666666666667,7,0.0107564611874771
"rand1",1.6,6,"SVP",1,0.625,0.769230769230769,5,0.0312117125091266
"rand1",1.6,6,"SVP (BIC)",1,0.625,0.769230769230769,5,0.0312117125091266
"rand1",1.6,7,"PELT",0.714285714285714,0.625,0.666666666666667,7,0.0264811546114412
"rand1",1.6,7,"SVP",0.714285714285714,0.625,0.666666666666667,7,0.0264811546114412
"rand1",1.6,7,"SVP (BIC)",0.833333333333333,0.625,0.714285714285714,6,0.0450024808737646
"rand1",1.6,8,"PELT",1,0.625,0.769230769230769,5,0.0236078170734486
"rand1",1.6,8,"SVP",1,0.625,0.769230769230769,5,0.0236078170734486
"rand1",1.6,8,"SVP (BIC)",1,0.625,0.769230769230769,5,0.0236078170734486
"rand1",1.6,9,"PELT",0.833333333333333,0.625,0.714285714285714,6,0.0198406799124934
"rand1",1.6,9,"SVP",0.833333333333333,0.625,0.714285714285714,6,0.0198406799124934
"rand1",1.6,9,"SVP (BIC)",0.833333333333333,0.625,0.714285714285714,6,0.0198406799124934
"rand1",1.6,10,"PELT",0.8,0.5,0.615384615384615,5,0.0401792479889052
"rand1",1.6,10,"SVP",0.8,0.5,0.615384615384615,5,0.0401792479889052
"rand1",1.6,10,"SVP (BIC)",0.8,0.5,0.615384615384615,5,0.0401792479889052
"rand1",1.6,11,"PELT",0.833333333333333,0.625,0.714285714285714,6,0.0301144845181368
"rand1",1.6,11,"SVP",0.833333333333333,0.625,0.714285714285714,6,0.0301144845181368
"rand1",1.6,11,"SVP (BIC)",0.833333333333333,0.625,0.714285714285714,6,0.0301144845181368
"rand1",1.6,12,"PELT",0.857142857142857,0.75,0.8,7,0.0188502137640313
"rand1",1.6,12,"SVP",0.857142857142857,0.75,0.8,7,0.0188502137640313
"rand1",1.6,12,"SVP (BIC)",1,0.75,0.857142857142857,6,0.0200607115348899
"rand1",1.6,13,"PELT",1,0.625,0.769230769230769,5,0.0237916792067508
"rand1",1.6,13,"SVP",1,0.625,0.769230769230769,5,0.0237916792067508
"rand1",1.6,13,"SVP (BIC)",1,0.625,0.769230769230769,5,0.0237916792067508
"rand1",1.6,14,"PELT",1,0.625,0.769230769230769,5,0.0506937689831636
"rand1",1.6,14,"SVP",1,0.625,0.769230769230769,5,0.0506937689831636
"rand1",1.6,14,"SVP (BIC)",1,0.625,0.769230769230769,5,0.0506937689831636
"rand1",1.6,15,"PELT",0.714285714285714,0.625,0.666666666666667,7,0.012170092014036
"rand1",1.6,15,"SVP",1,0.625,0.769230769230769,5,0.0370181395719658
"rand1",1.6,15,"SVP (BIC)",1,0.625,0.769230769230769,5,0.031279496708057
"rand1",1.6,16,"PELT",0.714285714285714,0.625,0.666666666666667,7,0.045268925869864
"rand1",1.6,16,"SVP",1,0.625,0.769230769230769,5,0.060140070329656
"rand1",1.6,16,"SVP (BIC)",1,0.625,0.769230769230769,5,0.060140070329656
"rand1",1.6,17,"PELT",0.714285714285714,0.625,0.666666666666667,7,0.0364004291867454
"rand1",1.6,17,"SVP",0.833333333333333,0.625,0.714285714285714,6,0.0267819563343646
"rand1",1.6,17,"SVP (BIC)",0.833333333333333,0.625,0.714285714285714,6,0.0267819563343646
"rand1",1.6,18,"PELT",0.833333333333333,0.625,0.714285714285714,6,0.0372312145693262
"rand1",1.6,18,"SVP",1,0.625,0.769230769230769,5,0.0511367496158693
"rand1",1.6,18,"SVP (BIC)",1,0.625,0.769230769230769,5,0.0511367496158693
"rand1",1.6,19,"PELT",0.8,0.5,0.615384615384615,5,0.0500264041947951
"rand1",1.6,19,"SVP",0.8,0.5,0.615384615384615,5,0.0500264041947951
"rand1",1.6,19,"SVP (BIC)",0.8,0.5,0.615384615384615,5,0.0500264041947951
"rand1",1.6,20,"PELT",0.714285714285714,0.625,0.666666666666667,7,0.0388724526874267
"rand1",1.6,20,"SVP",1,0.625,0.769230769230769,5,0.0505921474716755
"rand1",1.6,20,"SVP (BIC)",1,0.625,0.769230769230769,5,0.0505921474716755
"rand1",1.6,21,"PELT",0.833333333333333,0.625,0.714285714285714,6,0.0311439092212401
"rand1",1.6,21,"SVP",1,0.625,0.769230769230769,5,0.0438011355263785
"rand1",1.6,21,"SVP (BIC)",1,0.625,0.769230769230769,5,0.0438011355263785
"rand1",1.6,22,"PELT",0.666666666666667,0.5,0.571428571428572,6,0.0357412159980734
"rand1",1.6,22,"SVP",0.8,0.5,0.615384615384615,5,0.0473931044805571
"rand1",1.6,22,"SVP (BIC)",0.8,0.5,0.615384615384615,5,0.0473931044805571
"rand1",1.6,23,"PELT",0.857142857142857,0.75,0.8,7,0.0299347412097807
"rand1",1.6,23,"SVP",0.833333333333333,0.625,0.714285714285714,6,0.0301382275483759
"rand1",1.6,23,"SVP (BIC)",1,0.625,0.769230769230769,5,0.038532866584262
"rand1",1.6,24,"PELT",1,0.625,0.769230769230769,5,0.0329194382031438
"rand1",1.6,24,"SVP",1,0.625,0.769230769230769,5,0.0329194382031438
"rand1",1.6,24,"SVP (BIC)",1,0.625,0.769230769230769,5,0.0329194382031438
"rand1",1.6,25,"PELT",1,0.625,0.769230769230769,5,0.0336735899616736
"rand1",1.6,25,"SVP",1,0.625,0.769230769230769,5,0.0336735899616736
"rand1",1.6,25,"SVP (BIC)",1,0.625,0.769230769230769,5,0.0336735899616736
"rand1",1.6,26,"PELT",0.833333333333333,0.625,0.714285714285714,6,0.0129996689462176
"rand1",1.6,26,"SVP",1,0.625,0.769230769230769,5,0.0278366082050791
"rand1",1.6,26,"SVP (BIC)",1,0.625,0.769230769230769,5,0.0278366082050791
"rand1",1.6,27,"PELT",1,0.625,0.769230769230769,5,0.0305859050243027
"rand1",1.6,27,"SVP",1,0.625,0.769230769230769,5,0.0305859050243027
"rand1",1.6,27,"SVP (BIC)",1,0.625,0.769230769230769,5,0.0305859050243027
"rand1",1.6,28,"PELT",1,0.75,0.857142857142857,6,0.0148748082046653
"rand1",1.6,28,"SVP",1,0.625,0.769230769230769,5,0.0290666278834539
"rand1",1.6,28,"SVP (BIC)",1,0.625,0.769230769230769,5,0.0290666278834539
"rand1",1.6,29,"PELT",0.833333333333333,0.625,0.714285714285714,6,0.024981878415195
"rand1",1.6,29,"SVP",1,0.625,0.769230769230769,5,0.0425130603449701
"rand1",1.6,29,"SVP (BIC)",1,0.625,0.769230769230769,5,0.0425130603449701
"rand1",1.6,30,"PELT",0.714285714285714,0.625,0.666666666666667,7,0.0320495175971263
"rand1",1.6,30,"SVP",1,0.625,0.769230769230769,5,0.0480408095402854
"rand1",1.6,30,"SVP (BIC)",1,0.625,0.769230769230769,5,0.0480408095402854
"rand1",1.6,31,"PELT",0.833333333333333,0.625,0.714285714285714,6,0.0174098897678134
"rand1",1.6,31,"SVP",1,0.625,0.769230769230769,5,0.03196874740777
"rand1",1.6,31,"SVP (BIC)",1,0.625,0.769230769230769,5,0.03196874740777
"rand1",1.6,32,"PELT",0.714285714285714,0.625,0.666666666666667,7,0.0346970699177111
"rand1",1.6,32,"SVP",1,0.625,0.769230769230769,5,0.0329576044560644
"rand1",1.6,32,"SVP (BIC)",1,0.625,0.769230769230769,5,0.0329576044560644
"rand1",1.6,33,"PELT",0.833333333333333,0.625,0.714285714285714,6,0.0196077839259736
"rand1",1.6,33,"SVP",0.833333333333333,0.625,0.714285714285714,6,0.0196077839259736
"rand1",1.6,33,"SVP (BIC)",1,0.625,0.769230769230769,5,0.0326535496384064
"rand1",1.6,34,"PELT",0.857142857142857,0.75,0.8,7,0.031835114446362
"rand1",1.6,34,"SVP",0.833333333333333,0.625,0.714285714285714,6,0.0268228203460947
"rand1",1.6,34,"SVP (BIC)",1,0.625,0.769230769230769,5,0.0315045420521399
"rand1",1.6,35,"PELT",1,0.625,0.769230769230769,5,0.0369085145973896
"rand1",1.6,35,"SVP",1,0.625,0.769230769230769,5,0.0369085145973896
"rand1",1.6,35,"SVP (BIC)",1,0.625,0.769230769230769,5,0.0369085145973896
"rand1",1.6,36,"PELT",1,0.625,0.769230769230769,5,0.0329276931669507
"rand1",1.6,36,"SVP",1,0.625,0.769230769230769,5,0.0329276931669507
"rand1",1.6,36,"SVP (BIC)",1,0.625,0.769230769230769,5,0.0329276931669507
"rand1",1.6,37,"PELT",1,0.75,0.857142857142857,6,0.0189666550564382
"rand1",1.6,37,"SVP",1,0.625,0.769230769230769,5,0.0345024345654756
"rand1",1.6,37,"SVP (BIC)",1,0.625,0.769230769230769,5,0.0345024345654756
"rand1",1.6,38,"PELT",0.833333333333333,0.625,0.714285714285714,6,0.0205856553554885
"rand1",1.6,38,"SVP",0.833333333333333,0.625,0.714285714285714,6,0.0205856553554885
"rand1",1.6,38,"SVP (BIC)",1,0.625,0.769230769230769,5,0.0316556701981593
"rand1",1.6,39,"PELT",1,0.625,0.769230769230769,5,0.0360900272514794
"rand1",1.6,39,"SVP",1,0.625,0.769230769230769,5,0.0360900272514794
"rand1",1.6,39,"SVP (BIC)",1,0.625,0.769230769230769,5,0.0360900272514794
"rand1",1.6,40,"PELT",0.833333333333333,0.625,0.714285714285714,6,0.0454450213203228
"rand1",1.6,40,"SVP",0.833333333333333,0.625,0.714285714285714,6,0.0454450213203228
"rand1",1.6,40,"SVP (BIC)",1,0.625,0.769230769230769,5,0.0306713787331478
"rand1",1.6,41,"PELT",1,0.625,0.769230769230769,5,0.0284789220932776
"rand1",1.6,41,"SVP",1,0.625,0.769230769230769,5,0.0284789220932776
"rand1",1.6,41,"SVP (BIC)",1,0.625,0.769230769230769,5,0.0284789220932776
"rand1",1.6,42,"PELT",0.833333333333333,0.625,0.714285714285714,6,0.0177373987396612
"rand1",1.6,42,"SVP",0.833333333333333,0.625,0.714285714285714,6,0.0177373987396612
"rand1",1.6,42,"SVP (BIC)",0.833333333333333,0.625,0.714285714285714,6,0.0177373987396612
"rand1",1.6,43,"PELT",1,0.625,0.769230769230769,5,0.0389879572063825
"rand1",1.6,43,"SVP",1,0.625,0.769230769230769,5,0.0389879572063825
"rand1",1.6,43,"SVP (BIC)",1,0.625,0.769230769230769,5,0.0389879572063825
"rand1",1.6,44,"PELT",1,0.625,0.769230769230769,5,0.0345557529948688
"rand1",1.6,44,"SVP",1,0.625,0.769230769230769,5,0.0345557529948688
"rand1",1.6,44,"SVP (BIC)",1,0.625,0.769230769230769,5,0.0345557529948688
"rand1",1.6,45,"PELT",1,0.625,0.769230769230769,5,0.0387558349141644
"rand1",1.6,45,"SVP",1,0.625,0.769230769230769,5,0.0387558349141644
"rand1",1.6,45,"SVP (BIC)",1,0.625,0.769230769230769,5,0.0387558349141644
"rand1",1.6,46,"PELT",0.857142857142857,0.75,0.8,7,0.0340494464977699
"rand1",1.6,46,"SVP",1,0.75,0.857142857142857,6,0.0201629893523048
"rand1",1.6,46,"SVP (BIC)",1,0.75,0.857142857142857,6,0.0201629893523048
"rand1",1.6,47,"PELT",0.857142857142857,0.75,0.8,7,0.0126595077746821
"rand1",1.6,47,"SVP",0.857142857142857,0.75,0.8,7,0.0126595077746821
"rand1",1.6,47,"SVP (BIC)",0.833333333333333,0.625,0.714285714285714,6,0.0223642344491305
"rand1",1.6,48,"PELT",1,0.625,0.769230769230769,5,0.0248094181008857
"rand1",1.6,48,"SVP",1,0.625,0.769230769230769,5,0.0248094181008857
"rand1",1.6,48,"SVP (BIC)",1,0.625,0.769230769230769,5,0.0248094181008857
"rand1",1.6,49,"PELT",0.833333333333333,0.625,0.714285714285714,6,0.0103506960951106
"rand1",1.6,49,"SVP",0.833333333333333,0.625,0.714285714285714,6,0.0103506960951106
"rand1",1.6,49,"SVP (BIC)",1,0.625,0.769230769230769,5,0.0246487929684468
"rand1",1.6,50,"PELT",0.75,0.75,0.75,8,0.0291139161440757
"rand1",1.6,50,"SVP",0.833333333333333,0.625,0.714285714285714,6,0.0476436712985981
"rand1",1.6,50,"SVP (BIC)",1,0.625,0.769230769230769,5,0.0326470828407925
"rand1",1.6,51,"PELT",0.833333333333333,0.625,0.714285714285714,6,0.0167651291038132
"rand1",1.6,51,"SVP",1,0.625,0.769230769230769,5,0.0301088197625735
"rand1",1.6,51,"SVP (BIC)",1,0.625,0.769230769230769,5,0.0301088197625735
"rand1",1.6,52,"PELT",0.714285714285714,0.625,0.666666666666667,7,0.0315971042494804
"rand1",1.6,52,"SVP",0.833333333333333,0.625,0.714285714285714,6,0.0342583913585778
"rand1",1.6,52,"SVP (BIC)",0.833333333333333,0.625,0.714285714285714,6,0.0342583913585778
"rand1",1.6,53,"PELT",1,0.625,0.769230769230769,5,0.0355988308174375
"rand1",1.6,53,"SVP",1,0.625,0.769230769230769,5,0.0355988308174375
"rand1",1.6,53,"SVP (BIC)",1,0.625,0.769230769230769,5,0.0355988308174375
"rand1",1.6,54,"PELT",0.833333333333333,0.625,0.714285714285714,6,0.0401030965678882
"rand1",1.6,54,"SVP",0.833333333333333,0.625,0.714285714285714,6,0.0401030965678882
"rand1",1.6,54,"SVP (BIC)",0.833333333333333,0.625,0.714285714285714,6,0.0401030965678882
"rand1",1.6,55,"PELT",0.833333333333333,0.625,0.714285714285714,6,0.0309708827930323
"rand1",1.6,55,"SVP",0.833333333333333,0.625,0.714285714285714,6,0.0309708827930323
"rand1",1.6,55,"SVP (BIC)",1,0.625,0.769230769230769,5,0.0430954078826847
"rand1",1.6,56,"PELT",0.571428571428571,0.5,0.533333333333333,7,0.0474042615270429
"rand1",1.6,56,"SVP",0.666666666666667,0.5,0.571428571428572,6,0.0407337375885964
"rand1",1.6,56,"SVP (BIC)",0.666666666666667,0.5,0.571428571428572,6,0.0407337375885964
"rand1",1.6,57,"PELT",1,0.75,0.857142857142857,6,0.0211953439084728
"rand1",1.6,57,"SVP",1,0.75,0.857142857142857,6,0.0211953439084728
"rand1",1.6,57,"SVP (BIC)",1,0.625,0.769230769230769,5,0.0363400179999983
"rand1",1.6,58,"PELT",1,0.75,0.857142857142857,6,0.0217515502572348
"rand1",1.6,58,"SVP",1,0.75,0.857142857142857,6,0.0217515502572348
"rand1",1.6,58,"SVP (BIC)",1,0.625,0.769230769230769,5,0.0367412224552702
"rand1",1.6,59,"PELT",1,0.75,0.857142857142857,6,0.021924249719192
"rand1",1.6,59,"SVP",1,0.625,0.769230769230769,5,0.0374135391652044
"rand1",1.6,59,"SVP (BIC)",1,0.625,0.769230769230769,5,0.0374135391652044
"rand1",1.6,60,"PELT",1,0.75,0.857142857142857,6,0.0106854319964096
"rand1",1.6,60,"SVP",1,0.75,0.857142857142857,6,0.0106854319964096
"rand1",1.6,60,"SVP (BIC)",1,0.625,0.769230769230769,5,0.0251542648893723
"rand1",1.6,61,"PELT",0.833333333333333,0.625,0.714285714285714,6,0.0221278499426725
"rand1",1.6,61,"SVP",0.833333333333333,0.625,0.714285714285714,6,0.0221278499426725
"rand1",1.6,61,"SVP (BIC)",1,0.625,0.769230769230769,5,0.0361159439104707
"rand1",1.6,62,"PELT",1,0.625,0.769230769230769,5,0.0478284709340778
"rand1",1.6,62,"SVP",1,0.625,0.769230769230769,5,0.0478284709340778
"rand1",1.6,62,"SVP (BIC)",1,0.625,0.769230769230769,5,0.0478284709340778
"rand1",1.6,63,"PELT",0.833333333333333,0.625,0.714285714285714,6,0.0188209601899276
"rand1",1.6,63,"SVP",0.833333333333333,0.625,0.714285714285714,6,0.0188209601899276
"rand1",1.6,63,"SVP (BIC)",0.833333333333333,0.625,0.714285714285714,6,0.0188209601899276
"rand1",1.6,64,"PELT",0.833333333333333,0.625,0.714285714285714,6,0.0404878783851933
"rand1",1.6,64,"SVP",0.833333333333333,0.625,0.714285714285714,6,0.0404878783851933
"rand1",1.6,64,"SVP (BIC)",0.833333333333333,0.625,0.714285714285714,6,0.0404878783851933
"rand1",1.6,65,"PELT",0.714285714285714,0.625,0.666666666666667,7,0.0456147786782145
"rand1",1.6,65,"SVP",0.714285714285714,0.625,0.666666666666667,7,0.0456147786782145
"rand1",1.6,65,"SVP (BIC)",0.833333333333333,0.625,0.714285714285714,6,0.0293152602665246
"rand1",1.6,66,"PELT",0.714285714285714,0.625,0.666666666666667,7,0.0381250915006509
"rand1",1.6,66,"SVP",0.833333333333333,0.625,0.714285714285714,6,0.0339079641284876
"rand1",1.6,66,"SVP (BIC)",0.833333333333333,0.625,0.714285714285714,6,0.0339079641284876
"rand1",1.6,67,"PELT",1,0.625,0.769230769230769,5,0.0303644068540622
"rand1",1.6,67,"SVP",1,0.625,0.769230769230769,5,0.0303644068540622
"rand1",1.6,67,"SVP (BIC)",1,0.625,0.769230769230769,5,0.0303644068540622
"rand1",1.6,68,"PELT",0.714285714285714,0.625,0.666666666666667,7,0.0523721239307651
"rand1",1.6,68,"SVP",1,0.625,0.769230769230769,5,0.0495924706005174
"rand1",1.6,68,"SVP (BIC)",1,0.625,0.769230769230769,5,0.0495924706005174
"rand1",1.6,69,"PELT",0.8,0.5,0.615384615384615,5,0.0543384071147441
"rand1",1.6,69,"SVP",0.8,0.5,0.615384615384615,5,0.0543384071147441
"rand1",1.6,69,"SVP (BIC)",0.8,0.5,0.615384615384615,5,0.0543384071147441
"rand1",1.6,70,"PELT",1,0.625,0.769230769230769,5,0.0359677103690147
"rand1",1.6,70,"SVP",1,0.625,0.769230769230769,5,0.0359677103690147
"rand1",1.6,70,"SVP (BIC)",1,0.625,0.769230769230769,5,0.0359677103690147
"rand1",1.6,71,"PELT",0.833333333333333,0.625,0.714285714285714,6,0.0218042461145511
"rand1",1.6,71,"SVP",0.833333333333333,0.625,0.714285714285714,6,0.0218042461145511
"rand1",1.6,71,"SVP (BIC)",1,0.625,0.769230769230769,5,0.0353877784756054
"rand1",1.6,72,"PELT",0.714285714285714,0.625,0.666666666666667,7,0.0407388799325574
"rand1",1.6,72,"SVP",0.833333333333333,0.625,0.714285714285714,6,0.0417935948765134
"rand1",1.6,72,"SVP (BIC)",1,0.625,0.769230769230769,5,0.0513588226649231
"rand1",1.6,73,"PELT",0.833333333333333,0.625,0.714285714285714,6,0.0221880296531338
"rand1",1.6,73,"SVP",0.833333333333333,0.625,0.714285714285714,6,0.0221880296531338
"rand1",1.6,73,"SVP (BIC)",0.833333333333333,0.625,0.714285714285714,6,0.0221880296531338
"rand1",1.6,74,"PELT",0.857142857142857,0.75,0.8,7,0.0359796070991109
"rand1",1.6,74,"SVP",0.833333333333333,0.625,0.714285714285714,6,0.0415654850552683
"rand1",1.6,74,"SVP (BIC)",1,0.625,0.769230769230769,5,0.0507268487876385
"rand1",1.6,75,"PELT",0.857142857142857,0.75,0.8,7,0.0104298176265382
"rand1",1.6,75,"SVP",1,0.625,0.769230769230769,5,0.0306530464136344
"rand1",1.6,75,"SVP (BIC)",1,0.625,0.769230769230769,5,0.0306530464136344
"rand1",1.6,76,"PELT",1,0.625,0.769230769230769,5,0.025782249135302
"rand1",1.6,76,"SVP",0.833333333333333,0.625,0.714285714285714,6,0.0308903775293462
"rand1",1.6,76,"SVP (BIC)",1,0.625,0.769230769230769,5,0.025782249135302
"rand1",1.6,77,"PELT",1,0.625,0.769230769230769,5,0.0378923682101387
"rand1",1.6,77,"SVP",1,0.625,0.769230769230769,5,0.0378923682101387
"rand1",1.6,77,"SVP (BIC)",1,0.625,0.769230769230769,5,0.0378923682101387
"rand1",1.6,78,"PELT",1,0.875,0.933333333333333,7,0.00980863191152777
"rand1",1.6,78,"SVP",1,0.875,0.933333333333333,7,0.00980863191152777
"rand1",1.6,78,"SVP (BIC)",1,0.75,0.857142857142857,6,0.0149856123077751
"rand1",1.6,79,"PELT",1,0.625,0.769230769230769,5,0.0414876970873373
"rand1",1.6,79,"SVP",1,0.625,0.769230769230769,5,0.0414876970873373
"rand1",1.6,79,"SVP (BIC)",1,0.625,0.769230769230769,5,0.0414876970873373
"rand1",1.6,80,"PELT",1,0.75,0.857142857142857,6,0.0127008001617337
"rand1",1.6,80,"SVP",1,0.625,0.769230769230769,5,0.0283715253836131
"rand1",1.6,80,"SVP (BIC)",1,0.625,0.769230769230769,5,0.0283715253836131
"rand1",1.6,81,"PELT",0.666666666666667,0.5,0.571428571428572,6,0.0383385750695407
"rand1",1.6,81,"SVP",0.8,0.5,0.615384615384615,5,0.0442216230711098
"rand1",1.6,81,"SVP (BIC)",0.8,0.5,0.615384615384615,5,0.0442216230711098
"rand1",1.6,82,"PELT",0.833333333333333,0.625,0.714285714285714,6,0.032018011648456
"rand1",1.6,82,"SVP",1,0.625,0.769230769230769,5,0.0457285836514949
"rand1",1.6,82,"SVP (BIC)",1,0.625,0.769230769230769,5,0.0457285836514949
"rand1",1.6,83,"PELT",1,0.75,0.857142857142857,6,0.0147911701078898
"rand1",1.6,83,"SVP",1,0.75,0.857142857142857,6,0.0147911701078898
"rand1",1.6,83,"SVP (BIC)",1,0.625,0.769230769230769,5,0.0298484792515973
"rand1",1.6,84,"PELT",0.833333333333333,0.625,0.714285714285714,6,0.0180876570472922
"rand1",1.6,84,"SVP",0.833333333333333,0.625,0.714285714285714,6,0.0180876570472922
"rand1",1.6,84,"SVP (BIC)",0.833333333333333,0.625,0.714285714285714,6,0.0180876570472922
"rand1",1.6,85,"PELT",0.833333333333333,0.625,0.714285714285714,6,0.0199571287149816
"rand1",1.6,85,"SVP",0.833333333333333,0.625,0.714285714285714,6,0.0199571287149816
"rand1",1.6,85,"SVP (BIC)",0.833333333333333,0.625,0.714285714285714,6,0.0199571287149816
"rand1",1.6,86,"PELT",1,0.75,0.857142857142857,6,0.0272613860353726
"rand1",1.6,86,"SVP",1,0.75,0.857142857142857,6,0.0272613860353726
"rand1",1.6,86,"SVP (BIC)",1,0.625,0.769230769230769,5,0.0425158143226753
"rand1",1.6,87,"PELT",0.833333333333333,0.625,0.714285714285714,6,0.0194751135750435
"rand1",1.6,87,"SVP",1,0.625,0.769230769230769,5,0.0258082078954785
"rand1",1.6,87,"SVP (BIC)",1,0.625,0.769230769230769,5,0.0258082078954785
"rand1",1.6,88,"PELT",1,0.625,0.769230769230769,5,0.0242039001742113
"rand1",1.6,88,"SVP",1,0.625,0.769230769230769,5,0.0242039001742113
"rand1",1.6,88,"SVP (BIC)",1,0.625,0.769230769230769,5,0.0242039001742113
"rand1",1.6,89,"PELT",1,0.625,0.769230769230769,5,0.0299334678397509
"rand1",1.6,89,"SVP",1,0.625,0.769230769230769,5,0.0299334678397509
"rand1",1.6,89,"SVP (BIC)",1,0.625,0.769230769230769,5,0.0299334678397509
"rand1",1.6,90,"PELT",0.833333333333333,0.625,0.714285714285714,6,0.0264770685018664
"rand1",1.6,90,"SVP",1,0.625,0.769230769230769,5,0.0407414159125843
"rand1",1.6,90,"SVP (BIC)",1,0.625,0.769230769230769,5,0.0407414159125843
"rand1",1.6,91,"PELT",0.857142857142857,0.75,0.8,7,0.0135487487685541
"rand1",1.6,91,"SVP",0.857142857142857,0.75,0.8,7,0.0135487487685541
"rand1",1.6,91,"SVP (BIC)",1,0.625,0.769230769230769,5,0.0304922208842077
"rand1",1.6,92,"PELT",0.833333333333333,0.625,0.714285714285714,6,0.0286910357779547
"rand1",1.6,92,"SVP",0.833333333333333,0.625,0.714285714285714,6,0.0286910357779547
"rand1",1.6,92,"SVP (BIC)",1,0.625,0.769230769230769,5,0.0436546299529535
"rand1",1.6,93,"PELT",1,0.625,0.769230769230769,5,0.0363900624033765
"rand1",1.6,93,"SVP",1,0.625,0.769230769230769,5,0.0363900624033765
"rand1",1.6,93,"SVP (BIC)",1,0.625,0.769230769230769,5,0.0363900624033765
"rand1",1.6,94,"PELT",0.833333333333333,0.625,0.714285714285714,6,0.0240701671790746
"rand1",1.6,94,"SVP",1,0.625,0.769230769230769,5,0.0368163295746174
"rand1",1.6,94,"SVP (BIC)",1,0.625,0.769230769230769,5,0.0368163295746174
"rand1",1.6,95,"PELT",0.857142857142857,0.75,0.8,7,0.0256715628449309
"rand1",1.6,95,"SVP",0.857142857142857,0.75,0.8,7,0.0256715628449309
"rand1",1.6,95,"SVP (BIC)",0.833333333333333,0.625,0.714285714285714,6,0.0458158166852338
"rand1",1.6,96,"PELT",0.857142857142857,0.75,0.8,7,0.00752739897982152
"rand1",1.6,96,"SVP",1,0.75,0.857142857142857,6,0.0116491465361801
"rand1",1.6,96,"SVP (BIC)",1,0.625,0.769230769230769,5,0.02581141667777
"rand1",1.6,97,"PELT",1,0.625,0.769230769230769,5,0.0381413250837018
"rand1",1.6,97,"SVP",0.833333333333333,0.625,0.714285714285714,6,0.0430026564876115
"rand1",1.6,97,"SVP (BIC)",1,0.625,0.769230769230769,5,0.0381413250837018
"rand1",1.6,98,"PELT",0.714285714285714,0.625,0.666666666666667,7,0.0191948931668479
"rand1",1.6,98,"SVP",0.833333333333333,0.625,0.714285714285714,6,0.0364598818334549
"rand1",1.6,98,"SVP (BIC)",1,0.625,0.769230769230769,5,0.0341764483609239
"rand1",1.6,99,"PELT",0.857142857142857,0.75,0.8,7,0.0259165179445627
"rand1",1.6,99,"SVP",0.857142857142857,0.75,0.8,7,0.0259165179445627
"rand1",1.6,99,"SVP (BIC)",1,0.75,0.857142857142857,6,0.0251396463350209
"rand1",1.6,100,"PELT",0.666666666666667,0.5,0.571428571428572,6,0.049283352156865
"rand1",1.6,100,"SVP",0.666666666666667,0.5,0.571428571428572,6,0.049283352156865
"rand1",1.6,100,"SVP (BIC)",0.8,0.5,0.615384615384615,5,0.0480432107328136
"none",1.7,1,"PELT",1,1,1,1,0.0012112522505224
"none",1.7,1,"SVP",1,1,1,1,0.0012112522505224
"none",1.7,1,"SVP (BIC)",1,1,1,1,0.0012112522505224
"none",1.7,2,"PELT",1,1,1,1,0.000127839683895665
"none",1.7,2,"SVP",1,1,1,1,0.000127839683895665
"none",1.7,2,"SVP (BIC)",1,1,1,1,0.000127839683895665
"none",1.7,3,"PELT",1,1,1,1,0.00022328491605625
"none",1.7,3,"SVP",1,1,1,1,0.00022328491605625
"none",1.7,3,"SVP (BIC)",1,1,1,1,0.00022328491605625
"none",1.7,4,"PELT",1,1,1,1,9.07818853350986e-05
"none",1.7,4,"SVP",1,1,1,1,9.07818853350986e-05
"none",1.7,4,"SVP (BIC)",1,1,1,1,9.07818853350986e-05
"none",1.7,5,"PELT",1,1,1,1,0.00468560177374993
"none",1.7,5,"SVP",1,1,1,1,0.00468560177374993
"none",1.7,5,"SVP (BIC)",1,1,1,1,0.00468560177374993
"none",1.7,6,"PELT",0.5,1,0.666666666666667,2,0.0159097655176778
"none",1.7,6,"SVP",1,1,1,1,2.92002221467745e-05
"none",1.7,6,"SVP (BIC)",1,1,1,1,2.92002221467745e-05
"none",1.7,7,"PELT",1,1,1,1,0.000693983617501453
"none",1.7,7,"SVP",1,1,1,1,0.000693983617501453
"none",1.7,7,"SVP (BIC)",1,1,1,1,0.000693983617501453
"none",1.7,8,"PELT",1,1,1,1,1.33650657030338e-05
"none",1.7,8,"SVP",1,1,1,1,1.33650657030338e-05
"none",1.7,8,"SVP (BIC)",1,1,1,1,1.33650657030338e-05
"none",1.7,9,"PELT",0.333333333333333,1,0.5,3,0.0292750568531926
"none",1.7,9,"SVP",0.5,1,0.666666666666667,2,0.000185468450793179
"none",1.7,9,"SVP (BIC)",0.5,1,0.666666666666667,2,0.00122358318367363
"none",1.7,10,"PELT",1,1,1,1,0.000123469245358593
"none",1.7,10,"SVP",1,1,1,1,0.000123469245358593
"none",1.7,10,"SVP (BIC)",1,1,1,1,0.000123469245358593
"none",1.7,11,"PELT",1,1,1,1,0.000131393919934929
"none",1.7,11,"SVP",1,1,1,1,0.000131393919934929
"none",1.7,11,"SVP (BIC)",1,1,1,1,0.000131393919934929
"none",1.7,12,"PELT",1,1,1,1,0.000239506909579542
"none",1.7,12,"SVP",1,1,1,1,0.000239506909579542
"none",1.7,12,"SVP (BIC)",1,1,1,1,0.000239506909579542
"none",1.7,13,"PELT",1,1,1,1,0.000665159756276842
"none",1.7,13,"SVP",1,1,1,1,0.000665159756276842
"none",1.7,13,"SVP (BIC)",1,1,1,1,0.000665159756276842
"none",1.7,14,"PELT",1,1,1,1,5.1177082044132e-06
"none",1.7,14,"SVP",1,1,1,1,5.1177082044132e-06
"none",1.7,14,"SVP (BIC)",1,1,1,1,5.1177082044132e-06
"none",1.7,15,"PELT",1,1,1,1,0.0010354077225516
"none",1.7,15,"SVP",1,1,1,1,0.0010354077225516
"none",1.7,15,"SVP (BIC)",1,1,1,1,0.0010354077225516
"none",1.7,16,"PELT",1,1,1,1,9.36145055116076e-05
"none",1.7,16,"SVP",1,1,1,1,9.36145055116076e-05
"none",1.7,16,"SVP (BIC)",1,1,1,1,9.36145055116076e-05
"none",1.7,17,"PELT",1,1,1,1,0.000700197909242836
"none",1.7,17,"SVP",1,1,1,1,0.000700197909242836
"none",1.7,17,"SVP (BIC)",1,1,1,1,0.000700197909242836
"none",1.7,18,"PELT",1,1,1,1,0.00735242072545478
"none",1.7,18,"SVP",0.5,1,0.666666666666667,2,0.0142065959114783
"none",1.7,18,"SVP (BIC)",1,1,1,1,0.00735242072545478
"none",1.7,19,"PELT",1,1,1,1,0.000513209465458439
"none",1.7,19,"SVP",1,1,1,1,0.000513209465458439
"none",1.7,19,"SVP (BIC)",1,1,1,1,0.000513209465458439
"none",1.7,20,"PELT",1,1,1,1,0.00257299958543076
"none",1.7,20,"SVP",1,1,1,1,0.00257299958543076
"none",1.7,20,"SVP (BIC)",1,1,1,1,0.00257299958543076
"none",1.7,21,"PELT",1,1,1,1,0.000564023089021754
"none",1.7,21,"SVP",1,1,1,1,0.000564023089021754
"none",1.7,21,"SVP (BIC)",1,1,1,1,0.000564023089021754
"none",1.7,22,"PELT",1,1,1,1,0.00273732598219983
"none",1.7,22,"SVP",1,1,1,1,0.00273732598219983
"none",1.7,22,"SVP (BIC)",1,1,1,1,0.00273732598219983
"none",1.7,23,"PELT",1,1,1,1,0.000378371334298972
"none",1.7,23,"SVP",1,1,1,1,0.000378371334298972
"none",1.7,23,"SVP (BIC)",1,1,1,1,0.000378371334298972
"none",1.7,24,"PELT",1,1,1,1,0.000571734712905215
"none",1.7,24,"SVP",1,1,1,1,0.000571734712905215
"none",1.7,24,"SVP (BIC)",1,1,1,1,0.000571734712905215
"none",1.7,25,"PELT",1,1,1,1,1.83153041677446e-05
"none",1.7,25,"SVP",1,1,1,1,1.83153041677446e-05
"none",1.7,25,"SVP (BIC)",1,1,1,1,1.83153041677446e-05
"none",1.7,26,"PELT",1,1,1,1,0.000231472538630725
"none",1.7,26,"SVP",1,1,1,1,0.000231472538630725
"none",1.7,26,"SVP (BIC)",1,1,1,1,0.000231472538630725
"none",1.7,27,"PELT",1,1,1,1,3.978231697438e-05
"none",1.7,27,"SVP",1,1,1,1,3.978231697438e-05
"none",1.7,27,"SVP (BIC)",1,1,1,1,3.978231697438e-05
"none",1.7,28,"PELT",1,1,1,1,0.00790932963315854
"none",1.7,28,"SVP",1,1,1,1,0.00790932963315854
"none",1.7,28,"SVP (BIC)",1,1,1,1,0.00790932963315854
"none",1.7,29,"PELT",1,1,1,1,0.00735386753322943
"none",1.7,29,"SVP",1,1,1,1,0.00735386753322943
"none",1.7,29,"SVP (BIC)",1,1,1,1,0.00735386753322943
"none",1.7,30,"PELT",1,1,1,1,0.000192785122283184
"none",1.7,30,"SVP",1,1,1,1,0.000192785122283184
"none",1.7,30,"SVP (BIC)",1,1,1,1,0.000192785122283184
"none",1.7,31,"PELT",1,1,1,1,0.000251805338199736
"none",1.7,31,"SVP",1,1,1,1,0.000251805338199736
"none",1.7,31,"SVP (BIC)",1,1,1,1,0.000251805338199736
"none",1.7,32,"PELT",1,1,1,1,0.000438025473523246
"none",1.7,32,"SVP",1,1,1,1,0.000438025473523246
"none",1.7,32,"SVP (BIC)",1,1,1,1,0.000438025473523246
"none",1.7,33,"PELT",1,1,1,1,0.000435952235655156
"none",1.7,33,"SVP",1,1,1,1,0.000435952235655156
"none",1.7,33,"SVP (BIC)",1,1,1,1,0.000435952235655156
"none",1.7,34,"PELT",1,1,1,1,0.000341614356835488
"none",1.7,34,"SVP",1,1,1,1,0.000341614356835488
"none",1.7,34,"SVP (BIC)",1,1,1,1,0.000341614356835488
"none",1.7,35,"PELT",1,1,1,1,4.07387139022478e-05
"none",1.7,35,"SVP",1,1,1,1,4.07387139022478e-05
"none",1.7,35,"SVP (BIC)",1,1,1,1,4.07387139022478e-05
"none",1.7,36,"PELT",1,1,1,1,4.37063461818998e-05
"none",1.7,36,"SVP",1,1,1,1,4.37063461818998e-05
"none",1.7,36,"SVP (BIC)",1,1,1,1,4.37063461818998e-05
"none",1.7,37,"PELT",1,1,1,1,0.000193326128436651
"none",1.7,37,"SVP",1,1,1,1,0.000193326128436651
"none",1.7,37,"SVP (BIC)",1,1,1,1,0.000193326128436651
"none",1.7,38,"PELT",1,1,1,1,8.98198372566931e-07
"none",1.7,38,"SVP",1,1,1,1,8.98198372566931e-07
"none",1.7,38,"SVP (BIC)",1,1,1,1,8.98198372566931e-07
"none",1.7,39,"PELT",1,1,1,1,0.000119695258360591
"none",1.7,39,"SVP",1,1,1,1,0.000119695258360591
"none",1.7,39,"SVP (BIC)",1,1,1,1,0.000119695258360591
"none",1.7,40,"PELT",1,1,1,1,6.63085823479654e-06
"none",1.7,40,"SVP",1,1,1,1,6.63085823479654e-06
"none",1.7,40,"SVP (BIC)",1,1,1,1,6.63085823479654e-06
"none",1.7,41,"PELT",1,1,1,1,0.00328908254199695
"none",1.7,41,"SVP",0.5,1,0.666666666666667,2,0.00375678481163748
"none",1.7,41,"SVP (BIC)",1,1,1,1,0.00328908254199695
"none",1.7,42,"PELT",1,1,1,1,0.00116471270575649
"none",1.7,42,"SVP",1,1,1,1,0.00116471270575649
"none",1.7,42,"SVP (BIC)",1,1,1,1,0.00116471270575649
"none",1.7,43,"PELT",1,1,1,1,0.000104001776043665
"none",1.7,43,"SVP",1,1,1,1,0.000104001776043665
"none",1.7,43,"SVP (BIC)",1,1,1,1,0.000104001776043665
"none",1.7,44,"PELT",1,1,1,1,3.23294946561199e-07
"none",1.7,44,"SVP",1,1,1,1,3.23294946561199e-07
"none",1.7,44,"SVP (BIC)",1,1,1,1,3.23294946561199e-07
"none",1.7,45,"PELT",1,1,1,1,5.66146432967488e-05
"none",1.7,45,"SVP",1,1,1,1,5.66146432967488e-05
"none",1.7,45,"SVP (BIC)",1,1,1,1,5.66146432967488e-05
"none",1.7,46,"PELT",1,1,1,1,0.000156795104809308
"none",1.7,46,"SVP",1,1,1,1,0.000156795104809308
"none",1.7,46,"SVP (BIC)",1,1,1,1,0.000156795104809308
"none",1.7,47,"PELT",1,1,1,1,3.96390112034009e-05
"none",1.7,47,"SVP",1,1,1,1,3.96390112034009e-05
"none",1.7,47,"SVP (BIC)",1,1,1,1,3.96390112034009e-05
"none",1.7,48,"PELT",1,1,1,1,0.000143264108737051
"none",1.7,48,"SVP",1,1,1,1,0.000143264108737051
"none",1.7,48,"SVP (BIC)",1,1,1,1,0.000143264108737051
"none",1.7,49,"PELT",1,1,1,1,0.000593946915206686
"none",1.7,49,"SVP",1,1,1,1,0.000593946915206686
"none",1.7,49,"SVP (BIC)",1,1,1,1,0.000593946915206686
"none",1.7,50,"PELT",1,1,1,1,0.00503014867286807
"none",1.7,50,"SVP",1,1,1,1,0.00503014867286807
"none",1.7,50,"SVP (BIC)",1,1,1,1,0.00503014867286807
"none",1.7,51,"PELT",1,1,1,1,0.000926933658381488
"none",1.7,51,"SVP",1,1,1,1,0.000926933658381488
"none",1.7,51,"SVP (BIC)",1,1,1,1,0.000926933658381488
"none",1.7,52,"PELT",1,1,1,1,0.000344225776745639
"none",1.7,52,"SVP",1,1,1,1,0.000344225776745639
"none",1.7,52,"SVP (BIC)",1,1,1,1,0.000344225776745639
"none",1.7,53,"PELT",1,1,1,1,0.000792026515956465
"none",1.7,53,"SVP",1,1,1,1,0.000792026515956465
"none",1.7,53,"SVP (BIC)",1,1,1,1,0.000792026515956465
"none",1.7,54,"PELT",1,1,1,1,2.30858936225278e-05
"none",1.7,54,"SVP",1,1,1,1,2.30858936225278e-05
"none",1.7,54,"SVP (BIC)",1,1,1,1,2.30858936225278e-05
"none",1.7,55,"PELT",1,1,1,1,5.92235547261813e-06
"none",1.7,55,"SVP",1,1,1,1,5.92235547261813e-06
"none",1.7,55,"SVP (BIC)",1,1,1,1,5.92235547261813e-06
"none",1.7,56,"PELT",1,1,1,1,0.00287805314581175
"none",1.7,56,"SVP",1,1,1,1,0.00287805314581175
"none",1.7,56,"SVP (BIC)",1,1,1,1,0.00287805314581175
"none",1.7,57,"PELT",1,1,1,1,0.00356128145033968
"none",1.7,57,"SVP",1,1,1,1,0.00356128145033968
"none",1.7,57,"SVP (BIC)",1,1,1,1,0.00356128145033968
"none",1.7,58,"PELT",1,1,1,1,0.000511466451567338
"none",1.7,58,"SVP",1,1,1,1,0.000511466451567338
"none",1.7,58,"SVP (BIC)",1,1,1,1,0.000511466451567338
"none",1.7,59,"PELT",1,1,1,1,0.000567234756517056
"none",1.7,59,"SVP",1,1,1,1,0.000567234756517056
"none",1.7,59,"SVP (BIC)",1,1,1,1,0.000567234756517056
"none",1.7,60,"PELT",1,1,1,1,0.0028897076098961
"none",1.7,60,"SVP",1,1,1,1,0.0028897076098961
"none",1.7,60,"SVP (BIC)",1,1,1,1,0.0028897076098961
"none",1.7,61,"PELT",1,1,1,1,0.0088375572288545
"none",1.7,61,"SVP",1,1,1,1,0.0088375572288545
"none",1.7,61,"SVP (BIC)",1,1,1,1,0.0088375572288545
"none",1.7,62,"PELT",1,1,1,1,0.00146203559096134
"none",1.7,62,"SVP",1,1,1,1,0.00146203559096134
"none",1.7,62,"SVP (BIC)",1,1,1,1,0.00146203559096134
"none",1.7,63,"PELT",1,1,1,1,6.24779037397577e-05
"none",1.7,63,"SVP",1,1,1,1,6.24779037397577e-05
"none",1.7,63,"SVP (BIC)",1,1,1,1,6.24779037397577e-05
"none",1.7,64,"PELT",1,1,1,1,0.000192416150436774
"none",1.7,64,"SVP",1,1,1,1,0.000192416150436774
"none",1.7,64,"SVP (BIC)",1,1,1,1,0.000192416150436774
"none",1.7,65,"PELT",1,1,1,1,0.0017007680616064
"none",1.7,65,"SVP",1,1,1,1,0.0017007680616064
"none",1.7,65,"SVP (BIC)",1,1,1,1,0.0017007680616064
"none",1.7,66,"PELT",1,1,1,1,4.16600874281465e-05
"none",1.7,66,"SVP",1,1,1,1,4.16600874281465e-05
"none",1.7,66,"SVP (BIC)",1,1,1,1,4.16600874281465e-05
"none",1.7,67,"PELT",1,1,1,1,1.41773548785273e-05
"none",1.7,67,"SVP",1,1,1,1,1.41773548785273e-05
"none",1.7,67,"SVP (BIC)",1,1,1,1,1.41773548785273e-05
"none",1.7,68,"PELT",1,1,1,1,0.00167691066164464
"none",1.7,68,"SVP",1,1,1,1,0.00167691066164464
"none",1.7,68,"SVP (BIC)",1,1,1,1,0.00167691066164464
"none",1.7,69,"PELT",0.333333333333333,1,0.5,3,0.0307990095727046
"none",1.7,69,"SVP",0.333333333333333,1,0.5,3,0.0307990095727046
"none",1.7,69,"SVP (BIC)",1,1,1,1,0.000519359057589196
"none",1.7,70,"PELT",1,1,1,1,6.40226858464696e-05
"none",1.7,70,"SVP",1,1,1,1,6.40226858464696e-05
"none",1.7,70,"SVP (BIC)",1,1,1,1,6.40226858464696e-05
"none",1.7,71,"PELT",1,1,1,1,0.000709020638451518
"none",1.7,71,"SVP",1,1,1,1,0.000709020638451518
"none",1.7,71,"SVP (BIC)",1,1,1,1,0.000709020638451518
"none",1.7,72,"PELT",1,1,1,1,0.00012395377826498
"none",1.7,72,"SVP",1,1,1,1,0.00012395377826498
"none",1.7,72,"SVP (BIC)",1,1,1,1,0.00012395377826498
"none",1.7,73,"PELT",1,1,1,1,0.000327834753582315
"none",1.7,73,"SVP",1,1,1,1,0.000327834753582315
"none",1.7,73,"SVP (BIC)",1,1,1,1,0.000327834753582315
"none",1.7,74,"PELT",1,1,1,1,3.69977939991866e-07
"none",1.7,74,"SVP",0.5,1,0.666666666666667,2,0.00269302636506087
"none",1.7,74,"SVP (BIC)",1,1,1,1,3.69977939991866e-07
"none",1.7,75,"PELT",1,1,1,1,0.00014523719186884
"none",1.7,75,"SVP",1,1,1,1,0.00014523719186884
"none",1.7,75,"SVP (BIC)",1,1,1,1,0.00014523719186884
"none",1.7,76,"PELT",1,1,1,1,0.00264693544507448
"none",1.7,76,"SVP",1,1,1,1,0.00264693544507448
"none",1.7,76,"SVP (BIC)",1,1,1,1,0.00264693544507448
"none",1.7,77,"PELT",1,1,1,1,0.000413448628441883
"none",1.7,77,"SVP",1,1,1,1,0.000413448628441883
"none",1.7,77,"SVP (BIC)",1,1,1,1,0.000413448628441883
"none",1.7,78,"PELT",1,1,1,1,0.000739444540516196
"none",1.7,78,"SVP",1,1,1,1,0.000739444540516196
"none",1.7,78,"SVP (BIC)",1,1,1,1,0.000739444540516196
"none",1.7,79,"PELT",1,1,1,1,0.000286451476647906
"none",1.7,79,"SVP",1,1,1,1,0.000286451476647906
"none",1.7,79,"SVP (BIC)",1,1,1,1,0.000286451476647906
"none",1.7,80,"PELT",1,1,1,1,0.000224426307433582
"none",1.7,80,"SVP",1,1,1,1,0.000224426307433582
"none",1.7,80,"SVP (BIC)",1,1,1,1,0.000224426307433582
"none",1.7,81,"PELT",1,1,1,1,3.20426053480468e-06
"none",1.7,81,"SVP",1,1,1,1,3.20426053480468e-06
"none",1.7,81,"SVP (BIC)",1,1,1,1,3.20426053480468e-06
"none",1.7,82,"PELT",1,1,1,1,0.000940017867805226
"none",1.7,82,"SVP",1,1,1,1,0.000940017867805226
"none",1.7,82,"SVP (BIC)",1,1,1,1,0.000940017867805226
"none",1.7,83,"PELT",1,1,1,1,3.95364614616196e-05
"none",1.7,83,"SVP",1,1,1,1,3.95364614616196e-05
"none",1.7,83,"SVP (BIC)",1,1,1,1,3.95364614616196e-05
"none",1.7,84,"PELT",1,1,1,1,0.00128175516417867
"none",1.7,84,"SVP",1,1,1,1,0.00128175516417867
"none",1.7,84,"SVP (BIC)",1,1,1,1,0.00128175516417867
"none",1.7,85,"PELT",1,1,1,1,7.23744749652503e-07
"none",1.7,85,"SVP",1,1,1,1,7.23744749652503e-07
"none",1.7,85,"SVP (BIC)",1,1,1,1,7.23744749652503e-07
"none",1.7,86,"PELT",1,1,1,1,0.00132603699486401
"none",1.7,86,"SVP",1,1,1,1,0.00132603699486401
"none",1.7,86,"SVP (BIC)",1,1,1,1,0.00132603699486401
"none",1.7,87,"PELT",1,1,1,1,1.46489051069155e-05
"none",1.7,87,"SVP",1,1,1,1,1.46489051069155e-05
"none",1.7,87,"SVP (BIC)",1,1,1,1,1.46489051069155e-05
"none",1.7,88,"PELT",1,1,1,1,0.00440377729504494
"none",1.7,88,"SVP",1,1,1,1,0.00440377729504494
"none",1.7,88,"SVP (BIC)",1,1,1,1,0.00440377729504494
"none",1.7,89,"PELT",1,1,1,1,2.19631027676856e-05
"none",1.7,89,"SVP",1,1,1,1,2.19631027676856e-05
"none",1.7,89,"SVP (BIC)",1,1,1,1,2.19631027676856e-05
"none",1.7,90,"PELT",1,1,1,1,0.000290382040634302
"none",1.7,90,"SVP",1,1,1,1,0.000290382040634302
"none",1.7,90,"SVP (BIC)",1,1,1,1,0.000290382040634302
"none",1.7,91,"PELT",0.5,1,0.666666666666667,2,0.0197002423985077
"none",1.7,91,"SVP",0.5,1,0.666666666666667,2,0.0197002423985077
"none",1.7,91,"SVP (BIC)",1,1,1,1,0.000484385997866594
"none",1.7,92,"PELT",1,1,1,1,0.00489639065936991
"none",1.7,92,"SVP",1,1,1,1,0.00489639065936991
"none",1.7,92,"SVP (BIC)",1,1,1,1,0.00489639065936991
"none",1.7,93,"PELT",1,1,1,1,0.000102736833459321
"none",1.7,93,"SVP",1,1,1,1,0.000102736833459321
"none",1.7,93,"SVP (BIC)",1,1,1,1,0.000102736833459321
"none",1.7,94,"PELT",1,1,1,1,2.70126143856062e-07
"none",1.7,94,"SVP",1,1,1,1,2.70126143856062e-07
"none",1.7,94,"SVP (BIC)",1,1,1,1,2.70126143856062e-07
"none",1.7,95,"PELT",1,1,1,1,1.61024743687108e-05
"none",1.7,95,"SVP",1,1,1,1,1.61024743687108e-05
"none",1.7,95,"SVP (BIC)",1,1,1,1,1.61024743687108e-05
"none",1.7,96,"PELT",1,1,1,1,0.00229559362059672
"none",1.7,96,"SVP",1,1,1,1,0.00229559362059672
"none",1.7,96,"SVP (BIC)",1,1,1,1,0.00229559362059672
"none",1.7,97,"PELT",1,1,1,1,0.00785878241866953
"none",1.7,97,"SVP",1,1,1,1,0.00785878241866953
"none",1.7,97,"SVP (BIC)",1,1,1,1,0.00785878241866953
"none",1.7,98,"PELT",1,1,1,1,8.5975906866569e-05
"none",1.7,98,"SVP",1,1,1,1,8.5975906866569e-05
"none",1.7,98,"SVP (BIC)",1,1,1,1,8.5975906866569e-05
"none",1.7,99,"PELT",1,1,1,1,0.00259625662965466
"none",1.7,99,"SVP",1,1,1,1,0.00259625662965466
"none",1.7,99,"SVP (BIC)",1,1,1,1,0.00259625662965466
"none",1.7,100,"PELT",1,1,1,1,7.37862218682161e-05
"none",1.7,100,"SVP",1,1,1,1,7.37862218682161e-05
"none",1.7,100,"SVP (BIC)",1,1,1,1,7.37862218682161e-05
"up",1.7,1,"PELT",0.875,0.875,0.875,8,0.0256807266657533
"up",1.7,1,"SVP",0.875,0.875,0.875,8,0.0256807266657533
"up",1.7,1,"SVP (BIC)",0.875,0.875,0.875,8,0.0256807266657533
"up",1.7,2,"PELT",0.875,0.875,0.875,8,0.030975156369638
"up",1.7,2,"SVP",0.875,0.875,0.875,8,0.030975156369638
"up",1.7,2,"SVP (BIC)",0.875,0.875,0.875,8,0.030975156369638
"up",1.7,3,"PELT",0.875,0.875,0.875,8,0.0354714168199986
"up",1.7,3,"SVP",0.875,0.875,0.875,8,0.0354714168199986
"up",1.7,3,"SVP (BIC)",0.875,0.875,0.875,8,0.0354714168199986
"up",1.7,4,"PELT",1,1,1,8,0.0119744806494525
"up",1.7,4,"SVP",1,1,1,8,0.0119744806494525
"up",1.7,4,"SVP (BIC)",1,1,1,8,0.0119744806494525
"up",1.7,5,"PELT",0.875,0.875,0.875,8,0.0192745226950981
"up",1.7,5,"SVP",0.777777777777778,0.875,0.823529411764706,9,0.0303163630822082
"up",1.7,5,"SVP (BIC)",0.875,0.875,0.875,8,0.0192745226950981
"up",1.7,6,"PELT",0.875,0.875,0.875,8,0.0262899643230467
"up",1.7,6,"SVP",0.875,0.875,0.875,8,0.0262899643230467
"up",1.7,6,"SVP (BIC)",0.875,0.875,0.875,8,0.0262899643230467
"up",1.7,7,"PELT",1,1,1,8,0.0183873593748745
"up",1.7,7,"SVP",1,1,1,8,0.0183873593748745
"up",1.7,7,"SVP (BIC)",1,1,1,8,0.0183873593748745
"up",1.7,8,"PELT",0.875,0.875,0.875,8,0.022951096153327
"up",1.7,8,"SVP",0.875,0.875,0.875,8,0.022951096153327
"up",1.7,8,"SVP (BIC)",0.875,0.875,0.875,8,0.022951096153327
"up",1.7,9,"PELT",1,1,1,8,0.0256899217158204
"up",1.7,9,"SVP",1,1,1,8,0.0256899217158204
"up",1.7,9,"SVP (BIC)",1,1,1,8,0.0256899217158204
"up",1.7,10,"PELT",0.75,0.75,0.75,8,0.0297242491997967
"up",1.7,10,"SVP",0.75,0.75,0.75,8,0.0297242491997967
"up",1.7,10,"SVP (BIC)",0.75,0.75,0.75,8,0.0297242491997967
"up",1.7,11,"PELT",0.875,0.875,0.875,8,0.018265881667548
"up",1.7,11,"SVP",0.875,0.875,0.875,8,0.018265881667548
"up",1.7,11,"SVP (BIC)",0.875,0.875,0.875,8,0.018265881667548
"up",1.7,12,"PELT",0.75,0.75,0.75,8,0.0282007787869761
"up",1.7,12,"SVP",0.75,0.75,0.75,8,0.0282007787869761
"up",1.7,12,"SVP (BIC)",0.75,0.75,0.75,8,0.0282007787869761
"up",1.7,13,"PELT",0.875,0.875,0.875,8,0.0213500770920639
"up",1.7,13,"SVP",0.875,0.875,0.875,8,0.0213500770920639
"up",1.7,13,"SVP (BIC)",0.875,0.875,0.875,8,0.0213500770920639
"up",1.7,14,"PELT",1,1,1,8,0.0261101343271773
"up",1.7,14,"SVP",1,1,1,8,0.0261101343271773
"up",1.7,14,"SVP (BIC)",1,1,1,8,0.0261101343271773
"up",1.7,15,"PELT",0.875,0.875,0.875,8,0.0453147208285085
"up",1.7,15,"SVP",0.875,0.875,0.875,8,0.0453147208285085
"up",1.7,15,"SVP (BIC)",0.875,0.875,0.875,8,0.0453147208285085
"up",1.7,16,"PELT",1,1,1,8,0.0192654578448213
"up",1.7,16,"SVP",1,1,1,8,0.0192654578448213
"up",1.7,16,"SVP (BIC)",1,1,1,8,0.0192654578448213
"up",1.7,17,"PELT",0.875,0.875,0.875,8,0.0275380554385685
"up",1.7,17,"SVP",0.875,0.875,0.875,8,0.0275380554385685
"up",1.7,17,"SVP (BIC)",0.875,0.875,0.875,8,0.0275380554385685
"up",1.7,18,"PELT",0.75,0.75,0.75,8,0.0333682793115911
"up",1.7,18,"SVP",0.75,0.75,0.75,8,0.0333682793115911
"up",1.7,18,"SVP (BIC)",0.75,0.75,0.75,8,0.0333682793115911
"up",1.7,19,"PELT",1,1,1,8,0.0138828107488008
"up",1.7,19,"SVP",1,1,1,8,0.0138828107488008
"up",1.7,19,"SVP (BIC)",1,1,1,8,0.0138828107488008
"up",1.7,20,"PELT",1,1,1,8,0.0174561189716903
"up",1.7,20,"SVP",1,1,1,8,0.0231445468326785
"up",1.7,20,"SVP (BIC)",1,1,1,8,0.0174561189716903
"up",1.7,21,"PELT",0.875,0.875,0.875,8,0.0280340926004025
"up",1.7,21,"SVP",0.875,0.875,0.875,8,0.0280340926004025
"up",1.7,21,"SVP (BIC)",0.875,0.875,0.875,8,0.0280340926004025
"up",1.7,22,"PELT",0.875,0.875,0.875,8,0.039820896486609
"up",1.7,22,"SVP",0.875,0.875,0.875,8,0.039820896486609
"up",1.7,22,"SVP (BIC)",0.875,0.875,0.875,8,0.039820896486609
"up",1.7,23,"PELT",1,1,1,8,0.016135342869666
"up",1.7,23,"SVP",1,1,1,8,0.016135342869666
"up",1.7,23,"SVP (BIC)",1,1,1,8,0.016135342869666
"up",1.7,24,"PELT",0.875,0.875,0.875,8,0.0386384153753185
"up",1.7,24,"SVP",0.875,0.875,0.875,8,0.0386384153753185
"up",1.7,24,"SVP (BIC)",0.875,0.875,0.875,8,0.0386384153753185
"up",1.7,25,"PELT",1,1,1,8,0.0298298812658032
"up",1.7,25,"SVP",1,1,1,8,0.0298298812658032
"up",1.7,25,"SVP (BIC)",1,1,1,8,0.0298298812658032
"up",1.7,26,"PELT",1,1,1,8,0.0117391659686837
"up",1.7,26,"SVP",1,1,1,8,0.0117391659686837
"up",1.7,26,"SVP (BIC)",1,1,1,8,0.0117391659686837
"up",1.7,27,"PELT",1,1,1,8,0.00551382286396183
"up",1.7,27,"SVP",1,1,1,8,0.00551382286396183
"up",1.7,27,"SVP (BIC)",1,1,1,8,0.00551382286396183
"up",1.7,28,"PELT",0.875,0.875,0.875,8,0.0343322611404161
"up",1.7,28,"SVP",0.875,0.875,0.875,8,0.0343322611404161
"up",1.7,28,"SVP (BIC)",0.875,0.875,0.875,8,0.0343322611404161
"up",1.7,29,"PELT",1,1,1,8,0.0159642607501066
"up",1.7,29,"SVP",1,1,1,8,0.0159642607501066
"up",1.7,29,"SVP (BIC)",1,1,1,8,0.0159642607501066
"up",1.7,30,"PELT",0.875,0.875,0.875,8,0.0371554897924171
"up",1.7,30,"SVP",0.875,0.875,0.875,8,0.0371554897924171
"up",1.7,30,"SVP (BIC)",0.875,0.875,0.875,8,0.0371554897924171
"up",1.7,31,"PELT",0.75,0.75,0.75,8,0.0436233231366924
"up",1.7,31,"SVP",0.75,0.75,0.75,8,0.0436233231366924
"up",1.7,31,"SVP (BIC)",0.75,0.75,0.75,8,0.0436233231366924
"up",1.7,32,"PELT",0.625,0.625,0.625,8,0.0403097613303983
"up",1.7,32,"SVP",0.625,0.625,0.625,8,0.0403097613303983
"up",1.7,32,"SVP (BIC)",0.625,0.625,0.625,8,0.0403097613303983
"up",1.7,33,"PELT",1,1,1,8,0.0275367649246664
"up",1.7,33,"SVP",1,1,1,8,0.0275367649246664
"up",1.7,33,"SVP (BIC)",1,1,1,8,0.0275367649246664
"up",1.7,34,"PELT",1,1,1,8,0.0173875401119721
"up",1.7,34,"SVP",1,1,1,8,0.0173875401119721
"up",1.7,34,"SVP (BIC)",1,1,1,8,0.0173875401119721
"up",1.7,35,"PELT",1,1,1,8,0.0192065417779003
"up",1.7,35,"SVP",1,1,1,8,0.0192065417779003
"up",1.7,35,"SVP (BIC)",1,1,1,8,0.0192065417779003
"up",1.7,36,"PELT",0.75,0.75,0.75,8,0.0302931082347798
"up",1.7,36,"SVP",0.75,0.75,0.75,8,0.0302931082347798
"up",1.7,36,"SVP (BIC)",0.75,0.75,0.75,8,0.0302931082347798
"up",1.7,37,"PELT",0.875,0.875,0.875,8,0.0444360328618375
"up",1.7,37,"SVP",0.875,0.875,0.875,8,0.0444360328618375
"up",1.7,37,"SVP (BIC)",0.875,0.875,0.875,8,0.0444360328618375
"up",1.7,38,"PELT",1,1,1,8,0.0135494678135414
"up",1.7,38,"SVP",1,1,1,8,0.0135494678135414
"up",1.7,38,"SVP (BIC)",1,1,1,8,0.0135494678135414
"up",1.7,39,"PELT",1,1,1,8,0.0331810266087923
"up",1.7,39,"SVP",1,1,1,8,0.0331810266087923
"up",1.7,39,"SVP (BIC)",1,1,1,8,0.0331810266087923
"up",1.7,40,"PELT",0.875,0.875,0.875,8,0.027416538044231
"up",1.7,40,"SVP",0.875,0.875,0.875,8,0.027416538044231
"up",1.7,40,"SVP (BIC)",0.875,0.875,0.875,8,0.027416538044231
"up",1.7,41,"PELT",1,1,1,8,0.0245730165572432
"up",1.7,41,"SVP",1,1,1,8,0.0245730165572432
"up",1.7,41,"SVP (BIC)",1,1,1,8,0.0245730165572432
"up",1.7,42,"PELT",0.625,0.625,0.625,8,0.0366292436531705
"up",1.7,42,"SVP",0.625,0.625,0.625,8,0.0366292436531705
"up",1.7,42,"SVP (BIC)",0.625,0.625,0.625,8,0.0366292436531705
"up",1.7,43,"PELT",1,1,1,8,0.0300164670258284
"up",1.7,43,"SVP",1,1,1,8,0.0300164670258284
"up",1.7,43,"SVP (BIC)",1,1,1,8,0.0300164670258284
"up",1.7,44,"PELT",0.875,0.875,0.875,8,0.042887147006553
"up",1.7,44,"SVP",0.875,0.875,0.875,8,0.042887147006553
"up",1.7,44,"SVP (BIC)",0.875,0.875,0.875,8,0.042887147006553
"up",1.7,45,"PELT",1,1,1,8,0.0135178200283682
"up",1.7,45,"SVP",1,1,1,8,0.0135178200283682
"up",1.7,45,"SVP (BIC)",1,1,1,8,0.0135178200283682
"up",1.7,46,"PELT",1,1,1,8,0.0144011630083828
"up",1.7,46,"SVP",1,1,1,8,0.0144011630083828
"up",1.7,46,"SVP (BIC)",1,1,1,8,0.0144011630083828
"up",1.7,47,"PELT",1,1,1,8,0.0228541384684562
"up",1.7,47,"SVP",1,1,1,8,0.0228541384684562
"up",1.7,47,"SVP (BIC)",1,1,1,8,0.0228541384684562
"up",1.7,48,"PELT",1,1,1,8,0.0255706476362368
"up",1.7,48,"SVP",1,1,1,8,0.0255706476362368
"up",1.7,48,"SVP (BIC)",1,1,1,8,0.0255706476362368
"up",1.7,49,"PELT",0.75,0.75,0.75,8,0.0204266670836959
"up",1.7,49,"SVP",0.75,0.75,0.75,8,0.0204266670836959
"up",1.7,49,"SVP (BIC)",0.75,0.75,0.75,8,0.0204266670836959
"up",1.7,50,"PELT",1,1,1,8,0.0135303704321111
"up",1.7,50,"SVP",1,1,1,8,0.0135303704321111
"up",1.7,50,"SVP (BIC)",1,1,1,8,0.0135303704321111
"up",1.7,51,"PELT",0.875,0.875,0.875,8,0.0159505218377438
"up",1.7,51,"SVP",0.875,0.875,0.875,8,0.0159505218377438
"up",1.7,51,"SVP (BIC)",0.875,0.875,0.875,8,0.0159505218377438
"up",1.7,52,"PELT",1,1,1,8,0.0271046625383808
"up",1.7,52,"SVP",1,1,1,8,0.0271046625383808
"up",1.7,52,"SVP (BIC)",1,1,1,8,0.0271046625383808
"up",1.7,53,"PELT",0.888888888888889,1,0.941176470588235,9,0.0367461536681747
"up",1.7,53,"SVP",1,1,1,8,0.0207412923813516
"up",1.7,53,"SVP (BIC)",1,1,1,8,0.0207412923813516
"up",1.7,54,"PELT",1,1,1,8,0.0154043316704747
"up",1.7,54,"SVP",1,1,1,8,0.0154043316704747
"up",1.7,54,"SVP (BIC)",1,1,1,8,0.0154043316704747
"up",1.7,55,"PELT",0.875,0.875,0.875,8,0.0228245751999862
"up",1.7,55,"SVP",0.875,0.875,0.875,8,0.0228245751999862
"up",1.7,55,"SVP (BIC)",0.875,0.875,0.875,8,0.0228245751999862
"up",1.7,56,"PELT",0.875,0.875,0.875,8,0.0215252680134819
"up",1.7,56,"SVP",0.875,0.875,0.875,8,0.0215252680134819
"up",1.7,56,"SVP (BIC)",0.875,0.875,0.875,8,0.0215252680134819
"up",1.7,57,"PELT",1,1,1,8,0.0173970198362843
"up",1.7,57,"SVP",1,1,1,8,0.0173970198362843
"up",1.7,57,"SVP (BIC)",1,1,1,8,0.0173970198362843
"up",1.7,58,"PELT",0.875,0.875,0.875,8,0.0217704444855424
"up",1.7,58,"SVP",0.875,0.875,0.875,8,0.0217704444855424
"up",1.7,58,"SVP (BIC)",0.875,0.875,0.875,8,0.0217704444855424
"up",1.7,59,"PELT",0.75,0.75,0.75,8,0.0455724989146313
"up",1.7,59,"SVP",0.75,0.75,0.75,8,0.0455724989146313
"up",1.7,59,"SVP (BIC)",0.75,0.75,0.75,8,0.0455724989146313
"up",1.7,60,"PELT",0.75,0.75,0.75,8,0.0433202344318342
"up",1.7,60,"SVP",0.75,0.75,0.75,8,0.0433202344318342
"up",1.7,60,"SVP (BIC)",0.75,0.75,0.75,8,0.0433202344318342
"up",1.7,61,"PELT",1,1,1,8,0.00955413153252764
"up",1.7,61,"SVP",1,1,1,8,0.00955413153252764
"up",1.7,61,"SVP (BIC)",1,1,1,8,0.00955413153252764
"up",1.7,62,"PELT",0.888888888888889,1,0.941176470588235,9,0.0271434396746623
"up",1.7,62,"SVP",1,1,1,8,0.0129742329022544
"up",1.7,62,"SVP (BIC)",1,1,1,8,0.0129742329022544
"up",1.7,63,"PELT",0.875,0.875,0.875,8,0.0329783477977704
"up",1.7,63,"SVP",0.875,0.875,0.875,8,0.0329783477977704
"up",1.7,63,"SVP (BIC)",0.875,0.875,0.875,8,0.0329783477977704
"up",1.7,64,"PELT",1,1,1,8,0.00440225496461924
"up",1.7,64,"SVP",1,1,1,8,0.00440225496461924
"up",1.7,64,"SVP (BIC)",1,1,1,8,0.00440225496461924
"up",1.7,65,"PELT",1,1,1,8,0.0222885841229387
"up",1.7,65,"SVP",1,1,1,8,0.0222885841229387
"up",1.7,65,"SVP (BIC)",1,1,1,8,0.0222885841229387
"up",1.7,66,"PELT",0.875,0.875,0.875,8,0.0272953280972635
"up",1.7,66,"SVP",0.875,0.875,0.875,8,0.0272953280972635
"up",1.7,66,"SVP (BIC)",0.875,0.875,0.875,8,0.0272953280972635
"up",1.7,67,"PELT",1,1,1,8,0.0232563671010027
"up",1.7,67,"SVP",1,1,1,8,0.0232563671010027
"up",1.7,67,"SVP (BIC)",1,1,1,8,0.0232563671010027
"up",1.7,68,"PELT",1,1,1,8,0.0279323396594047
"up",1.7,68,"SVP",1,1,1,8,0.0279323396594047
"up",1.7,68,"SVP (BIC)",1,1,1,8,0.0279323396594047
"up",1.7,69,"PELT",0.875,0.875,0.875,8,0.0164240929161634
"up",1.7,69,"SVP",0.875,0.875,0.875,8,0.0164240929161634
"up",1.7,69,"SVP (BIC)",0.875,0.875,0.875,8,0.0164240929161634
"up",1.7,70,"PELT",0.875,0.875,0.875,8,0.0310216789728015
"up",1.7,70,"SVP",0.875,0.875,0.875,8,0.0310216789728015
"up",1.7,70,"SVP (BIC)",0.875,0.875,0.875,8,0.0310216789728015
"up",1.7,71,"PELT",1,1,1,8,0.031909235090454
"up",1.7,71,"SVP",1,1,1,8,0.031909235090454
"up",1.7,71,"SVP (BIC)",1,1,1,8,0.031909235090454
"up",1.7,72,"PELT",1,1,1,8,0.00917325371061785
"up",1.7,72,"SVP",1,1,1,8,0.00917325371061785
"up",1.7,72,"SVP (BIC)",1,1,1,8,0.00917325371061785
"up",1.7,73,"PELT",1,1,1,8,0.0253929833937272
"up",1.7,73,"SVP",1,1,1,8,0.0253929833937272
"up",1.7,73,"SVP (BIC)",1,1,1,8,0.0253929833937272
"up",1.7,74,"PELT",1,1,1,8,0.0106740076773019
"up",1.7,74,"SVP",1,1,1,8,0.0106740076773019
"up",1.7,74,"SVP (BIC)",1,1,1,8,0.0106740076773019
"up",1.7,75,"PELT",0.875,0.875,0.875,8,0.0232029620183393
"up",1.7,75,"SVP",0.875,0.875,0.875,8,0.0232029620183393
"up",1.7,75,"SVP (BIC)",0.875,0.875,0.875,8,0.0232029620183393
"up",1.7,76,"PELT",0.875,0.875,0.875,8,0.025898949149252
"up",1.7,76,"SVP",0.75,0.75,0.75,8,0.0526924189309065
"up",1.7,76,"SVP (BIC)",0.875,0.875,0.875,8,0.025898949149252
"up",1.7,77,"PELT",0.875,0.875,0.875,8,0.0394312551840025
"up",1.7,77,"SVP",0.875,0.875,0.875,8,0.0394312551840025
"up",1.7,77,"SVP (BIC)",0.875,0.875,0.875,8,0.0394312551840025
"up",1.7,78,"PELT",1,1,1,8,0.0143725400970409
"up",1.7,78,"SVP",1,1,1,8,0.0143725400970409
"up",1.7,78,"SVP (BIC)",1,1,1,8,0.0143725400970409
"up",1.7,79,"PELT",1,1,1,8,0.0180867977935983
"up",1.7,79,"SVP",1,1,1,8,0.0180867977935983
"up",1.7,79,"SVP (BIC)",1,1,1,8,0.0180867977935983
"up",1.7,80,"PELT",1,1,1,8,0.0216773464597915
"up",1.7,80,"SVP",1,1,1,8,0.0216773464597915
"up",1.7,80,"SVP (BIC)",1,1,1,8,0.0216773464597915
"up",1.7,81,"PELT",0.875,0.875,0.875,8,0.0271768788451667
"up",1.7,81,"SVP",0.875,0.875,0.875,8,0.0271768788451667
"up",1.7,81,"SVP (BIC)",0.875,0.875,0.875,8,0.0271768788451667
"up",1.7,82,"PELT",0.875,0.875,0.875,8,0.035599187742815
"up",1.7,82,"SVP",0.875,0.875,0.875,8,0.035599187742815
"up",1.7,82,"SVP (BIC)",0.875,0.875,0.875,8,0.035599187742815
"up",1.7,83,"PELT",0.875,0.875,0.875,8,0.0284796117548645
"up",1.7,83,"SVP",0.875,0.875,0.875,8,0.0284796117548645
"up",1.7,83,"SVP (BIC)",0.875,0.875,0.875,8,0.0284796117548645
"up",1.7,84,"PELT",0.875,0.875,0.875,8,0.0197648759132217
"up",1.7,84,"SVP",0.875,0.875,0.875,8,0.0197648759132217
"up",1.7,84,"SVP (BIC)",0.875,0.875,0.875,8,0.0197648759132217
"up",1.7,85,"PELT",1,1,1,8,0.0135810695020259
"up",1.7,85,"SVP",1,1,1,8,0.0135810695020259
"up",1.7,85,"SVP (BIC)",1,1,1,8,0.0135810695020259
"up",1.7,86,"PELT",1,1,1,8,0.0198753393653266
"up",1.7,86,"SVP",1,1,1,8,0.0198753393653266
"up",1.7,86,"SVP (BIC)",1,1,1,8,0.0198753393653266
"up",1.7,87,"PELT",1,1,1,8,0.00706428978538031
"up",1.7,87,"SVP",1,1,1,8,0.00706428978538031
"up",1.7,87,"SVP (BIC)",1,1,1,8,0.00706428978538031
"up",1.7,88,"PELT",0.875,0.875,0.875,8,0.0251142936723514
"up",1.7,88,"SVP",0.875,0.875,0.875,8,0.0251142936723514
"up",1.7,88,"SVP (BIC)",0.875,0.875,0.875,8,0.0251142936723514
"up",1.7,89,"PELT",0.666666666666667,0.75,0.705882352941177,9,0.0445348885607578
"up",1.7,89,"SVP",0.75,0.75,0.75,8,0.0277971882723625
"up",1.7,89,"SVP (BIC)",0.75,0.75,0.75,8,0.0277971882723625
"up",1.7,90,"PELT",0.75,0.75,0.75,8,0.0414128193370241
"up",1.7,90,"SVP",0.75,0.75,0.75,8,0.0414128193370241
"up",1.7,90,"SVP (BIC)",0.75,0.75,0.75,8,0.0414128193370241
"up",1.7,91,"PELT",0.875,0.875,0.875,8,0.0181832721257909
"up",1.7,91,"SVP",0.875,0.875,0.875,8,0.0181832721257909
"up",1.7,91,"SVP (BIC)",0.875,0.875,0.875,8,0.0181832721257909
"up",1.7,92,"PELT",0.75,0.75,0.75,8,0.0289097383381103
"up",1.7,92,"SVP",0.75,0.75,0.75,8,0.0289097383381103
"up",1.7,92,"SVP (BIC)",0.75,0.75,0.75,8,0.0289097383381103
"up",1.7,93,"PELT",1,1,1,8,0.024299638117796
"up",1.7,93,"SVP",1,1,1,8,0.024299638117796
"up",1.7,93,"SVP (BIC)",1,1,1,8,0.024299638117796
"up",1.7,94,"PELT",1,1,1,8,0.00898438874736861
"up",1.7,94,"SVP",1,1,1,8,0.00898438874736861
"up",1.7,94,"SVP (BIC)",1,1,1,8,0.00898438874736861
"up",1.7,95,"PELT",0.625,0.625,0.625,8,0.0573442447007961
"up",1.7,95,"SVP",0.625,0.625,0.625,8,0.0573442447007961
"up",1.7,95,"SVP (BIC)",0.625,0.625,0.625,8,0.0573442447007961
"up",1.7,96,"PELT",0.875,0.875,0.875,8,0.0244167894916179
"up",1.7,96,"SVP",0.875,0.875,0.875,8,0.0244167894916179
"up",1.7,96,"SVP (BIC)",0.875,0.875,0.875,8,0.0244167894916179
"up",1.7,97,"PELT",0.75,0.75,0.75,8,0.0489234737669123
"up",1.7,97,"SVP",0.75,0.75,0.75,8,0.0489234737669123
"up",1.7,97,"SVP (BIC)",0.75,0.75,0.75,8,0.0489234737669123
"up",1.7,98,"PELT",0.875,0.875,0.875,8,0.0316229935505063
"up",1.7,98,"SVP",0.875,0.875,0.875,8,0.0316229935505063
"up",1.7,98,"SVP (BIC)",0.875,0.875,0.875,8,0.0316229935505063
"up",1.7,99,"PELT",1,1,1,8,0.0138632834913305
"up",1.7,99,"SVP",1,1,1,8,0.0138632834913305
"up",1.7,99,"SVP (BIC)",1,1,1,8,0.0138632834913305
"up",1.7,100,"PELT",0.875,0.875,0.875,8,0.0404330640875523
"up",1.7,100,"SVP",0.875,0.875,0.875,8,0.0404330640875523
"up",1.7,100,"SVP (BIC)",0.875,0.875,0.875,8,0.0404330640875523
"updown",1.7,1,"PELT",0.888888888888889,1,0.941176470588235,9,0.0445765875357372
"updown",1.7,1,"SVP",1,1,1,8,0.0308658102198275
"updown",1.7,1,"SVP (BIC)",1,1,1,8,0.0308658102198275
"updown",1.7,2,"PELT",1,1,1,8,0.0251147924154541
"updown",1.7,2,"SVP",1,1,1,8,0.0251147924154541
"updown",1.7,2,"SVP (BIC)",1,1,1,8,0.0251147924154541
"updown",1.7,3,"PELT",0.875,0.875,0.875,8,0.0315727066925099
"updown",1.7,3,"SVP",0.875,0.875,0.875,8,0.0315727066925099
"updown",1.7,3,"SVP (BIC)",0.875,0.875,0.875,8,0.0315727066925099
"updown",1.7,4,"PELT",1,1,1,8,0.0242331255044572
"updown",1.7,4,"SVP",1,1,1,8,0.0242331255044572
"updown",1.7,4,"SVP (BIC)",1,1,1,8,0.0242331255044572
"updown",1.7,5,"PELT",0.75,0.75,0.75,8,0.034613607583797
"updown",1.7,5,"SVP",0.75,0.75,0.75,8,0.034613607583797
"updown",1.7,5,"SVP (BIC)",0.75,0.75,0.75,8,0.034613607583797
"updown",1.7,6,"PELT",1,1,1,8,0.0165257481765185
"updown",1.7,6,"SVP",1,1,1,8,0.0165257481765185
"updown",1.7,6,"SVP (BIC)",1,1,1,8,0.0165257481765185
"updown",1.7,7,"PELT",0.75,0.75,0.75,8,0.0541014840964666
"updown",1.7,7,"SVP",0.75,0.75,0.75,8,0.0541014840964666
"updown",1.7,7,"SVP (BIC)",0.75,0.75,0.75,8,0.0541014840964666
"updown",1.7,8,"PELT",0.875,0.875,0.875,8,0.0309955167643047
"updown",1.7,8,"SVP",0.875,0.875,0.875,8,0.0309955167643047
"updown",1.7,8,"SVP (BIC)",0.875,0.875,0.875,8,0.0309955167643047
"updown",1.7,9,"PELT",1,1,1,8,0.0210791318962504
"updown",1.7,9,"SVP",1,1,1,8,0.0210791318962504
"updown",1.7,9,"SVP (BIC)",1,1,1,8,0.0210791318962504
"updown",1.7,10,"PELT",0.875,0.875,0.875,8,0.0294843643532845
"updown",1.7,10,"SVP",0.875,0.875,0.875,8,0.0294843643532845
"updown",1.7,10,"SVP (BIC)",0.875,0.875,0.875,8,0.0294843643532845
"updown",1.7,11,"PELT",0.75,0.75,0.75,8,0.0318691581294012
"updown",1.7,11,"SVP",0.75,0.75,0.75,8,0.0318691581294012
"updown",1.7,11,"SVP (BIC)",0.75,0.75,0.75,8,0.0318691581294012
"updown",1.7,12,"PELT",1,1,1,8,0.0174484118301245
"updown",1.7,12,"SVP",1,1,1,8,0.0174484118301245
"updown",1.7,12,"SVP (BIC)",1,1,1,8,0.0174484118301245
"updown",1.7,13,"PELT",1,1,1,8,0.0341607886839228
"updown",1.7,13,"SVP",1,1,1,8,0.0341607886839228
"updown",1.7,13,"SVP (BIC)",1,1,1,8,0.0341607886839228
"updown",1.7,14,"PELT",1,1,1,8,0.00232673269892536
"updown",1.7,14,"SVP",1,1,1,8,0.00232673269892536
"updown",1.7,14,"SVP (BIC)",1,1,1,8,0.00232673269892536
"updown",1.7,15,"PELT",1,1,1,8,0.0270356974461085
"updown",1.7,15,"SVP",1,1,1,8,0.0270356974461085
"updown",1.7,15,"SVP (BIC)",1,1,1,8,0.0270356974461085
"updown",1.7,16,"PELT",1,1,1,8,0.0103403822926905
"updown",1.7,16,"SVP",1,1,1,8,0.0103403822926905
"updown",1.7,16,"SVP (BIC)",1,1,1,8,0.0103403822926905
"updown",1.7,17,"PELT",1,1,1,8,0.010022436657769
"updown",1.7,17,"SVP",1,1,1,8,0.010022436657769
"updown",1.7,17,"SVP (BIC)",1,1,1,8,0.010022436657769
"updown",1.7,18,"PELT",0.875,0.875,0.875,8,0.0263154065380426
"updown",1.7,18,"SVP",0.875,0.875,0.875,8,0.0263154065380426
"updown",1.7,18,"SVP (BIC)",0.875,0.875,0.875,8,0.0263154065380426
"updown",1.7,19,"PELT",1,1,1,8,0.0207827123847792
"updown",1.7,19,"SVP",1,1,1,8,0.0207827123847792
"updown",1.7,19,"SVP (BIC)",1,1,1,8,0.0207827123847792
"updown",1.7,20,"PELT",1,1,1,8,0.0279484512811383
"updown",1.7,20,"SVP",1,1,1,8,0.0279484512811383
"updown",1.7,20,"SVP (BIC)",1,1,1,8,0.0279484512811383
"updown",1.7,21,"PELT",0.875,0.875,0.875,8,0.0284542213933882
"updown",1.7,21,"SVP",0.75,0.75,0.75,8,0.0304926863537794
"updown",1.7,21,"SVP (BIC)",0.875,0.875,0.875,8,0.0284542213933882
"updown",1.7,22,"PELT",0.875,0.875,0.875,8,0.023367229914669
"updown",1.7,22,"SVP",0.875,0.875,0.875,8,0.023367229914669
"updown",1.7,22,"SVP (BIC)",0.875,0.875,0.875,8,0.023367229914669
"updown",1.7,23,"PELT",0.75,0.75,0.75,8,0.0404266667932848
"updown",1.7,23,"SVP",0.75,0.75,0.75,8,0.0404266667932848
"updown",1.7,23,"SVP (BIC)",0.75,0.75,0.75,8,0.0404266667932848
"updown",1.7,24,"PELT",1,1,1,8,0.0123787857667584
"updown",1.7,24,"SVP",1,1,1,8,0.0123787857667584
"updown",1.7,24,"SVP (BIC)",1,1,1,8,0.0123787857667584
"updown",1.7,25,"PELT",0.888888888888889,1,0.941176470588235,9,0.0398188403008447
"updown",1.7,25,"SVP",1,1,1,8,0.0173727127426427
"updown",1.7,25,"SVP (BIC)",1,1,1,8,0.0173727127426427
"updown",1.7,26,"PELT",0.875,0.875,0.875,8,0.0257767472763513
"updown",1.7,26,"SVP",0.875,0.875,0.875,8,0.0257767472763513
"updown",1.7,26,"SVP (BIC)",0.875,0.875,0.875,8,0.0257767472763513
"updown",1.7,27,"PELT",0.777777777777778,0.875,0.823529411764706,9,0.0572036778121574
"updown",1.7,27,"SVP",0.875,0.875,0.875,8,0.0362136968017268
"updown",1.7,27,"SVP (BIC)",0.875,0.875,0.875,8,0.0362136968017268
"updown",1.7,28,"PELT",1,1,1,8,0.0158714654547421
"updown",1.7,28,"SVP",1,1,1,8,0.0158714654547421
"updown",1.7,28,"SVP (BIC)",1,1,1,8,0.0158714654547421
"updown",1.7,29,"PELT",1,1,1,8,0.0107602032568642
"updown",1.7,29,"SVP",1,1,1,8,0.0107602032568642
"updown",1.7,29,"SVP (BIC)",1,1,1,8,0.0107602032568642
"updown",1.7,30,"PELT",1,1,1,8,0.018054628371635
"updown",1.7,30,"SVP",1,1,1,8,0.018054628371635
"updown",1.7,30,"SVP (BIC)",1,1,1,8,0.018054628371635
"updown",1.7,31,"PELT",0.875,0.875,0.875,8,0.0273607646534453
"updown",1.7,31,"SVP",0.875,0.875,0.875,8,0.0273607646534453
"updown",1.7,31,"SVP (BIC)",0.875,0.875,0.875,8,0.0273607646534453
"updown",1.7,32,"PELT",1,1,1,8,0.00630133911890675
"updown",1.7,32,"SVP",1,1,1,8,0.00630133911890675
"updown",1.7,32,"SVP (BIC)",1,1,1,8,0.00630133911890675
"updown",1.7,33,"PELT",0.75,0.75,0.75,8,0.0595221996942192
"updown",1.7,33,"SVP",0.75,0.75,0.75,8,0.0595221996942192
"updown",1.7,33,"SVP (BIC)",0.75,0.75,0.75,8,0.0595221996942192
"updown",1.7,34,"PELT",0.875,0.875,0.875,8,0.039153860585326
"updown",1.7,34,"SVP",0.875,0.875,0.875,8,0.039153860585326
"updown",1.7,34,"SVP (BIC)",0.875,0.875,0.875,8,0.039153860585326
"updown",1.7,35,"PELT",1,1,1,8,0.0113286692862046
"updown",1.7,35,"SVP",1,1,1,8,0.0113286692862046
"updown",1.7,35,"SVP (BIC)",1,1,1,8,0.0113286692862046
"updown",1.7,36,"PELT",0.875,0.875,0.875,8,0.0207263420580088
"updown",1.7,36,"SVP",0.875,0.875,0.875,8,0.0207263420580088
"updown",1.7,36,"SVP (BIC)",0.875,0.875,0.875,8,0.0207263420580088
"updown",1.7,37,"PELT",0.75,0.75,0.75,8,0.0397800578256372
"updown",1.7,37,"SVP",0.75,0.75,0.75,8,0.0397800578256372
"updown",1.7,37,"SVP (BIC)",0.75,0.75,0.75,8,0.0397800578256372
"updown",1.7,38,"PELT",0.75,0.75,0.75,8,0.0323692229780922
"updown",1.7,38,"SVP",0.75,0.75,0.75,8,0.0323692229780922
"updown",1.7,38,"SVP (BIC)",0.75,0.75,0.75,8,0.0323692229780922
"updown",1.7,39,"PELT",1,1,1,8,0.0158979925725466
"updown",1.7,39,"SVP",1,1,1,8,0.0158979925725466
"updown",1.7,39,"SVP (BIC)",1,1,1,8,0.0158979925725466
"updown",1.7,40,"PELT",0.875,0.875,0.875,8,0.0286012960995808
"updown",1.7,40,"SVP",0.875,0.875,0.875,8,0.0286012960995808
"updown",1.7,40,"SVP (BIC)",0.875,0.875,0.875,8,0.0286012960995808
"updown",1.7,41,"PELT",1,1,1,8,0.0192987826136166
"updown",1.7,41,"SVP",1,1,1,8,0.0192987826136166
"updown",1.7,41,"SVP (BIC)",1,1,1,8,0.0192987826136166
"updown",1.7,42,"PELT",1,1,1,8,0.0243106141113265
"updown",1.7,42,"SVP",1,1,1,8,0.0243106141113265
"updown",1.7,42,"SVP (BIC)",1,1,1,8,0.0243106141113265
"updown",1.7,43,"PELT",1,1,1,8,0.0189735321549613
"updown",1.7,43,"SVP",1,1,1,8,0.0189735321549613
"updown",1.7,43,"SVP (BIC)",1,1,1,8,0.0189735321549613
"updown",1.7,44,"PELT",1,1,1,8,0.0298614481444702
"updown",1.7,44,"SVP",1,1,1,8,0.0298614481444702
"updown",1.7,44,"SVP (BIC)",1,1,1,8,0.0298614481444702
"updown",1.7,45,"PELT",1,1,1,8,0.0242618921734955
"updown",1.7,45,"SVP",1,1,1,8,0.0242618921734955
"updown",1.7,45,"SVP (BIC)",1,1,1,8,0.0242618921734955
"updown",1.7,46,"PELT",0.875,0.875,0.875,8,0.026357857720533
"updown",1.7,46,"SVP",0.666666666666667,0.75,0.705882352941177,9,0.0485471300521822
"updown",1.7,46,"SVP (BIC)",0.875,0.875,0.875,8,0.026357857720533
"updown",1.7,47,"PELT",1,1,1,8,0.0190717859768653
"updown",1.7,47,"SVP",1,1,1,8,0.0190717859768653
"updown",1.7,47,"SVP (BIC)",1,1,1,8,0.0190717859768653
"updown",1.7,48,"PELT",1,1,1,8,0.0199067180021347
"updown",1.7,48,"SVP",1,1,1,8,0.0199067180021347
"updown",1.7,48,"SVP (BIC)",1,1,1,8,0.0199067180021347
"updown",1.7,49,"PELT",1,1,1,8,0.01017906434753
"updown",1.7,49,"SVP",1,1,1,8,0.01017906434753
"updown",1.7,49,"SVP (BIC)",1,1,1,8,0.01017906434753
"updown",1.7,50,"PELT",1,1,1,8,0.00924773840352126
"updown",1.7,50,"SVP",1,1,1,8,0.00924773840352126
"updown",1.7,50,"SVP (BIC)",1,1,1,8,0.00924773840352126
"updown",1.7,51,"PELT",1,1,1,8,0.0280494473218961
"updown",1.7,51,"SVP",1,1,1,8,0.0280494473218961
"updown",1.7,51,"SVP (BIC)",1,1,1,8,0.0280494473218961
"updown",1.7,52,"PELT",0.75,0.75,0.75,8,0.058966264523256
"updown",1.7,52,"SVP",0.75,0.75,0.75,8,0.058966264523256
"updown",1.7,52,"SVP (BIC)",0.75,0.75,0.75,8,0.058966264523256
"updown",1.7,53,"PELT",1,1,1,8,0.0193611404231645
"updown",1.7,53,"SVP",1,1,1,8,0.0193611404231645
"updown",1.7,53,"SVP (BIC)",1,1,1,8,0.0193611404231645
"updown",1.7,54,"PELT",0.75,0.75,0.75,8,0.0273613114820938
"updown",1.7,54,"SVP",0.75,0.75,0.75,8,0.0329931444896866
"updown",1.7,54,"SVP (BIC)",0.75,0.75,0.75,8,0.0273613114820938
"updown",1.7,55,"PELT",0.875,0.875,0.875,8,0.0420109099682439
"updown",1.7,55,"SVP",0.875,0.875,0.875,8,0.0420109099682439
"updown",1.7,55,"SVP (BIC)",0.875,0.875,0.875,8,0.0420109099682439
"updown",1.7,56,"PELT",0.75,0.75,0.75,8,0.0367142061889958
"updown",1.7,56,"SVP",0.75,0.75,0.75,8,0.0367142061889958
"updown",1.7,56,"SVP (BIC)",0.75,0.75,0.75,8,0.0367142061889958
"updown",1.7,57,"PELT",0.875,0.875,0.875,8,0.0229286356753635
"updown",1.7,57,"SVP",0.875,0.875,0.875,8,0.0229286356753635
"updown",1.7,57,"SVP (BIC)",0.875,0.875,0.875,8,0.0229286356753635
"updown",1.7,58,"PELT",0.875,0.875,0.875,8,0.0242563656036269
"updown",1.7,58,"SVP",0.75,0.75,0.75,8,0.0385001995138779
"updown",1.7,58,"SVP (BIC)",0.875,0.875,0.875,8,0.0242563656036269
"updown",1.7,59,"PELT",0.75,0.75,0.75,8,0.0378837354467729
"updown",1.7,59,"SVP",0.75,0.75,0.75,8,0.0378837354467729
"updown",1.7,59,"SVP (BIC)",0.75,0.75,0.75,8,0.0378837354467729
"updown",1.7,60,"PELT",0.7,0.875,0.777777777777778,10,0.0548975986591884
"updown",1.7,60,"SVP",0.875,0.875,0.875,8,0.0258725717095578
"updown",1.7,60,"SVP (BIC)",0.875,0.875,0.875,8,0.0258725717095578
"updown",1.7,61,"PELT",0.75,0.75,0.75,8,0.0368466020163992
"updown",1.7,61,"SVP",0.75,0.75,0.75,8,0.0368466020163992
"updown",1.7,61,"SVP (BIC)",0.75,0.75,0.75,8,0.0368466020163992
"updown",1.7,62,"PELT",0.875,0.875,0.875,8,0.0199320710658702
"updown",1.7,62,"SVP",0.875,0.875,0.875,8,0.0199320710658702
"updown",1.7,62,"SVP (BIC)",0.875,0.875,0.875,8,0.0199320710658702
"updown",1.7,63,"PELT",0.875,0.875,0.875,8,0.0241250188946985
"updown",1.7,63,"SVP",0.875,0.875,0.875,8,0.0241250188946985
"updown",1.7,63,"SVP (BIC)",0.875,0.875,0.875,8,0.0241250188946985
"updown",1.7,64,"PELT",0.875,0.875,0.875,8,0.0163049746972985
"updown",1.7,64,"SVP",0.875,0.875,0.875,8,0.022371776655871
"updown",1.7,64,"SVP (BIC)",0.875,0.875,0.875,8,0.0163049746972985
"updown",1.7,65,"PELT",0.875,0.875,0.875,8,0.0401074501135958
"updown",1.7,65,"SVP",0.875,0.875,0.875,8,0.0401074501135958
"updown",1.7,65,"SVP (BIC)",0.875,0.875,0.875,8,0.0401074501135958
"updown",1.7,66,"PELT",0.875,0.875,0.875,8,0.0281350547999184
"updown",1.7,66,"SVP",0.875,0.875,0.875,8,0.0281350547999184
"updown",1.7,66,"SVP (BIC)",0.875,0.875,0.875,8,0.0281350547999184
"updown",1.7,67,"PELT",0.75,0.75,0.75,8,0.0451044122700487
"updown",1.7,67,"SVP",0.75,0.75,0.75,8,0.0451044122700487
"updown",1.7,67,"SVP (BIC)",0.75,0.75,0.75,8,0.0451044122700487
"updown",1.7,68,"PELT",0.875,0.875,0.875,8,0.022889567591098
"updown",1.7,68,"SVP",0.875,0.875,0.875,8,0.022889567591098
"updown",1.7,68,"SVP (BIC)",0.875,0.875,0.875,8,0.022889567591098
"updown",1.7,69,"PELT",1,1,1,8,0.0279321713473369
"updown",1.7,69,"SVP",1,1,1,8,0.0279321713473369
"updown",1.7,69,"SVP (BIC)",1,1,1,8,0.0279321713473369
"updown",1.7,70,"PELT",1,1,1,8,0.0158550308502508
"updown",1.7,70,"SVP",1,1,1,8,0.0158550308502508
"updown",1.7,70,"SVP (BIC)",1,1,1,8,0.0158550308502508
"updown",1.7,71,"PELT",1,1,1,8,0.0186980631671237
"updown",1.7,71,"SVP",1,1,1,8,0.0186980631671237
"updown",1.7,71,"SVP (BIC)",1,1,1,8,0.0186980631671237
"updown",1.7,72,"PELT",1,1,1,8,0.0171541683858394
"updown",1.7,72,"SVP",1,1,1,8,0.0171541683858394
"updown",1.7,72,"SVP (BIC)",1,1,1,8,0.0171541683858394
"updown",1.7,73,"PELT",0.875,0.875,0.875,8,0.0403999913065727
"updown",1.7,73,"SVP",0.875,0.875,0.875,8,0.0403999913065727
"updown",1.7,73,"SVP (BIC)",0.875,0.875,0.875,8,0.0403999913065727
"updown",1.7,74,"PELT",0.875,0.875,0.875,8,0.0384812278282245
"updown",1.7,74,"SVP",0.875,0.875,0.875,8,0.0384812278282245
"updown",1.7,74,"SVP (BIC)",0.875,0.875,0.875,8,0.0384812278282245
"updown",1.7,75,"PELT",0.875,0.875,0.875,8,0.0226825693635756
"updown",1.7,75,"SVP",0.875,0.875,0.875,8,0.0226825693635756
"updown",1.7,75,"SVP (BIC)",0.875,0.875,0.875,8,0.0226825693635756
"updown",1.7,76,"PELT",0.666666666666667,0.75,0.705882352941177,9,0.0654227645304163
"updown",1.7,76,"SVP",0.75,0.75,0.75,8,0.0502782254833126
"updown",1.7,76,"SVP (BIC)",0.75,0.75,0.75,8,0.0502782254833126
"updown",1.7,77,"PELT",0.875,0.875,0.875,8,0.0447542142232976
"updown",1.7,77,"SVP",0.875,0.875,0.875,8,0.0447542142232976
"updown",1.7,77,"SVP (BIC)",0.875,0.875,0.875,8,0.0447542142232976
"updown",1.7,78,"PELT",0.625,0.625,0.625,8,0.0448999618313131
"updown",1.7,78,"SVP",0.625,0.625,0.625,8,0.0448999618313131
"updown",1.7,78,"SVP (BIC)",0.625,0.625,0.625,8,0.0448999618313131
"updown",1.7,79,"PELT",0.75,0.75,0.75,8,0.03691976832418
"updown",1.7,79,"SVP",0.75,0.75,0.75,8,0.03691976832418
"updown",1.7,79,"SVP (BIC)",0.75,0.75,0.75,8,0.03691976832418
"updown",1.7,80,"PELT",1,1,1,8,0.0175778917645237
"updown",1.7,80,"SVP",1,1,1,8,0.0175778917645237
"updown",1.7,80,"SVP (BIC)",1,1,1,8,0.0175778917645237
"updown",1.7,81,"PELT",0.875,0.875,0.875,8,0.0247123649080229
"updown",1.7,81,"SVP",0.875,0.875,0.875,8,0.0247123649080229
"updown",1.7,81,"SVP (BIC)",0.875,0.875,0.875,8,0.0247123649080229
"updown",1.7,82,"PELT",0.875,0.875,0.875,8,0.02055032359949
"updown",1.7,82,"SVP",0.875,0.875,0.875,8,0.02055032359949
"updown",1.7,82,"SVP (BIC)",0.875,0.875,0.875,8,0.02055032359949
"updown",1.7,83,"PELT",1,1,1,8,0.0198766836008897
"updown",1.7,83,"SVP",1,1,1,8,0.0198766836008897
"updown",1.7,83,"SVP (BIC)",1,1,1,8,0.0198766836008897
"updown",1.7,84,"PELT",1,1,1,8,0.0178498022051762
"updown",1.7,84,"SVP",1,1,1,8,0.0178498022051762
"updown",1.7,84,"SVP (BIC)",1,1,1,8,0.0178498022051762
"updown",1.7,85,"PELT",1,1,1,8,0.0148490638479045
"updown",1.7,85,"SVP",1,1,1,8,0.0148490638479045
"updown",1.7,85,"SVP (BIC)",1,1,1,8,0.0148490638479045
"updown",1.7,86,"PELT",0.75,0.75,0.75,8,0.0464251974712149
"updown",1.7,86,"SVP",0.75,0.75,0.75,8,0.0464251974712149
"updown",1.7,86,"SVP (BIC)",0.75,0.75,0.75,8,0.0464251974712149
"updown",1.7,87,"PELT",1,1,1,8,0.0279579893939187
"updown",1.7,87,"SVP",1,1,1,8,0.0279579893939187
"updown",1.7,87,"SVP (BIC)",1,1,1,8,0.0279579893939187
"updown",1.7,88,"PELT",0.875,0.875,0.875,8,0.0377152339716716
"updown",1.7,88,"SVP",0.875,0.875,0.875,8,0.0377152339716716
"updown",1.7,88,"SVP (BIC)",0.875,0.875,0.875,8,0.0377152339716716
"updown",1.7,89,"PELT",1,1,1,8,0.019207892034122
"updown",1.7,89,"SVP",1,1,1,8,0.019207892034122
"updown",1.7,89,"SVP (BIC)",1,1,1,8,0.019207892034122
"updown",1.7,90,"PELT",0.875,0.875,0.875,8,0.0229321935926438
"updown",1.7,90,"SVP",0.875,0.875,0.875,8,0.0229321935926438
"updown",1.7,90,"SVP (BIC)",0.875,0.875,0.875,8,0.0229321935926438
"updown",1.7,91,"PELT",1,1,1,8,0.0342643535835047
"updown",1.7,91,"SVP",1,1,1,8,0.0342643535835047
"updown",1.7,91,"SVP (BIC)",1,1,1,8,0.0342643535835047
"updown",1.7,92,"PELT",1,1,1,8,0.0144475413708186
"updown",1.7,92,"SVP",1,1,1,8,0.0144475413708186
"updown",1.7,92,"SVP (BIC)",1,1,1,8,0.0144475413708186
"updown",1.7,93,"PELT",1,1,1,8,0.012310759270816
"updown",1.7,93,"SVP",1,1,1,8,0.012310759270816
"updown",1.7,93,"SVP (BIC)",1,1,1,8,0.012310759270816
"updown",1.7,94,"PELT",0.875,0.875,0.875,8,0.0375760892326895
"updown",1.7,94,"SVP",0.875,0.875,0.875,8,0.0375760892326895
"updown",1.7,94,"SVP (BIC)",0.875,0.875,0.875,8,0.0375760892326895
"updown",1.7,95,"PELT",0.875,0.875,0.875,8,0.0346497380433033
"updown",1.7,95,"SVP",0.875,0.875,0.875,8,0.0346497380433033
"updown",1.7,95,"SVP (BIC)",0.875,0.875,0.875,8,0.0346497380433033
"updown",1.7,96,"PELT",0.75,0.75,0.75,8,0.0519825552764828
"updown",1.7,96,"SVP",0.75,0.75,0.75,8,0.0519825552764828
"updown",1.7,96,"SVP (BIC)",0.75,0.75,0.75,8,0.0519825552764828
"updown",1.7,97,"PELT",1,1,1,8,0.0238227104669808
"updown",1.7,97,"SVP",1,1,1,8,0.0238227104669808
"updown",1.7,97,"SVP (BIC)",1,1,1,8,0.0238227104669808
"updown",1.7,98,"PELT",0.875,0.875,0.875,8,0.0155913346863702
"updown",1.7,98,"SVP",0.875,0.875,0.875,8,0.0155913346863702
"updown",1.7,98,"SVP (BIC)",0.875,0.875,0.875,8,0.0155913346863702
"updown",1.7,99,"PELT",0.75,0.75,0.75,8,0.0357126190904717
"updown",1.7,99,"SVP",0.75,0.75,0.75,8,0.0357126190904717
"updown",1.7,99,"SVP (BIC)",0.75,0.75,0.75,8,0.0357126190904717
"updown",1.7,100,"PELT",0.75,0.75,0.75,8,0.0366352502970817
"updown",1.7,100,"SVP",0.75,0.75,0.75,8,0.0366352502970817
"updown",1.7,100,"SVP (BIC)",0.75,0.75,0.75,8,0.0366352502970817
"rand1",1.7,1,"PELT",0.833333333333333,0.625,0.714285714285714,6,0.0148541657158145
"rand1",1.7,1,"SVP",0.833333333333333,0.625,0.714285714285714,6,0.0148541657158145
"rand1",1.7,1,"SVP (BIC)",1,0.625,0.769230769230769,5,0.029556745409796
"rand1",1.7,2,"PELT",1,0.625,0.769230769230769,5,0.0403691151334036
"rand1",1.7,2,"SVP",1,0.625,0.769230769230769,5,0.0403691151334036
"rand1",1.7,2,"SVP (BIC)",1,0.625,0.769230769230769,5,0.0403691151334036
"rand1",1.7,3,"PELT",1,0.75,0.857142857142857,6,0.0207670356822537
"rand1",1.7,3,"SVP",1,0.875,0.933333333333333,7,0.0127364076363381
"rand1",1.7,3,"SVP (BIC)",1,0.75,0.857142857142857,6,0.0207670356822537
"rand1",1.7,4,"PELT",0.833333333333333,0.625,0.714285714285714,6,0.0235429033240375
"rand1",1.7,4,"SVP",1,0.625,0.769230769230769,5,0.0356564216437685
"rand1",1.7,4,"SVP (BIC)",1,0.625,0.769230769230769,5,0.0356564216437685
"rand1",1.7,5,"PELT",0.857142857142857,0.75,0.8,7,0.0337487521060372
"rand1",1.7,5,"SVP",0.857142857142857,0.75,0.8,7,0.0337487521060372
"rand1",1.7,5,"SVP (BIC)",0.857142857142857,0.75,0.8,7,0.0337487521060372
"rand1",1.7,6,"PELT",1,0.75,0.857142857142857,6,0.028216731849044
"rand1",1.7,6,"SVP",0.857142857142857,0.75,0.8,7,0.0260777531082915
"rand1",1.7,6,"SVP (BIC)",1,0.75,0.857142857142857,6,0.028216731849044
"rand1",1.7,7,"PELT",0.714285714285714,0.625,0.666666666666667,7,0.0249909247992462
"rand1",1.7,7,"SVP",0.833333333333333,0.625,0.714285714285714,6,0.0301627848776481
"rand1",1.7,7,"SVP (BIC)",1,0.625,0.769230769230769,5,0.0461683139113404
"rand1",1.7,8,"PELT",0.666666666666667,0.5,0.571428571428572,6,0.0484060777974622
"rand1",1.7,8,"SVP",0.666666666666667,0.5,0.571428571428572,6,0.0484060777974622
"rand1",1.7,8,"SVP (BIC)",0.8,0.5,0.615384615384615,5,0.0601716356913626
"rand1",1.7,9,"PELT",0.714285714285714,0.625,0.666666666666667,7,0.0111728918178018
"rand1",1.7,9,"SVP",1,0.625,0.769230769230769,5,0.0335865201117922
"rand1",1.7,9,"SVP (BIC)",1,0.625,0.769230769230769,5,0.0335865201117922
"rand1",1.7,10,"PELT",0.714285714285714,0.625,0.666666666666667,7,0.0264096230106952
"rand1",1.7,10,"SVP",0.833333333333333,0.625,0.714285714285714,6,0.0217354576385038
"rand1",1.7,10,"SVP (BIC)",1,0.625,0.769230769230769,5,0.033837046194469
"rand1",1.7,11,"PELT",1,0.75,0.857142857142857,6,0.0339429945021122
"rand1",1.7,11,"SVP",1,0.625,0.769230769230769,5,0.049837044331102
"rand1",1.7,11,"SVP (BIC)",1,0.625,0.769230769230769,5,0.049837044331102
"rand1",1.7,12,"PELT",1,0.625,0.769230769230769,5,0.0380113414988774
"rand1",1.7,12,"SVP",1,0.625,0.769230769230769,5,0.0380113414988774
"rand1",1.7,12,"SVP (BIC)",1,0.625,0.769230769230769,5,0.0380113414988774
"rand1",1.7,13,"PELT",0.666666666666667,0.5,0.571428571428572,6,0.0475159864009658
"rand1",1.7,13,"SVP",0.8,0.5,0.615384615384615,5,0.0621397411603119
"rand1",1.7,13,"SVP (BIC)",0.8,0.5,0.615384615384615,5,0.0621397411603119
"rand1",1.7,14,"PELT",1,0.625,0.769230769230769,5,0.0376811223018888
"rand1",1.7,14,"SVP",1,0.625,0.769230769230769,5,0.0376811223018888
"rand1",1.7,14,"SVP (BIC)",1,0.625,0.769230769230769,5,0.0376811223018888
"rand1",1.7,15,"PELT",0.833333333333333,0.625,0.714285714285714,6,0.0192524092306362
"rand1",1.7,15,"SVP",0.833333333333333,0.625,0.714285714285714,6,0.0192524092306362
"rand1",1.7,15,"SVP (BIC)",1,0.625,0.769230769230769,5,0.0350704517516727
"rand1",1.7,16,"PELT",1,0.75,0.857142857142857,6,0.0236331231943915
"rand1",1.7,16,"SVP",1,0.75,0.857142857142857,6,0.0236331231943915
"rand1",1.7,16,"SVP (BIC)",1,0.75,0.857142857142857,6,0.0236331231943915
"rand1",1.7,17,"PELT",0.833333333333333,0.625,0.714285714285714,6,0.0202213850333725
"rand1",1.7,17,"SVP",0.833333333333333,0.625,0.714285714285714,6,0.0202213850333725
"rand1",1.7,17,"SVP (BIC)",1,0.625,0.769230769230769,5,0.0362904503531267
"rand1",1.7,18,"PELT",1,0.75,0.857142857142857,6,0.0209659810356421
"rand1",1.7,18,"SVP",1,0.75,0.857142857142857,6,0.0209659810356421
"rand1",1.7,18,"SVP (BIC)",1,0.75,0.857142857142857,6,0.0209659810356421
"rand1",1.7,19,"PELT",0.571428571428571,0.5,0.533333333333333,7,0.0575150398091378
"rand1",1.7,19,"SVP",0.571428571428571,0.5,0.533333333333333,7,0.0575150398091378
"rand1",1.7,19,"SVP (BIC)",0.666666666666667,0.5,0.571428571428572,6,0.0714223028853173
"rand1",1.7,20,"PELT",0.833333333333333,0.625,0.714285714285714,6,0.019148241576436
"rand1",1.7,20,"SVP",0.833333333333333,0.625,0.714285714285714,6,0.019148241576436
"rand1",1.7,20,"SVP (BIC)",0.833333333333333,0.625,0.714285714285714,6,0.019148241576436
"rand1",1.7,21,"PELT",0.833333333333333,0.625,0.714285714285714,6,0.0212016562927104
"rand1",1.7,21,"SVP",0.833333333333333,0.625,0.714285714285714,6,0.0212016562927104
"rand1",1.7,21,"SVP (BIC)",1,0.625,0.769230769230769,5,0.030235063852987
"rand1",1.7,22,"PELT",0.857142857142857,0.75,0.8,7,0.00931511872191617
"rand1",1.7,22,"SVP",0.833333333333333,0.625,0.714285714285714,6,0.01669879749119
"rand1",1.7,22,"SVP (BIC)",0.833333333333333,0.625,0.714285714285714,6,0.01669879749119
"rand1",1.7,23,"PELT",0.666666666666667,0.5,0.571428571428572,6,0.0383912249490257
"rand1",1.7,23,"SVP",0.8,0.5,0.615384615384615,5,0.0489130551059209
"rand1",1.7,23,"SVP (BIC)",0.8,0.5,0.615384615384615,5,0.0489130551059209
"rand1",1.7,24,"PELT",1,0.75,0.857142857142857,6,0.0140287696973385
"rand1",1.7,24,"SVP",1,0.75,0.857142857142857,6,0.0140287696973385
"rand1",1.7,24,"SVP (BIC)",1,0.75,0.857142857142857,6,0.0140287696973385
"rand1",1.7,25,"PELT",1,0.625,0.769230769230769,5,0.0310854702745886
"rand1",1.7,25,"SVP",1,0.625,0.769230769230769,5,0.0310854702745886
"rand1",1.7,25,"SVP (BIC)",1,0.625,0.769230769230769,5,0.0310854702745886
"rand1",1.7,26,"PELT",1,0.75,0.857142857142857,6,0.0223263585389893
"rand1",1.7,26,"SVP",1,0.625,0.769230769230769,5,0.0395282763725361
"rand1",1.7,26,"SVP (BIC)",1,0.625,0.769230769230769,5,0.0395282763725361
"rand1",1.7,27,"PELT",0.833333333333333,0.625,0.714285714285714,6,0.018618041838241
"rand1",1.7,27,"SVP",1,0.625,0.769230769230769,5,0.0339875511856743
"rand1",1.7,27,"SVP (BIC)",1,0.625,0.769230769230769,5,0.0339875511856743
"rand1",1.7,28,"PELT",0.833333333333333,0.625,0.714285714285714,6,0.0380641656804231
"rand1",1.7,28,"SVP",1,0.625,0.769230769230769,5,0.0527092777073526
"rand1",1.7,28,"SVP (BIC)",1,0.625,0.769230769230769,5,0.0527092777073526
"rand1",1.7,29,"PELT",0.833333333333333,0.625,0.714285714285714,6,0.0372515179468196
"rand1",1.7,29,"SVP",1,0.625,0.769230769230769,5,0.0331977480156604
"rand1",1.7,29,"SVP (BIC)",1,0.625,0.769230769230769,5,0.0331977480156604
"rand1",1.7,30,"PELT",1,0.75,0.857142857142857,6,0.0314840176576076
"rand1",1.7,30,"SVP",1,0.75,0.857142857142857,6,0.0314840176576076
"rand1",1.7,30,"SVP (BIC)",1,0.75,0.857142857142857,6,0.0314840176576076
"rand1",1.7,31,"PELT",1,0.625,0.769230769230769,5,0.0360013107082777
"rand1",1.7,31,"SVP",1,0.625,0.769230769230769,5,0.0360013107082777
"rand1",1.7,31,"SVP (BIC)",1,0.625,0.769230769230769,5,0.0360013107082777
"rand1",1.7,32,"PELT",0.857142857142857,0.75,0.8,7,0.011365492794322
"rand1",1.7,32,"SVP",0.857142857142857,0.75,0.8,7,0.011365492794322
"rand1",1.7,32,"SVP (BIC)",0.833333333333333,0.625,0.714285714285714,6,0.0337458931631329
"rand1",1.7,33,"PELT",0.714285714285714,0.625,0.666666666666667,7,0.0336012433778656
"rand1",1.7,33,"SVP",0.714285714285714,0.625,0.666666666666667,7,0.0336012433778656
"rand1",1.7,33,"SVP (BIC)",0.833333333333333,0.625,0.714285714285714,6,0.0330070694418544
"rand1",1.7,34,"PELT",0.833333333333333,0.625,0.714285714285714,6,0.0148890892401249
"rand1",1.7,34,"SVP",0.833333333333333,0.625,0.714285714285714,6,0.0148890892401249
"rand1",1.7,34,"SVP (BIC)",1,0.625,0.769230769230769,5,0.0310622805031564
"rand1",1.7,35,"PELT",0.833333333333333,0.625,0.714285714285714,6,0.0211822026104941
"rand1",1.7,35,"SVP",1,0.625,0.769230769230769,5,0.0415432589308558
"rand1",1.7,35,"SVP (BIC)",1,0.625,0.769230769230769,5,0.0289632684224803
"rand1",1.7,36,"PELT",0.714285714285714,0.625,0.666666666666667,7,0.0142919573354538
"rand1",1.7,36,"SVP",0.833333333333333,0.625,0.714285714285714,6,0.0261179424083126
"rand1",1.7,36,"SVP (BIC)",1,0.625,0.769230769230769,5,0.0335126765275185
"rand1",1.7,37,"PELT",0.833333333333333,0.625,0.714285714285714,6,0.0200614729196458
"rand1",1.7,37,"SVP",1,0.625,0.769230769230769,5,0.0340801894431925
"rand1",1.7,37,"SVP (BIC)",1,0.625,0.769230769230769,5,0.0340801894431925
"rand1",1.7,38,"PELT",0.833333333333333,0.625,0.714285714285714,6,0.0204729687769127
"rand1",1.7,38,"SVP",0.833333333333333,0.625,0.714285714285714,6,0.0204729687769127
"rand1",1.7,38,"SVP (BIC)",0.833333333333333,0.625,0.714285714285714,6,0.0204729687769127
"rand1",1.7,39,"PELT",1,0.75,0.857142857142857,6,0.0161497665359468
"rand1",1.7,39,"SVP",1,0.75,0.857142857142857,6,0.0161497665359468
"rand1",1.7,39,"SVP (BIC)",1,0.625,0.769230769230769,5,0.0323546453832991
"rand1",1.7,40,"PELT",0.833333333333333,0.625,0.714285714285714,6,0.0326461728419897
"rand1",1.7,40,"SVP",0.833333333333333,0.625,0.714285714285714,6,0.0326461728419897
"rand1",1.7,40,"SVP (BIC)",1,0.625,0.769230769230769,5,0.0476489742875597
"rand1",1.7,41,"PELT",1,0.625,0.769230769230769,5,0.0289496521373789
"rand1",1.7,41,"SVP",1,0.625,0.769230769230769,5,0.0289496521373789
"rand1",1.7,41,"SVP (BIC)",1,0.625,0.769230769230769,5,0.0289496521373789
"rand1",1.7,42,"PELT",0.833333333333333,0.625,0.714285714285714,6,0.0195711831341182
"rand1",1.7,42,"SVP",1,0.625,0.769230769230769,5,0.0363909580063823
"rand1",1.7,42,"SVP (BIC)",1,0.625,0.769230769230769,5,0.0363909580063823
"rand1",1.7,43,"PELT",0.833333333333333,0.625,0.714285714285714,6,0.0163417610029895
"rand1",1.7,43,"SVP",0.833333333333333,0.625,0.714285714285714,6,0.0163417610029895
"rand1",1.7,43,"SVP (BIC)",1,0.625,0.769230769230769,5,0.0325657580571456
"rand1",1.7,44,"PELT",1,0.625,0.769230769230769,5,0.0291028786081569
"rand1",1.7,44,"SVP",1,0.625,0.769230769230769,5,0.0291028786081569
"rand1",1.7,44,"SVP (BIC)",1,0.625,0.769230769230769,5,0.0291028786081569
"rand1",1.7,45,"PELT",0.833333333333333,0.625,0.714285714285714,6,0.018504023213286
"rand1",1.7,45,"SVP",0.833333333333333,0.625,0.714285714285714,6,0.018504023213286
"rand1",1.7,45,"SVP (BIC)",1,0.625,0.769230769230769,5,0.0334459435119376
"rand1",1.7,46,"PELT",0.714285714285714,0.625,0.666666666666667,7,0.032021546868007
"rand1",1.7,46,"SVP",0.833333333333333,0.625,0.714285714285714,6,0.0359466100941061
"rand1",1.7,46,"SVP (BIC)",0.833333333333333,0.625,0.714285714285714,6,0.0359466100941061
"rand1",1.7,47,"PELT",0.833333333333333,0.625,0.714285714285714,6,0.0206127147833331
"rand1",1.7,47,"SVP",0.833333333333333,0.625,0.714285714285714,6,0.0206127147833331
"rand1",1.7,47,"SVP (BIC)",0.833333333333333,0.625,0.714285714285714,6,0.0206127147833331
"rand1",1.7,48,"PELT",1,0.75,0.857142857142857,6,0.021411936200395
"rand1",1.7,48,"SVP",1,0.625,0.769230769230769,5,0.0391058703970788
"rand1",1.7,48,"SVP (BIC)",1,0.625,0.769230769230769,5,0.0391058703970788
"rand1",1.7,49,"PELT",1,0.625,0.769230769230769,5,0.0342761873703834
"rand1",1.7,49,"SVP",1,0.625,0.769230769230769,5,0.0342761873703834
"rand1",1.7,49,"SVP (BIC)",1,0.625,0.769230769230769,5,0.0342761873703834
"rand1",1.7,50,"PELT",0.714285714285714,0.625,0.666666666666667,7,0.0176635976586151
"rand1",1.7,50,"SVP",0.833333333333333,0.625,0.714285714285714,6,0.0163523659361855
"rand1",1.7,50,"SVP (BIC)",1,0.625,0.769230769230769,5,0.032596175045096
"rand1",1.7,51,"PELT",1,0.75,0.857142857142857,6,0.027339095989725
"rand1",1.7,51,"SVP",1,0.75,0.857142857142857,6,0.027339095989725
"rand1",1.7,51,"SVP (BIC)",1,0.75,0.857142857142857,6,0.027339095989725
"rand1",1.7,52,"PELT",0.714285714285714,0.625,0.666666666666667,7,0.0375633192764439
"rand1",1.7,52,"SVP",0.833333333333333,0.625,0.714285714285714,6,0.0223641824610513
"rand1",1.7,52,"SVP (BIC)",0.833333333333333,0.625,0.714285714285714,6,0.0223641824610513
"rand1",1.7,53,"PELT",1,0.625,0.769230769230769,5,0.0290484726075783
"rand1",1.7,53,"SVP",1,0.625,0.769230769230769,5,0.0290484726075783
"rand1",1.7,53,"SVP (BIC)",1,0.625,0.769230769230769,5,0.0290484726075783
"rand1",1.7,54,"PELT",1,0.625,0.769230769230769,5,0.0462841437275737
"rand1",1.7,54,"SVP",1,0.625,0.769230769230769,5,0.0462841437275737
"rand1",1.7,54,"SVP (BIC)",1,0.625,0.769230769230769,5,0.0462841437275737
"rand1",1.7,55,"PELT",0.833333333333333,0.625,0.714285714285714,6,0.0341746309416819
"rand1",1.7,55,"SVP",0.833333333333333,0.625,0.714285714285714,6,0.0341746309416819
"rand1",1.7,55,"SVP (BIC)",0.833333333333333,0.625,0.714285714285714,6,0.0341746309416819
"rand1",1.7,56,"PELT",0.714285714285714,0.625,0.666666666666667,7,0.0231319146320301
"rand1",1.7,56,"SVP",1,0.625,0.769230769230769,5,0.0417287670651543
"rand1",1.7,56,"SVP (BIC)",1,0.625,0.769230769230769,5,0.0417287670651543
"rand1",1.7,57,"PELT",0.571428571428571,0.5,0.533333333333333,7,0.0264338101730192
"rand1",1.7,57,"SVP",0.8,0.5,0.615384615384615,5,0.0476861848664165
"rand1",1.7,57,"SVP (BIC)",0.8,0.5,0.615384615384615,5,0.0476861848664165
"rand1",1.7,58,"PELT",0.833333333333333,0.625,0.714285714285714,6,0.0179563165046389
"rand1",1.7,58,"SVP",0.833333333333333,0.625,0.714285714285714,6,0.0179563165046389
"rand1",1.7,58,"SVP (BIC)",1,0.625,0.769230769230769,5,0.0380798355966456
"rand1",1.7,59,"PELT",0.714285714285714,0.625,0.666666666666667,7,0.0334049400013149
"rand1",1.7,59,"SVP",0.833333333333333,0.625,0.714285714285714,6,0.0391310960015755
"rand1",1.7,59,"SVP (BIC)",0.833333333333333,0.625,0.714285714285714,6,0.0391310960015755
"rand1",1.7,60,"PELT",1,0.625,0.769230769230769,5,0.0304288193578723
"rand1",1.7,60,"SVP",1,0.625,0.769230769230769,5,0.0304288193578723
"rand1",1.7,60,"SVP (BIC)",1,0.625,0.769230769230769,5,0.0304288193578723
"rand1",1.7,61,"PELT",0.833333333333333,0.625,0.714285714285714,6,0.0212626273204486
"rand1",1.7,61,"SVP",1,0.625,0.769230769230769,5,0.0352379594138947
"rand1",1.7,61,"SVP (BIC)",1,0.625,0.769230769230769,5,0.0352379594138947
"rand1",1.7,62,"PELT",0.833333333333333,0.625,0.714285714285714,6,0.0663503587558766
"rand1",1.7,62,"SVP",0.833333333333333,0.625,0.714285714285714,6,0.0663503587558766
"rand1",1.7,62,"SVP (BIC)",0.833333333333333,0.625,0.714285714285714,6,0.0663503587558766
"rand1",1.7,63,"PELT",0.833333333333333,0.625,0.714285714285714,6,0.0159524413576046
"rand1",1.7,63,"SVP",0.833333333333333,0.625,0.714285714285714,6,0.0159524413576046
"rand1",1.7,63,"SVP (BIC)",0.833333333333333,0.625,0.714285714285714,6,0.0159524413576046
"rand1",1.7,64,"PELT",1,0.625,0.769230769230769,5,0.0374068455106253
"rand1",1.7,64,"SVP",1,0.625,0.769230769230769,5,0.0374068455106253
"rand1",1.7,64,"SVP (BIC)",1,0.625,0.769230769230769,5,0.0374068455106253
"rand1",1.7,65,"PELT",1,0.625,0.769230769230769,5,0.0277919881186312
"rand1",1.7,65,"SVP",1,0.625,0.769230769230769,5,0.0277919881186312
"rand1",1.7,65,"SVP (BIC)",1,0.625,0.769230769230769,5,0.0277919881186312
"rand1",1.7,66,"PELT",1,0.625,0.769230769230769,5,0.0460580006350605
"rand1",1.7,66,"SVP",1,0.625,0.769230769230769,5,0.0460580006350605
"rand1",1.7,66,"SVP (BIC)",1,0.625,0.769230769230769,5,0.0460580006350605
"rand1",1.7,67,"PELT",0.833333333333333,0.625,0.714285714285714,6,0.0104609623051402
"rand1",1.7,67,"SVP",0.833333333333333,0.625,0.714285714285714,6,0.0104609623051402
"rand1",1.7,67,"SVP (BIC)",1,0.625,0.769230769230769,5,0.0377151145709404
"rand1",1.7,68,"PELT",1,0.75,0.857142857142857,6,0.017904890750842
"rand1",1.7,68,"SVP",1,0.75,0.857142857142857,6,0.017904890750842
"rand1",1.7,68,"SVP (BIC)",1,0.75,0.857142857142857,6,0.017904890750842
"rand1",1.7,69,"PELT",0.714285714285714,0.625,0.666666666666667,7,0.0208960244935425
"rand1",1.7,69,"SVP",0.833333333333333,0.625,0.714285714285714,6,0.0257631163926226
"rand1",1.7,69,"SVP (BIC)",1,0.625,0.769230769230769,5,0.0360550766348185
"rand1",1.7,70,"PELT",0.857142857142857,0.75,0.8,7,0.0199747512247287
"rand1",1.7,70,"SVP",1,0.75,0.857142857142857,6,0.0266920947646529
"rand1",1.7,70,"SVP (BIC)",1,0.75,0.857142857142857,6,0.0266920947646529
"rand1",1.7,71,"PELT",1,0.75,0.857142857142857,6,0.0267253387884728
"rand1",1.7,71,"SVP",1,0.75,0.857142857142857,6,0.0267253387884728
"rand1",1.7,71,"SVP (BIC)",1,0.75,0.857142857142857,6,0.0267253387884728
"rand1",1.7,72,"PELT",0.833333333333333,0.625,0.714285714285714,6,0.0216178926466853
"rand1",1.7,72,"SVP",0.714285714285714,0.625,0.666666666666667,7,0.0139373051564456
"rand1",1.7,72,"SVP (BIC)",1,0.625,0.769230769230769,5,0.0323302120689227
"rand1",1.7,73,"PELT",0.714285714285714,0.625,0.666666666666667,7,0.0319237803451312
"rand1",1.7,73,"SVP",0.833333333333333,0.625,0.714285714285714,6,0.0375030804959292
"rand1",1.7,73,"SVP (BIC)",1,0.625,0.769230769230769,5,0.0467597146834568
"rand1",1.7,74,"PELT",0.666666666666667,0.5,0.571428571428572,6,0.0495804500908901
"rand1",1.7,74,"SVP",0.666666666666667,0.5,0.571428571428572,6,0.0495804500908901
"rand1",1.7,74,"SVP (BIC)",0.8,0.5,0.615384615384615,5,0.0631148600064143
"rand1",1.7,75,"PELT",0.833333333333333,0.625,0.714285714285714,6,0.0431014956469524
"rand1",1.7,75,"SVP",0.833333333333333,0.625,0.714285714285714,6,0.0431014956469524
"rand1",1.7,75,"SVP (BIC)",1,0.625,0.769230769230769,5,0.037376079813051
"rand1",1.7,76,"PELT",0.625,0.625,0.625,8,0.0364275448433835
"rand1",1.7,76,"SVP",0.714285714285714,0.625,0.666666666666667,7,0.0147669101271969
"rand1",1.7,76,"SVP (BIC)",0.833333333333333,0.625,0.714285714285714,6,0.016164759568248
"rand1",1.7,77,"PELT",0.857142857142857,0.75,0.8,7,0.0158754751368382
"rand1",1.7,77,"SVP",1,0.75,0.857142857142857,6,0.0201071821021593
"rand1",1.7,77,"SVP (BIC)",1,0.625,0.769230769230769,5,0.0371625547086573
"rand1",1.7,78,"PELT",0.714285714285714,0.625,0.666666666666667,7,0.0143681673614217
"rand1",1.7,78,"SVP",0.833333333333333,0.625,0.714285714285714,6,0.0195838710087666
"rand1",1.7,78,"SVP (BIC)",0.833333333333333,0.625,0.714285714285714,6,0.0195838710087666
"rand1",1.7,79,"PELT",1,0.75,0.857142857142857,6,0.0196089668360736
"rand1",1.7,79,"SVP",1,0.625,0.769230769230769,5,0.0356824548895602
"rand1",1.7,79,"SVP (BIC)",1,0.625,0.769230769230769,5,0.0356824548895602
"rand1",1.7,80,"PELT",0.714285714285714,0.625,0.666666666666667,7,0.0120661180121521
"rand1",1.7,80,"SVP",0.833333333333333,0.625,0.714285714285714,6,0.0177935334499717
"rand1",1.7,80,"SVP (BIC)",1,0.625,0.769230769230769,5,0.03433351637657
"rand1",1.7,81,"PELT",0.666666666666667,0.5,0.571428571428572,6,0.0737431785461969
"rand1",1.7,81,"SVP",0.8,0.5,0.615384615384615,5,0.0895698737755533
"rand1",1.7,81,"SVP (BIC)",0.8,0.5,0.615384615384615,5,0.0895698737755533
"rand1",1.7,82,"PELT",0.833333333333333,0.625,0.714285714285714,6,0.0199503444094917
"rand1",1.7,82,"SVP",0.833333333333333,0.625,0.714285714285714,6,0.0199503444094917
"rand1",1.7,82,"SVP (BIC)",1,0.625,0.769230769230769,5,0.0331171747108866
"rand1",1.7,83,"PELT",0.714285714285714,0.625,0.666666666666667,7,0.0393150646007267
"rand1",1.7,83,"SVP",0.833333333333333,0.625,0.714285714285714,6,0.0229163122799649
"rand1",1.7,83,"SVP (BIC)",1,0.625,0.769230769230769,5,0.0376325216946969
"rand1",1.7,84,"PELT",0.833333333333333,0.625,0.714285714285714,6,0.050200477025165
"rand1",1.7,84,"SVP",1,0.625,0.769230769230769,5,0.0381674599603074
"rand1",1.7,84,"SVP (BIC)",1,0.625,0.769230769230769,5,0.0320188434868101
"rand1",1.7,85,"PELT",0.714285714285714,0.625,0.666666666666667,7,0.0239573149392256
"rand1",1.7,85,"SVP",0.714285714285714,0.625,0.666666666666667,7,0.0239573149392256
"rand1",1.7,85,"SVP (BIC)",1,0.625,0.769230769230769,5,0.0346107794990078
"rand1",1.7,86,"PELT",0.714285714285714,0.625,0.666666666666667,7,0.010916718987921
"rand1",1.7,86,"SVP",0.833333333333333,0.625,0.714285714285714,6,0.0145302617685759
"rand1",1.7,86,"SVP (BIC)",1,0.625,0.769230769230769,5,0.0311592733371677
"rand1",1.7,87,"PELT",1,0.625,0.769230769230769,5,0.0437110410974982
"rand1",1.7,87,"SVP",1,0.625,0.769230769230769,5,0.0437110410974982
"rand1",1.7,87,"SVP (BIC)",1,0.625,0.769230769230769,5,0.0437110410974982
"rand1",1.7,88,"PELT",0.833333333333333,0.625,0.714285714285714,6,0.0321899002640392
"rand1",1.7,88,"SVP",1,0.625,0.769230769230769,5,0.0469078827893227
"rand1",1.7,88,"SVP (BIC)",1,0.625,0.769230769230769,5,0.0469078827893227
"rand1",1.7,89,"PELT",1,0.75,0.857142857142857,6,0.0240069588235212
"rand1",1.7,89,"SVP",1,0.75,0.857142857142857,6,0.0240069588235212
"rand1",1.7,89,"SVP (BIC)",1,0.75,0.857142857142857,6,0.0240069588235212
"rand1",1.7,90,"PELT",0.833333333333333,0.625,0.714285714285714,6,0.0376513299625187
"rand1",1.7,90,"SVP",0.833333333333333,0.625,0.714285714285714,6,0.0376513299625187
"rand1",1.7,90,"SVP (BIC)",0.833333333333333,0.625,0.714285714285714,6,0.0376513299625187
"rand1",1.7,91,"PELT",0.833333333333333,0.625,0.714285714285714,6,0.044629005188989
"rand1",1.7,91,"SVP",0.833333333333333,0.625,0.714285714285714,6,0.044629005188989
"rand1",1.7,91,"SVP (BIC)",0.833333333333333,0.625,0.714285714285714,6,0.044629005188989
"rand1",1.7,92,"PELT",1,0.625,0.769230769230769,5,0.0319998703906978
"rand1",1.7,92,"SVP",1,0.625,0.769230769230769,5,0.0319998703906978
"rand1",1.7,92,"SVP (BIC)",1,0.625,0.769230769230769,5,0.0319998703906978
"rand1",1.7,93,"PELT",0.571428571428571,0.5,0.533333333333333,7,0.0527982714518543
"rand1",1.7,93,"SVP",0.666666666666667,0.5,0.571428571428572,6,0.0465618436758653
"rand1",1.7,93,"SVP (BIC)",0.8,0.5,0.615384615384615,5,0.0477213142581246
"rand1",1.7,94,"PELT",0.714285714285714,0.625,0.666666666666667,7,0.037290648560534
"rand1",1.7,94,"SVP",0.714285714285714,0.625,0.666666666666667,7,0.037290648560534
"rand1",1.7,94,"SVP (BIC)",0.833333333333333,0.625,0.714285714285714,6,0.0382713597249605
"rand1",1.7,95,"PELT",0.857142857142857,0.75,0.8,7,0.032387757312803
"rand1",1.7,95,"SVP",1,0.625,0.769230769230769,5,0.0381739522814698
"rand1",1.7,95,"SVP (BIC)",1,0.625,0.769230769230769,5,0.0381739522814698
"rand1",1.7,96,"PELT",0.833333333333333,0.625,0.714285714285714,6,0.0226048189714963
"rand1",1.7,96,"SVP",0.833333333333333,0.625,0.714285714285714,6,0.0397923569744015
"rand1",1.7,96,"SVP (BIC)",1,0.625,0.769230769230769,5,0.0386633953514946
"rand1",1.7,97,"PELT",0.625,0.625,0.625,8,0.0328270980600349
"rand1",1.7,97,"SVP",0.833333333333333,0.625,0.714285714285714,6,0.0109921921501956
"rand1",1.7,97,"SVP (BIC)",1,0.625,0.769230769230769,5,0.0271112662678316
"rand1",1.7,98,"PELT",0.833333333333333,0.625,0.714285714285714,6,0.0364541805692948
"rand1",1.7,98,"SVP",0.833333333333333,0.625,0.714285714285714,6,0.0364541805692948
"rand1",1.7,98,"SVP (BIC)",1,0.625,0.769230769230769,5,0.0395004107497528
"rand1",1.7,99,"PELT",0.833333333333333,0.625,0.714285714285714,6,0.042857608206048
"rand1",1.7,99,"SVP",0.833333333333333,0.625,0.714285714285714,6,0.042857608206048
"rand1",1.7,99,"SVP (BIC)",0.833333333333333,0.625,0.714285714285714,6,0.042857608206048
"rand1",1.7,100,"PELT",0.571428571428571,0.5,0.533333333333333,7,0.0322119133105727
"rand1",1.7,100,"SVP",0.666666666666667,0.5,0.571428571428572,6,0.0366897447921677
"rand1",1.7,100,"SVP (BIC)",0.8,0.5,0.615384615384615,5,0.0479587723833469
"none",1.8,1,"PELT",1,1,1,1,0.000187909748479744
"none",1.8,1,"SVP",1,1,1,1,0.000187909748479744
"none",1.8,1,"SVP (BIC)",1,1,1,1,0.000187909748479744
"none",1.8,2,"PELT",1,1,1,1,0.00155266998249724
"none",1.8,2,"SVP",1,1,1,1,0.00155266998249724
"none",1.8,2,"SVP (BIC)",1,1,1,1,0.00155266998249724
"none",1.8,3,"PELT",1,1,1,1,0.000863142842346826
"none",1.8,3,"SVP",1,1,1,1,0.000863142842346826
"none",1.8,3,"SVP (BIC)",1,1,1,1,0.000863142842346826
"none",1.8,4,"PELT",1,1,1,1,0.000382068794834965
"none",1.8,4,"SVP",1,1,1,1,0.000382068794834965
"none",1.8,4,"SVP (BIC)",1,1,1,1,0.000382068794834965
"none",1.8,5,"PELT",1,1,1,1,6.89268427598872e-08
"none",1.8,5,"SVP",1,1,1,1,6.89268427598872e-08
"none",1.8,5,"SVP (BIC)",1,1,1,1,6.89268427598872e-08
"none",1.8,6,"PELT",1,1,1,1,0.000832357593823043
"none",1.8,6,"SVP",1,1,1,1,0.000832357593823043
"none",1.8,6,"SVP (BIC)",1,1,1,1,0.000832357593823043
"none",1.8,7,"PELT",1,1,1,1,0.000110440635950137
"none",1.8,7,"SVP",1,1,1,1,0.000110440635950137
"none",1.8,7,"SVP (BIC)",1,1,1,1,0.000110440635950137
"none",1.8,8,"PELT",1,1,1,1,3.6484610479148e-05
"none",1.8,8,"SVP",1,1,1,1,3.6484610479148e-05
"none",1.8,8,"SVP (BIC)",1,1,1,1,3.6484610479148e-05
"none",1.8,9,"PELT",1,1,1,1,0.000338615139451709
"none",1.8,9,"SVP",1,1,1,1,0.000338615139451709
"none",1.8,9,"SVP (BIC)",1,1,1,1,0.000338615139451709
"none",1.8,10,"PELT",1,1,1,1,0.000393734771794825
"none",1.8,10,"SVP",1,1,1,1,0.000393734771794825
"none",1.8,10,"SVP (BIC)",1,1,1,1,0.000393734771794825
"none",1.8,11,"PELT",1,1,1,1,0.00276976883965073
"none",1.8,11,"SVP",1,1,1,1,0.00276976883965073
"none",1.8,11,"SVP (BIC)",1,1,1,1,0.00276976883965073
"none",1.8,12,"PELT",1,1,1,1,0.00121509051805407
"none",1.8,12,"SVP",1,1,1,1,0.00121509051805407
"none",1.8,12,"SVP (BIC)",1,1,1,1,0.00121509051805407
"none",1.8,13,"PELT",1,1,1,1,0.004434165251161
"none",1.8,13,"SVP",1,1,1,1,0.004434165251161
"none",1.8,13,"SVP (BIC)",1,1,1,1,0.004434165251161
"none",1.8,14,"PELT",0.5,1,0.666666666666667,2,0.0148222382430864
"none",1.8,14,"SVP",0.5,1,0.666666666666667,2,0.0148222382430864
"none",1.8,14,"SVP (BIC)",1,1,1,1,0.000313708760682191
"none",1.8,15,"PELT",1,1,1,1,0.000337707037088892
"none",1.8,15,"SVP",1,1,1,1,0.000337707037088892
"none",1.8,15,"SVP (BIC)",1,1,1,1,0.000337707037088892
"none",1.8,16,"PELT",1,1,1,1,0.000190443885492089
"none",1.8,16,"SVP",1,1,1,1,0.000190443885492089
"none",1.8,16,"SVP (BIC)",1,1,1,1,0.000190443885492089
"none",1.8,17,"PELT",1,1,1,1,0.00058552632908218
"none",1.8,17,"SVP",1,1,1,1,0.00058552632908218
"none",1.8,17,"SVP (BIC)",1,1,1,1,0.00058552632908218
"none",1.8,18,"PELT",1,1,1,1,0.000656816535682816
"none",1.8,18,"SVP",1,1,1,1,0.000656816535682816
"none",1.8,18,"SVP (BIC)",1,1,1,1,0.000656816535682816
"none",1.8,19,"PELT",1,1,1,1,0.00234483553566167
"none",1.8,19,"SVP",1,1,1,1,0.00234483553566167
"none",1.8,19,"SVP (BIC)",1,1,1,1,0.00234483553566167
"none",1.8,20,"PELT",1,1,1,1,0.00221558034591706
"none",1.8,20,"SVP",1,1,1,1,0.00221558034591706
"none",1.8,20,"SVP (BIC)",1,1,1,1,0.00221558034591706
"none",1.8,21,"PELT",1,1,1,1,0.000301146701010123
"none",1.8,21,"SVP",1,1,1,1,0.000301146701010123
"none",1.8,21,"SVP (BIC)",1,1,1,1,0.000301146701010123
"none",1.8,22,"PELT",1,1,1,1,6.35426047265762e-09
"none",1.8,22,"SVP",1,1,1,1,6.35426047265762e-09
"none",1.8,22,"SVP (BIC)",1,1,1,1,6.35426047265762e-09
"none",1.8,23,"PELT",1,1,1,1,3.15225223427047e-05
"none",1.8,23,"SVP",1,1,1,1,3.15225223427047e-05
"none",1.8,23,"SVP (BIC)",1,1,1,1,3.15225223427047e-05
"none",1.8,24,"PELT",1,1,1,1,0.00602607546400432
"none",1.8,24,"SVP",1,1,1,1,0.00602607546400432
"none",1.8,24,"SVP (BIC)",1,1,1,1,0.00602607546400432
"none",1.8,25,"PELT",1,1,1,1,0.00238499291093744
"none",1.8,25,"SVP",1,1,1,1,0.00238499291093744
"none",1.8,25,"SVP (BIC)",1,1,1,1,0.00238499291093744
"none",1.8,26,"PELT",1,1,1,1,0.00019911821599984
"none",1.8,26,"SVP",1,1,1,1,0.00019911821599984
"none",1.8,26,"SVP (BIC)",1,1,1,1,0.00019911821599984
"none",1.8,27,"PELT",1,1,1,1,0.000658244751131062
"none",1.8,27,"SVP",1,1,1,1,0.000658244751131062
"none",1.8,27,"SVP (BIC)",1,1,1,1,0.000658244751131062
"none",1.8,28,"PELT",1,1,1,1,0.000143598464070883
"none",1.8,28,"SVP",1,1,1,1,0.000143598464070883
"none",1.8,28,"SVP (BIC)",1,1,1,1,0.000143598464070883
"none",1.8,29,"PELT",1,1,1,1,0.000873036339643812
"none",1.8,29,"SVP",1,1,1,1,0.000873036339643812
"none",1.8,29,"SVP (BIC)",1,1,1,1,0.000873036339643812
"none",1.8,30,"PELT",1,1,1,1,8.55349111200152e-05
"none",1.8,30,"SVP",1,1,1,1,8.55349111200152e-05
"none",1.8,30,"SVP (BIC)",1,1,1,1,8.55349111200152e-05
"none",1.8,31,"PELT",1,1,1,1,0.00163919923341219
"none",1.8,31,"SVP",1,1,1,1,0.00163919923341219
"none",1.8,31,"SVP (BIC)",1,1,1,1,0.00163919923341219
"none",1.8,32,"PELT",1,1,1,1,0.001764611833282
"none",1.8,32,"SVP",1,1,1,1,0.001764611833282
"none",1.8,32,"SVP (BIC)",1,1,1,1,0.001764611833282
"none",1.8,33,"PELT",1,1,1,1,0.00118599076859419
"none",1.8,33,"SVP",1,1,1,1,0.00118599076859419
"none",1.8,33,"SVP (BIC)",1,1,1,1,0.00118599076859419
"none",1.8,34,"PELT",1,1,1,1,0.00012878964867219
"none",1.8,34,"SVP",0.5,1,0.666666666666667,2,0.000508976519867537
"none",1.8,34,"SVP (BIC)",1,1,1,1,0.00012878964867219
"none",1.8,35,"PELT",1,1,1,1,0.00121357199153235
"none",1.8,35,"SVP",1,1,1,1,0.00121357199153235
"none",1.8,35,"SVP (BIC)",1,1,1,1,0.00121357199153235
"none",1.8,36,"PELT",1,1,1,1,7.13440407230056e-09
"none",1.8,36,"SVP",1,1,1,1,7.13440407230056e-09
"none",1.8,36,"SVP (BIC)",1,1,1,1,7.13440407230056e-09
"none",1.8,37,"PELT",0.5,1,0.666666666666667,2,0.0165957566600015
"none",1.8,37,"SVP",0.5,1,0.666666666666667,2,0.00499807668388833
"none",1.8,37,"SVP (BIC)",1,1,1,1,0.00218086573874673
"none",1.8,38,"PELT",1,1,1,1,0.000322104930894194
"none",1.8,38,"SVP",1,1,1,1,0.000322104930894194
"none",1.8,38,"SVP (BIC)",1,1,1,1,0.000322104930894194
"none",1.8,39,"PELT",1,1,1,1,0.000499400364065536
"none",1.8,39,"SVP",1,1,1,1,0.000499400364065536
"none",1.8,39,"SVP (BIC)",1,1,1,1,0.000499400364065536
"none",1.8,40,"PELT",1,1,1,1,1.9580176681371e-05
"none",1.8,40,"SVP",1,1,1,1,1.9580176681371e-05
"none",1.8,40,"SVP (BIC)",1,1,1,1,1.9580176681371e-05
"none",1.8,41,"PELT",1,1,1,1,5.77921778891898e-05
"none",1.8,41,"SVP",1,1,1,1,5.77921778891898e-05
"none",1.8,41,"SVP (BIC)",1,1,1,1,5.77921778891898e-05
"none",1.8,42,"PELT",0.5,1,0.666666666666667,2,0.0138821566825879
"none",1.8,42,"SVP",1,1,1,1,1.17820992356184e-07
"none",1.8,42,"SVP (BIC)",1,1,1,1,1.17820992356184e-07
"none",1.8,43,"PELT",1,1,1,1,0.000772038470714068
"none",1.8,43,"SVP",1,1,1,1,0.000772038470714068
"none",1.8,43,"SVP (BIC)",1,1,1,1,0.000772038470714068
"none",1.8,44,"PELT",1,1,1,1,0.00188175669138447
"none",1.8,44,"SVP",1,1,1,1,0.00188175669138447
"none",1.8,44,"SVP (BIC)",1,1,1,1,0.00188175669138447
"none",1.8,45,"PELT",1,1,1,1,4.74624411400203e-06
"none",1.8,45,"SVP",1,1,1,1,4.74624411400203e-06
"none",1.8,45,"SVP (BIC)",1,1,1,1,4.74624411400203e-06
"none",1.8,46,"PELT",1,1,1,1,0.000468232511540051
"none",1.8,46,"SVP",1,1,1,1,0.000468232511540051
"none",1.8,46,"SVP (BIC)",1,1,1,1,0.000468232511540051
"none",1.8,47,"PELT",1,1,1,1,0.00316000032340552
"none",1.8,47,"SVP",1,1,1,1,0.00316000032340552
"none",1.8,47,"SVP (BIC)",1,1,1,1,0.00316000032340552
"none",1.8,48,"PELT",1,1,1,1,0.00099163647258521
"none",1.8,48,"SVP",0.5,1,0.666666666666667,2,0.012102686730967
"none",1.8,48,"SVP (BIC)",1,1,1,1,0.00099163647258521
"none",1.8,49,"PELT",1,1,1,1,1.76502573397674e-05
"none",1.8,49,"SVP",1,1,1,1,1.76502573397674e-05
"none",1.8,49,"SVP (BIC)",1,1,1,1,1.76502573397674e-05
"none",1.8,50,"PELT",1,1,1,1,0.000255574995510692
"none",1.8,50,"SVP",1,1,1,1,0.000255574995510692
"none",1.8,50,"SVP (BIC)",1,1,1,1,0.000255574995510692
"none",1.8,51,"PELT",0.5,1,0.666666666666667,2,0.0204596090939047
"none",1.8,51,"SVP",0.5,1,0.666666666666667,2,0.00811571574149064
"none",1.8,51,"SVP (BIC)",1,1,1,1,0.00495815906658006
"none",1.8,52,"PELT",1,1,1,1,0.00183770465176153
"none",1.8,52,"SVP",0.5,1,0.666666666666667,2,0.00601587344977511
"none",1.8,52,"SVP (BIC)",1,1,1,1,0.00183770465176153
"none",1.8,53,"PELT",1,1,1,1,0.00195128640811085
"none",1.8,53,"SVP",1,1,1,1,0.00195128640811085
"none",1.8,53,"SVP (BIC)",1,1,1,1,0.00195128640811085
"none",1.8,54,"PELT",1,1,1,1,8.22328485029167e-08
"none",1.8,54,"SVP",1,1,1,1,8.22328485029167e-08
"none",1.8,54,"SVP (BIC)",1,1,1,1,8.22328485029167e-08
"none",1.8,55,"PELT",1,1,1,1,0.000536360707706756
"none",1.8,55,"SVP",1,1,1,1,0.000536360707706756
"none",1.8,55,"SVP (BIC)",1,1,1,1,0.000536360707706756
"none",1.8,56,"PELT",1,1,1,1,0.00128523960802433
"none",1.8,56,"SVP",1,1,1,1,0.00128523960802433
"none",1.8,56,"SVP (BIC)",1,1,1,1,0.00128523960802433
"none",1.8,57,"PELT",1,1,1,1,0.00108453279086602
"none",1.8,57,"SVP",1,1,1,1,0.00108453279086602
"none",1.8,57,"SVP (BIC)",1,1,1,1,0.00108453279086602
"none",1.8,58,"PELT",1,1,1,1,0.00120874917179281
"none",1.8,58,"SVP",0.5,1,0.666666666666667,2,0.00931443077934159
"none",1.8,58,"SVP (BIC)",1,1,1,1,0.00120874917179281
"none",1.8,59,"PELT",1,1,1,1,0.000113781422881367
"none",1.8,59,"SVP",1,1,1,1,0.000113781422881367
"none",1.8,59,"SVP (BIC)",1,1,1,1,0.000113781422881367
"none",1.8,60,"PELT",1,1,1,1,4.7571420791081e-06
"none",1.8,60,"SVP",1,1,1,1,4.7571420791081e-06
"none",1.8,60,"SVP (BIC)",1,1,1,1,4.7571420791081e-06
"none",1.8,61,"PELT",1,1,1,1,7.66024802718114e-05
"none",1.8,61,"SVP",1,1,1,1,7.66024802718114e-05
"none",1.8,61,"SVP (BIC)",1,1,1,1,7.66024802718114e-05
"none",1.8,62,"PELT",1,1,1,1,2.42882008409946e-05
"none",1.8,62,"SVP",1,1,1,1,2.42882008409946e-05
"none",1.8,62,"SVP (BIC)",1,1,1,1,2.42882008409946e-05
"none",1.8,63,"PELT",1,1,1,1,0.00109605989704171
"none",1.8,63,"SVP",1,1,1,1,0.00109605989704171
"none",1.8,63,"SVP (BIC)",1,1,1,1,0.00109605989704171
"none",1.8,64,"PELT",1,1,1,1,2.87434060147126e-05
"none",1.8,64,"SVP",1,1,1,1,2.87434060147126e-05
"none",1.8,64,"SVP (BIC)",1,1,1,1,2.87434060147126e-05
"none",1.8,65,"PELT",1,1,1,1,0.00010578382872911
"none",1.8,65,"SVP",1,1,1,1,0.00010578382872911
"none",1.8,65,"SVP (BIC)",1,1,1,1,0.00010578382872911
"none",1.8,66,"PELT",1,1,1,1,1.24404553621488e-05
"none",1.8,66,"SVP",1,1,1,1,1.24404553621488e-05
"none",1.8,66,"SVP (BIC)",1,1,1,1,1.24404553621488e-05
"none",1.8,67,"PELT",1,1,1,1,0.0015204702028346
"none",1.8,67,"SVP",1,1,1,1,0.0015204702028346
"none",1.8,67,"SVP (BIC)",1,1,1,1,0.0015204702028346
"none",1.8,68,"PELT",1,1,1,1,0.00291435167438751
"none",1.8,68,"SVP",1,1,1,1,0.00291435167438751
"none",1.8,68,"SVP (BIC)",1,1,1,1,0.00291435167438751
"none",1.8,69,"PELT",0.5,1,0.666666666666667,2,0.0178748415446054
"none",1.8,69,"SVP",0.5,1,0.666666666666667,2,0.0178748415446054
"none",1.8,69,"SVP (BIC)",1,1,1,1,0.00396787109295502
"none",1.8,70,"PELT",1,1,1,1,0.000338084775929462
"none",1.8,70,"SVP",1,1,1,1,0.000338084775929462
"none",1.8,70,"SVP (BIC)",1,1,1,1,0.000338084775929462
"none",1.8,71,"PELT",1,1,1,1,0.0041436184017889
"none",1.8,71,"SVP",1,1,1,1,0.0041436184017889
"none",1.8,71,"SVP (BIC)",1,1,1,1,0.0041436184017889
"none",1.8,72,"PELT",1,1,1,1,0.000153667741880966
"none",1.8,72,"SVP",1,1,1,1,0.000153667741880966
"none",1.8,72,"SVP (BIC)",1,1,1,1,0.000153667741880966
"none",1.8,73,"PELT",1,1,1,1,6.31759004454231e-05
"none",1.8,73,"SVP",1,1,1,1,6.31759004454231e-05
"none",1.8,73,"SVP (BIC)",1,1,1,1,6.31759004454231e-05
"none",1.8,74,"PELT",1,1,1,1,0.00180368713199961
"none",1.8,74,"SVP",1,1,1,1,0.00180368713199961
"none",1.8,74,"SVP (BIC)",1,1,1,1,0.00180368713199961
"none",1.8,75,"PELT",1,1,1,1,6.53465768221286e-06
"none",1.8,75,"SVP",1,1,1,1,6.53465768221286e-06
"none",1.8,75,"SVP (BIC)",1,1,1,1,6.53465768221286e-06
"none",1.8,76,"PELT",1,1,1,1,1.39125747514147e-05
"none",1.8,76,"SVP",1,1,1,1,1.39125747514147e-05
"none",1.8,76,"SVP (BIC)",1,1,1,1,1.39125747514147e-05
"none",1.8,77,"PELT",1,1,1,1,0.000141337924450583
"none",1.8,77,"SVP",1,1,1,1,0.000141337924450583
"none",1.8,77,"SVP (BIC)",1,1,1,1,0.000141337924450583
"none",1.8,78,"PELT",1,1,1,1,0.000202842886162078
"none",1.8,78,"SVP",1,1,1,1,0.000202842886162078
"none",1.8,78,"SVP (BIC)",1,1,1,1,0.000202842886162078
"none",1.8,79,"PELT",1,1,1,1,4.17113900786881e-05
"none",1.8,79,"SVP",1,1,1,1,4.17113900786881e-05
"none",1.8,79,"SVP (BIC)",1,1,1,1,4.17113900786881e-05
"none",1.8,80,"PELT",1,1,1,1,0.00231627901430893
"none",1.8,80,"SVP",1,1,1,1,0.00231627901430893
"none",1.8,80,"SVP (BIC)",1,1,1,1,0.00231627901430893
"none",1.8,81,"PELT",1,1,1,1,0.00287906828069026
"none",1.8,81,"SVP",1,1,1,1,0.00287906828069026
"none",1.8,81,"SVP (BIC)",1,1,1,1,0.00287906828069026
"none",1.8,82,"PELT",1,1,1,1,0.000264242792332225
"none",1.8,82,"SVP",1,1,1,1,0.000264242792332225
"none",1.8,82,"SVP (BIC)",1,1,1,1,0.000264242792332225
"none",1.8,83,"PELT",1,1,1,1,0.00281289169149255
"none",1.8,83,"SVP",1,1,1,1,0.00281289169149255
"none",1.8,83,"SVP (BIC)",1,1,1,1,0.00281289169149255
"none",1.8,84,"PELT",1,1,1,1,6.11394194035695e-08
"none",1.8,84,"SVP",1,1,1,1,6.11394194035695e-08
"none",1.8,84,"SVP (BIC)",1,1,1,1,6.11394194035695e-08
"none",1.8,85,"PELT",1,1,1,1,2.16863750266719e-06
"none",1.8,85,"SVP",1,1,1,1,2.16863750266719e-06
"none",1.8,85,"SVP (BIC)",1,1,1,1,2.16863750266719e-06
"none",1.8,86,"PELT",1,1,1,1,0.00050010642097481
"none",1.8,86,"SVP",1,1,1,1,0.00050010642097481
"none",1.8,86,"SVP (BIC)",1,1,1,1,0.00050010642097481
"none",1.8,87,"PELT",1,1,1,1,0.00691226770489875
"none",1.8,87,"SVP",1,1,1,1,0.00691226770489875
"none",1.8,87,"SVP (BIC)",1,1,1,1,0.00691226770489875
"none",1.8,88,"PELT",1,1,1,1,0.000294467473409363
"none",1.8,88,"SVP",1,1,1,1,0.000294467473409363
"none",1.8,88,"SVP (BIC)",1,1,1,1,0.000294467473409363
"none",1.8,89,"PELT",1,1,1,1,0.000113414851079989
"none",1.8,89,"SVP",1,1,1,1,0.000113414851079989
"none",1.8,89,"SVP (BIC)",1,1,1,1,0.000113414851079989
"none",1.8,90,"PELT",1,1,1,1,0.00026818616580925
"none",1.8,90,"SVP",1,1,1,1,0.00026818616580925
"none",1.8,90,"SVP (BIC)",1,1,1,1,0.00026818616580925
"none",1.8,91,"PELT",1,1,1,1,0.00041213344339294
"none",1.8,91,"SVP",0.5,1,0.666666666666667,2,0.00314400878950553
"none",1.8,91,"SVP (BIC)",1,1,1,1,0.00041213344339294
"none",1.8,92,"PELT",1,1,1,1,0.00356628616185804
"none",1.8,92,"SVP",1,1,1,1,0.00356628616185804
"none",1.8,92,"SVP (BIC)",1,1,1,1,0.00356628616185804
"none",1.8,93,"PELT",1,1,1,1,0.000977147375656938
"none",1.8,93,"SVP",1,1,1,1,0.000977147375656938
"none",1.8,93,"SVP (BIC)",1,1,1,1,0.000977147375656938
"none",1.8,94,"PELT",1,1,1,1,2.56471362421803e-05
"none",1.8,94,"SVP",1,1,1,1,2.56471362421803e-05
"none",1.8,94,"SVP (BIC)",1,1,1,1,2.56471362421803e-05
"none",1.8,95,"PELT",1,1,1,1,0.00163263271191078
"none",1.8,95,"SVP",1,1,1,1,0.00163263271191078
"none",1.8,95,"SVP (BIC)",1,1,1,1,0.00163263271191078
"none",1.8,96,"PELT",1,1,1,1,4.60983855366761e-05
"none",1.8,96,"SVP",1,1,1,1,4.60983855366761e-05
"none",1.8,96,"SVP (BIC)",1,1,1,1,4.60983855366761e-05
"none",1.8,97,"PELT",1,1,1,1,0.000375478446135661
"none",1.8,97,"SVP",1,1,1,1,0.000375478446135661
"none",1.8,97,"SVP (BIC)",1,1,1,1,0.000375478446135661
"none",1.8,98,"PELT",1,1,1,1,0.000193539607197749
"none",1.8,98,"SVP",1,1,1,1,0.000193539607197749
"none",1.8,98,"SVP (BIC)",1,1,1,1,0.000193539607197749
"none",1.8,99,"PELT",1,1,1,1,0.000197486063028443
"none",1.8,99,"SVP",0.5,1,0.666666666666667,2,0.00252604148241114
"none",1.8,99,"SVP (BIC)",1,1,1,1,0.000197486063028443
"none",1.8,100,"PELT",1,1,1,1,0.000896828004742635
"none",1.8,100,"SVP",1,1,1,1,0.000896828004742635
"none",1.8,100,"SVP (BIC)",1,1,1,1,0.000896828004742635
"up",1.8,1,"PELT",0.875,0.875,0.875,8,0.0403636888349391
"up",1.8,1,"SVP",0.875,0.875,0.875,8,0.0403636888349391
"up",1.8,1,"SVP (BIC)",0.875,0.875,0.875,8,0.0403636888349391
"up",1.8,2,"PELT",1,1,1,8,0.00473535514337975
"up",1.8,2,"SVP",1,1,1,8,0.00473535514337975
"up",1.8,2,"SVP (BIC)",1,1,1,8,0.00473535514337975
"up",1.8,3,"PELT",0.875,0.875,0.875,8,0.0137063227985565
"up",1.8,3,"SVP",0.875,0.875,0.875,8,0.0137063227985565
"up",1.8,3,"SVP (BIC)",0.875,0.875,0.875,8,0.0137063227985565
"up",1.8,4,"PELT",1,1,1,8,0.016437137330649
"up",1.8,4,"SVP",1,1,1,8,0.016437137330649
"up",1.8,4,"SVP (BIC)",1,1,1,8,0.016437137330649
"up",1.8,5,"PELT",1,1,1,8,0.0117045293128643
"up",1.8,5,"SVP",1,1,1,8,0.0117045293128643
"up",1.8,5,"SVP (BIC)",1,1,1,8,0.0117045293128643
"up",1.8,6,"PELT",0.875,0.875,0.875,8,0.0311195315459514
"up",1.8,6,"SVP",0.875,0.875,0.875,8,0.0311195315459514
"up",1.8,6,"SVP (BIC)",0.875,0.875,0.875,8,0.0311195315459514
"up",1.8,7,"PELT",0.875,0.875,0.875,8,0.0273110126561069
"up",1.8,7,"SVP",0.875,0.875,0.875,8,0.0273110126561069
"up",1.8,7,"SVP (BIC)",0.875,0.875,0.875,8,0.0273110126561069
"up",1.8,8,"PELT",1,1,1,8,0.0210453087407762
"up",1.8,8,"SVP",1,1,1,8,0.0210453087407762
"up",1.8,8,"SVP (BIC)",1,1,1,8,0.0210453087407762
"up",1.8,9,"PELT",1,1,1,8,0.0322676168244614
"up",1.8,9,"SVP",1,1,1,8,0.0322676168244614
"up",1.8,9,"SVP (BIC)",1,1,1,8,0.0322676168244614
"up",1.8,10,"PELT",0.875,0.875,0.875,8,0.0154639656913545
"up",1.8,10,"SVP",0.875,0.875,0.875,8,0.0154639656913545
"up",1.8,10,"SVP (BIC)",0.875,0.875,0.875,8,0.0154639656913545
"up",1.8,11,"PELT",1,1,1,8,0.0265778594716766
"up",1.8,11,"SVP",1,1,1,8,0.0265778594716766
"up",1.8,11,"SVP (BIC)",1,1,1,8,0.0265778594716766
"up",1.8,12,"PELT",0.75,0.75,0.75,8,0.0394398472734563
"up",1.8,12,"SVP",0.75,0.75,0.75,8,0.0394398472734563
"up",1.8,12,"SVP (BIC)",0.75,0.75,0.75,8,0.0394398472734563
"up",1.8,13,"PELT",0.875,0.875,0.875,8,0.0367994329119796
"up",1.8,13,"SVP",0.875,0.875,0.875,8,0.0367994329119796
"up",1.8,13,"SVP (BIC)",0.875,0.875,0.875,8,0.0367994329119796
"up",1.8,14,"PELT",1,1,1,8,0.0104881318930685
"up",1.8,14,"SVP",1,1,1,8,0.0169003360124982
"up",1.8,14,"SVP (BIC)",1,1,1,8,0.0104881318930685
"up",1.8,15,"PELT",0.75,0.75,0.75,8,0.0382836419164787
"up",1.8,15,"SVP",0.875,0.875,0.875,8,0.0293031748180506
"up",1.8,15,"SVP (BIC)",0.75,0.75,0.75,8,0.0382836419164787
"up",1.8,16,"PELT",1,1,1,8,0.0102840480707257
"up",1.8,16,"SVP",1,1,1,8,0.0102840480707257
"up",1.8,16,"SVP (BIC)",1,1,1,8,0.0102840480707257
"up",1.8,17,"PELT",1,1,1,8,0.0267247804962996
"up",1.8,17,"SVP",1,1,1,8,0.0267247804962996
"up",1.8,17,"SVP (BIC)",1,1,1,8,0.0267247804962996
"up",1.8,18,"PELT",0.875,0.875,0.875,8,0.0327698196965084
"up",1.8,18,"SVP",0.875,0.875,0.875,8,0.0327698196965084
"up",1.8,18,"SVP (BIC)",0.875,0.875,0.875,8,0.0327698196965084
"up",1.8,19,"PELT",0.625,0.625,0.625,8,0.0491246737840575
"up",1.8,19,"SVP",0.625,0.625,0.625,8,0.0491246737840575
"up",1.8,19,"SVP (BIC)",0.625,0.625,0.625,8,0.0491246737840575
"up",1.8,20,"PELT",0.75,0.75,0.75,8,0.0460688779774592
"up",1.8,20,"SVP",0.75,0.75,0.75,8,0.0460688779774592
"up",1.8,20,"SVP (BIC)",0.75,0.75,0.75,8,0.0460688779774592
"up",1.8,21,"PELT",0.875,0.875,0.875,8,0.0213693521894212
"up",1.8,21,"SVP",0.875,0.875,0.875,8,0.0213693521894212
"up",1.8,21,"SVP (BIC)",0.875,0.875,0.875,8,0.0213693521894212
"up",1.8,22,"PELT",1,1,1,8,0.00630148929132292
"up",1.8,22,"SVP",1,1,1,8,0.00630148929132292
"up",1.8,22,"SVP (BIC)",1,1,1,8,0.00630148929132292
"up",1.8,23,"PELT",1,1,1,8,0.00790487959477472
"up",1.8,23,"SVP",1,1,1,8,0.00790487959477472
"up",1.8,23,"SVP (BIC)",1,1,1,8,0.00790487959477472
"up",1.8,24,"PELT",0.875,0.875,0.875,8,0.0336324417952692
"up",1.8,24,"SVP",0.875,0.875,0.875,8,0.0336324417952692
"up",1.8,24,"SVP (BIC)",0.875,0.875,0.875,8,0.0336324417952692
"up",1.8,25,"PELT",1,1,1,8,0.0134467809068113
"up",1.8,25,"SVP",1,1,1,8,0.0134467809068113
"up",1.8,25,"SVP (BIC)",1,1,1,8,0.0134467809068113
"up",1.8,26,"PELT",0.875,0.875,0.875,8,0.028778914871409
"up",1.8,26,"SVP",0.875,0.875,0.875,8,0.028778914871409
"up",1.8,26,"SVP (BIC)",0.875,0.875,0.875,8,0.028778914871409
"up",1.8,27,"PELT",0.875,0.875,0.875,8,0.0284570098173281
"up",1.8,27,"SVP",0.875,0.875,0.875,8,0.0284570098173281
"up",1.8,27,"SVP (BIC)",0.875,0.875,0.875,8,0.0284570098173281
"up",1.8,28,"PELT",0.875,0.875,0.875,8,0.0248658452793567
"up",1.8,28,"SVP",0.875,0.875,0.875,8,0.0248658452793567
"up",1.8,28,"SVP (BIC)",0.875,0.875,0.875,8,0.0248658452793567
"up",1.8,29,"PELT",1,1,1,8,0.026309594188428
"up",1.8,29,"SVP",1,1,1,8,0.026309594188428
"up",1.8,29,"SVP (BIC)",1,1,1,8,0.026309594188428
"up",1.8,30,"PELT",1,1,1,8,0.00745393548426423
"up",1.8,30,"SVP",1,1,1,8,0.00745393548426423
"up",1.8,30,"SVP (BIC)",1,1,1,8,0.00745393548426423
"up",1.8,31,"PELT",1,1,1,8,0.0258729820673334
"up",1.8,31,"SVP",1,1,1,8,0.0258729820673334
"up",1.8,31,"SVP (BIC)",1,1,1,8,0.0258729820673334
"up",1.8,32,"PELT",0.777777777777778,0.875,0.823529411764706,9,0.0460925026150061
"up",1.8,32,"SVP",1,1,1,8,0.0145516193710913
"up",1.8,32,"SVP (BIC)",1,1,1,8,0.0145516193710913
"up",1.8,33,"PELT",0.875,0.875,0.875,8,0.020605770554449
"up",1.8,33,"SVP",0.875,0.875,0.875,8,0.020605770554449
"up",1.8,33,"SVP (BIC)",0.875,0.875,0.875,8,0.020605770554449
"up",1.8,34,"PELT",0.875,0.875,0.875,8,0.0330714397210597
"up",1.8,34,"SVP",0.875,0.875,0.875,8,0.0330714397210597
"up",1.8,34,"SVP (BIC)",0.875,0.875,0.875,8,0.0330714397210597
"up",1.8,35,"PELT",1,1,1,8,0.0120887559114209
"up",1.8,35,"SVP",1,1,1,8,0.0120887559114209
"up",1.8,35,"SVP (BIC)",1,1,1,8,0.0120887559114209
"up",1.8,36,"PELT",0.875,0.875,0.875,8,0.0295013573603537
"up",1.8,36,"SVP",0.875,0.875,0.875,8,0.0295013573603537
"up",1.8,36,"SVP (BIC)",0.875,0.875,0.875,8,0.0295013573603537
"up",1.8,37,"PELT",0.666666666666667,0.75,0.705882352941177,9,0.0490280705564258
"up",1.8,37,"SVP",0.875,0.875,0.875,8,0.0274448762849933
"up",1.8,37,"SVP (BIC)",0.875,0.875,0.875,8,0.0274448762849933
"up",1.8,38,"PELT",0.875,0.875,0.875,8,0.0340623279065683
"up",1.8,38,"SVP",0.777777777777778,0.875,0.823529411764706,9,0.0415125898605602
"up",1.8,38,"SVP (BIC)",0.875,0.875,0.875,8,0.0340623279065683
"up",1.8,39,"PELT",1,1,1,8,0.0116223721631218
"up",1.8,39,"SVP",1,1,1,8,0.0116223721631218
"up",1.8,39,"SVP (BIC)",1,1,1,8,0.0116223721631218
"up",1.8,40,"PELT",0.875,0.875,0.875,8,0.0292272513591968
"up",1.8,40,"SVP",0.875,0.875,0.875,8,0.0292272513591968
"up",1.8,40,"SVP (BIC)",0.875,0.875,0.875,8,0.0292272513591968
"up",1.8,41,"PELT",1,1,1,8,0.0186208644556633
"up",1.8,41,"SVP",1,1,1,8,0.0186208644556633
"up",1.8,41,"SVP (BIC)",1,1,1,8,0.0186208644556633
"up",1.8,42,"PELT",1,1,1,8,0.017597486532679
"up",1.8,42,"SVP",1,1,1,8,0.017597486532679
"up",1.8,42,"SVP (BIC)",1,1,1,8,0.017597486532679
"up",1.8,43,"PELT",0.625,0.625,0.625,8,0.0520000067138331
"up",1.8,43,"SVP",0.625,0.625,0.625,8,0.0520000067138331
"up",1.8,43,"SVP (BIC)",0.625,0.625,0.625,8,0.0520000067138331
"up",1.8,44,"PELT",1,1,1,8,0.0285671642352248
"up",1.8,44,"SVP",1,1,1,8,0.0285671642352248
"up",1.8,44,"SVP (BIC)",1,1,1,8,0.0285671642352248
"up",1.8,45,"PELT",0.875,0.875,0.875,8,0.0187346021709553
"up",1.8,45,"SVP",0.875,0.875,0.875,8,0.0187346021709553
"up",1.8,45,"SVP (BIC)",0.875,0.875,0.875,8,0.0187346021709553
"up",1.8,46,"PELT",0.875,0.875,0.875,8,0.0331753825323548
"up",1.8,46,"SVP",0.875,0.875,0.875,8,0.0331753825323548
"up",1.8,46,"SVP (BIC)",0.875,0.875,0.875,8,0.0331753825323548
"up",1.8,47,"PELT",1,1,1,8,0.019584946888566
"up",1.8,47,"SVP",1,1,1,8,0.019584946888566
"up",1.8,47,"SVP (BIC)",1,1,1,8,0.019584946888566
"up",1.8,48,"PELT",0.875,0.875,0.875,8,0.0246942178315593
"up",1.8,48,"SVP",0.875,0.875,0.875,8,0.0246942178315593
"up",1.8,48,"SVP (BIC)",0.875,0.875,0.875,8,0.0246942178315593
"up",1.8,49,"PELT",0.875,0.875,0.875,8,0.0469856624517277
"up",1.8,49,"SVP",0.875,0.875,0.875,8,0.0469856624517277
"up",1.8,49,"SVP (BIC)",0.875,0.875,0.875,8,0.0469856624517277
"up",1.8,50,"PELT",0.777777777777778,0.875,0.823529411764706,9,0.0352983340241996
"up",1.8,50,"SVP",1,1,1,8,0.00879981268654586
"up",1.8,50,"SVP (BIC)",1,1,1,8,0.00879981268654586
"up",1.8,51,"PELT",0.875,0.875,0.875,8,0.0332335572078411
"up",1.8,51,"SVP",0.875,0.875,0.875,8,0.0332335572078411
"up",1.8,51,"SVP (BIC)",0.875,0.875,0.875,8,0.0332335572078411
"up",1.8,52,"PELT",0.777777777777778,0.875,0.823529411764706,9,0.079132518481312
"up",1.8,52,"SVP",0.875,0.875,0.875,8,0.0615737172661434
"up",1.8,52,"SVP (BIC)",0.875,0.875,0.875,8,0.0615737172661434
"up",1.8,53,"PELT",1,1,1,8,0.00435882417898809
"up",1.8,53,"SVP",1,1,1,8,0.00435882417898809
"up",1.8,53,"SVP (BIC)",1,1,1,8,0.00435882417898809
"up",1.8,54,"PELT",0.625,0.625,0.625,8,0.0467679101272355
"up",1.8,54,"SVP",0.625,0.625,0.625,8,0.0467679101272355
"up",1.8,54,"SVP (BIC)",0.625,0.625,0.625,8,0.0467679101272355
"up",1.8,55,"PELT",0.875,0.875,0.875,8,0.0256257669355314
"up",1.8,55,"SVP",0.875,0.875,0.875,8,0.0256257669355314
"up",1.8,55,"SVP (BIC)",0.875,0.875,0.875,8,0.0256257669355314
"up",1.8,56,"PELT",0.875,0.875,0.875,8,0.0212524559058542
"up",1.8,56,"SVP",0.875,0.875,0.875,8,0.0212524559058542
"up",1.8,56,"SVP (BIC)",0.875,0.875,0.875,8,0.0212524559058542
"up",1.8,57,"PELT",0.777777777777778,0.875,0.823529411764706,9,0.0459889651015878
"up",1.8,57,"SVP",0.875,0.875,0.875,8,0.0320552194060658
"up",1.8,57,"SVP (BIC)",0.875,0.875,0.875,8,0.0320552194060658
"up",1.8,58,"PELT",1,1,1,8,0.0247905500816906
"up",1.8,58,"SVP",1,1,1,8,0.0247905500816906
"up",1.8,58,"SVP (BIC)",1,1,1,8,0.0247905500816906
"up",1.8,59,"PELT",1,1,1,8,0.0259216444863437
"up",1.8,59,"SVP",1,1,1,8,0.0259216444863437
"up",1.8,59,"SVP (BIC)",1,1,1,8,0.0259216444863437
"up",1.8,60,"PELT",1,1,1,8,0.0201829045447007
"up",1.8,60,"SVP",1,1,1,8,0.0201829045447007
"up",1.8,60,"SVP (BIC)",1,1,1,8,0.0201829045447007
"up",1.8,61,"PELT",0.875,0.875,0.875,8,0.0396673100179091
"up",1.8,61,"SVP",0.875,0.875,0.875,8,0.0396673100179091
"up",1.8,61,"SVP (BIC)",0.875,0.875,0.875,8,0.0396673100179091
"up",1.8,62,"PELT",1,1,1,8,0.00980803431228904
"up",1.8,62,"SVP",1,1,1,8,0.00980803431228904
"up",1.8,62,"SVP (BIC)",1,1,1,8,0.00980803431228904
"up",1.8,63,"PELT",1,1,1,8,0.0129128810052747
"up",1.8,63,"SVP",1,1,1,8,0.0129128810052747
"up",1.8,63,"SVP (BIC)",1,1,1,8,0.0129128810052747
"up",1.8,64,"PELT",0.625,0.625,0.625,8,0.0399085744013395
"up",1.8,64,"SVP",0.625,0.625,0.625,8,0.0399085744013395
"up",1.8,64,"SVP (BIC)",0.625,0.625,0.625,8,0.0399085744013395
"up",1.8,65,"PELT",1,1,1,8,0.0212238074772456
"up",1.8,65,"SVP",1,1,1,8,0.0212238074772456
"up",1.8,65,"SVP (BIC)",1,1,1,8,0.0212238074772456
"up",1.8,66,"PELT",1,1,1,8,0.0120787666217228
"up",1.8,66,"SVP",1,1,1,8,0.0120787666217228
"up",1.8,66,"SVP (BIC)",1,1,1,8,0.0120787666217228
"up",1.8,67,"PELT",1,1,1,8,0.0184634918675104
"up",1.8,67,"SVP",1,1,1,8,0.0184634918675104
"up",1.8,67,"SVP (BIC)",1,1,1,8,0.0184634918675104
"up",1.8,68,"PELT",0.875,0.875,0.875,8,0.0205793861101226
"up",1.8,68,"SVP",0.875,0.875,0.875,8,0.0205793861101226
"up",1.8,68,"SVP (BIC)",0.875,0.875,0.875,8,0.0205793861101226
"up",1.8,69,"PELT",1,1,1,8,0.00920219483178156
"up",1.8,69,"SVP",1,1,1,8,0.00920219483178156
"up",1.8,69,"SVP (BIC)",1,1,1,8,0.00920219483178156
"up",1.8,70,"PELT",1,1,1,8,0.0213542095463202
"up",1.8,70,"SVP",1,1,1,8,0.0213542095463202
"up",1.8,70,"SVP (BIC)",1,1,1,8,0.0213542095463202
"up",1.8,71,"PELT",1,1,1,8,0.0203245399538579
"up",1.8,71,"SVP",1,1,1,8,0.0203245399538579
"up",1.8,71,"SVP (BIC)",1,1,1,8,0.0203245399538579
"up",1.8,72,"PELT",1,1,1,8,0.0189319600356555
"up",1.8,72,"SVP",1,1,1,8,0.0189319600356555
"up",1.8,72,"SVP (BIC)",1,1,1,8,0.0189319600356555
"up",1.8,73,"PELT",1,1,1,8,0.0109611870302644
"up",1.8,73,"SVP",1,1,1,8,0.0109611870302644
"up",1.8,73,"SVP (BIC)",1,1,1,8,0.0109611870302644
"up",1.8,74,"PELT",1,1,1,8,0.0247016947282048
"up",1.8,74,"SVP",1,1,1,8,0.0247016947282048
"up",1.8,74,"SVP (BIC)",1,1,1,8,0.0247016947282048
"up",1.8,75,"PELT",0.75,0.75,0.75,8,0.0356425749721376
"up",1.8,75,"SVP",0.75,0.75,0.75,8,0.0356425749721376
"up",1.8,75,"SVP (BIC)",0.75,0.75,0.75,8,0.0356425749721376
"up",1.8,76,"PELT",1,1,1,8,0.0198916741113867
"up",1.8,76,"SVP",1,1,1,8,0.0198916741113867
"up",1.8,76,"SVP (BIC)",1,1,1,8,0.0198916741113867
"up",1.8,77,"PELT",1,1,1,8,0.0139405687777661
"up",1.8,77,"SVP",1,1,1,8,0.0139405687777661
"up",1.8,77,"SVP (BIC)",1,1,1,8,0.0139405687777661
"up",1.8,78,"PELT",0.75,0.75,0.75,8,0.0443068019705587
"up",1.8,78,"SVP",0.75,0.75,0.75,8,0.0443068019705587
"up",1.8,78,"SVP (BIC)",0.75,0.75,0.75,8,0.0443068019705587
"up",1.8,79,"PELT",0.875,0.875,0.875,8,0.0371774836448575
"up",1.8,79,"SVP",0.875,0.875,0.875,8,0.0371774836448575
"up",1.8,79,"SVP (BIC)",0.875,0.875,0.875,8,0.0371774836448575
"up",1.8,80,"PELT",1,1,1,8,0.0195071118031045
"up",1.8,80,"SVP",1,1,1,8,0.0195071118031045
"up",1.8,80,"SVP (BIC)",1,1,1,8,0.0195071118031045
"up",1.8,81,"PELT",0.875,0.875,0.875,8,0.0454038171135676
"up",1.8,81,"SVP",0.875,0.875,0.875,8,0.0454038171135676
"up",1.8,81,"SVP (BIC)",0.875,0.875,0.875,8,0.0454038171135676
"up",1.8,82,"PELT",0.75,0.75,0.75,8,0.0550335714193441
"up",1.8,82,"SVP",0.75,0.75,0.75,8,0.0550335714193441
"up",1.8,82,"SVP (BIC)",0.75,0.75,0.75,8,0.0550335714193441
"up",1.8,83,"PELT",0.888888888888889,1,0.941176470588235,9,0.03519209679743
"up",1.8,83,"SVP",1,1,1,8,0.0202455475190437
"up",1.8,83,"SVP (BIC)",1,1,1,8,0.0202455475190437
"up",1.8,84,"PELT",1,1,1,8,0.00810506852738068
"up",1.8,84,"SVP",1,1,1,8,0.00810506852738068
"up",1.8,84,"SVP (BIC)",1,1,1,8,0.00810506852738068
"up",1.8,85,"PELT",1,1,1,8,0.0152665058210059
"up",1.8,85,"SVP",1,1,1,8,0.0152665058210059
"up",1.8,85,"SVP (BIC)",1,1,1,8,0.0152665058210059
"up",1.8,86,"PELT",0.75,0.75,0.75,8,0.0605598427443693
"up",1.8,86,"SVP",0.75,0.75,0.75,8,0.0605598427443693
"up",1.8,86,"SVP (BIC)",0.75,0.75,0.75,8,0.0605598427443693
"up",1.8,87,"PELT",1,1,1,8,0.0147983166954917
"up",1.8,87,"SVP",1,1,1,8,0.0147983166954917
"up",1.8,87,"SVP (BIC)",1,1,1,8,0.0147983166954917
"up",1.8,88,"PELT",1,1,1,8,0.0204806151485206
"up",1.8,88,"SVP",1,1,1,8,0.0204806151485206
"up",1.8,88,"SVP (BIC)",1,1,1,8,0.0204806151485206
"up",1.8,89,"PELT",1,1,1,8,0.0187358655855589
"up",1.8,89,"SVP",1,1,1,8,0.0187358655855589
"up",1.8,89,"SVP (BIC)",1,1,1,8,0.0187358655855589
"up",1.8,90,"PELT",1,1,1,8,0.0194835096367401
"up",1.8,90,"SVP",1,1,1,8,0.0194835096367401
"up",1.8,90,"SVP (BIC)",1,1,1,8,0.0194835096367401
"up",1.8,91,"PELT",0.75,0.75,0.75,8,0.0319077477061397
"up",1.8,91,"SVP",0.75,0.75,0.75,8,0.0319077477061397
"up",1.8,91,"SVP (BIC)",0.75,0.75,0.75,8,0.0319077477061397
"up",1.8,92,"PELT",0.875,0.875,0.875,8,0.0215569099131658
"up",1.8,92,"SVP",0.875,0.875,0.875,8,0.0215569099131658
"up",1.8,92,"SVP (BIC)",0.875,0.875,0.875,8,0.0215569099131658
"up",1.8,93,"PELT",1,1,1,8,0.0143567770055366
"up",1.8,93,"SVP",1,1,1,8,0.0143567770055366
"up",1.8,93,"SVP (BIC)",1,1,1,8,0.0143567770055366
"up",1.8,94,"PELT",0.875,0.875,0.875,8,0.0301739663024589
"up",1.8,94,"SVP",0.875,0.875,0.875,8,0.0301739663024589
"up",1.8,94,"SVP (BIC)",0.875,0.875,0.875,8,0.0301739663024589
"up",1.8,95,"PELT",1,1,1,8,0.0152507699453076
"up",1.8,95,"SVP",1,1,1,8,0.0152507699453076
"up",1.8,95,"SVP (BIC)",1,1,1,8,0.0152507699453076
"up",1.8,96,"PELT",1,1,1,8,0.00628427477127694
"up",1.8,96,"SVP",1,1,1,8,0.00628427477127694
"up",1.8,96,"SVP (BIC)",1,1,1,8,0.00628427477127694
"up",1.8,97,"PELT",0.875,0.875,0.875,8,0.0336288999461343
"up",1.8,97,"SVP",0.875,0.875,0.875,8,0.0336288999461343
"up",1.8,97,"SVP (BIC)",0.875,0.875,0.875,8,0.0336288999461343
"up",1.8,98,"PELT",0.875,0.875,0.875,8,0.0200644372464705
"up",1.8,98,"SVP",0.875,0.875,0.875,8,0.0200644372464705
"up",1.8,98,"SVP (BIC)",0.875,0.875,0.875,8,0.0200644372464705
"up",1.8,99,"PELT",0.75,0.75,0.75,8,0.0573747771298997
"up",1.8,99,"SVP",0.75,0.75,0.75,8,0.0573747771298997
"up",1.8,99,"SVP (BIC)",0.75,0.75,0.75,8,0.0573747771298997
"up",1.8,100,"PELT",1,1,1,8,0.0224803489256557
"up",1.8,100,"SVP",1,1,1,8,0.0224803489256557
"up",1.8,100,"SVP (BIC)",1,1,1,8,0.0224803489256557
"updown",1.8,1,"PELT",1,1,1,8,0.0226607844227566
"updown",1.8,1,"SVP",1,1,1,8,0.0226607844227566
"updown",1.8,1,"SVP (BIC)",1,1,1,8,0.0226607844227566
"updown",1.8,2,"PELT",0.875,0.875,0.875,8,0.0246608648667415
"updown",1.8,2,"SVP",0.875,0.875,0.875,8,0.0246608648667415
"updown",1.8,2,"SVP (BIC)",0.875,0.875,0.875,8,0.0246608648667415
"updown",1.8,3,"PELT",0.75,0.75,0.75,8,0.0431283867392057
"updown",1.8,3,"SVP",0.75,0.75,0.75,8,0.0431283867392057
"updown",1.8,3,"SVP (BIC)",0.75,0.75,0.75,8,0.0431283867392057
"updown",1.8,4,"PELT",1,1,1,8,0.0137054241628757
"updown",1.8,4,"SVP",1,1,1,8,0.0137054241628757
"updown",1.8,4,"SVP (BIC)",1,1,1,8,0.0137054241628757
"updown",1.8,5,"PELT",1,1,1,8,0.0294725356276553
"updown",1.8,5,"SVP",1,1,1,8,0.0294725356276553
"updown",1.8,5,"SVP (BIC)",1,1,1,8,0.0294725356276553
"updown",1.8,6,"PELT",1,1,1,8,0.0187607639353227
"updown",1.8,6,"SVP",1,1,1,8,0.0187607639353227
"updown",1.8,6,"SVP (BIC)",1,1,1,8,0.0187607639353227
"updown",1.8,7,"PELT",0.875,0.875,0.875,8,0.03374520369185
"updown",1.8,7,"SVP",0.875,0.875,0.875,8,0.03374520369185
"updown",1.8,7,"SVP (BIC)",0.875,0.875,0.875,8,0.03374520369185
"updown",1.8,8,"PELT",1,1,1,8,0.0229951025158884
"updown",1.8,8,"SVP",1,1,1,8,0.0229951025158884
"updown",1.8,8,"SVP (BIC)",1,1,1,8,0.0229951025158884
"updown",1.8,9,"PELT",0.888888888888889,1,0.941176470588235,9,0.0397768730166565
"updown",1.8,9,"SVP",1,1,1,8,0.023744670945369
"updown",1.8,9,"SVP (BIC)",1,1,1,8,0.023744670945369
"updown",1.8,10,"PELT",0.875,0.875,0.875,8,0.0265070819686003
"updown",1.8,10,"SVP",0.875,0.875,0.875,8,0.0265070819686003
"updown",1.8,10,"SVP (BIC)",0.875,0.875,0.875,8,0.0265070819686003
"updown",1.8,11,"PELT",1,1,1,8,0.0248656311682415
"updown",1.8,11,"SVP",1,1,1,8,0.0248656311682415
"updown",1.8,11,"SVP (BIC)",1,1,1,8,0.0248656311682415
"updown",1.8,12,"PELT",1,1,1,8,0.0309223121518872
"updown",1.8,12,"SVP",1,1,1,8,0.0309223121518872
"updown",1.8,12,"SVP (BIC)",1,1,1,8,0.0309223121518872
"updown",1.8,13,"PELT",1,1,1,8,0.030163062128995
"updown",1.8,13,"SVP",1,1,1,8,0.030163062128995
"updown",1.8,13,"SVP (BIC)",1,1,1,8,0.030163062128995
"updown",1.8,14,"PELT",0.75,0.75,0.75,8,0.038746676737573
"updown",1.8,14,"SVP",0.75,0.75,0.75,8,0.038746676737573
"updown",1.8,14,"SVP (BIC)",0.75,0.75,0.75,8,0.038746676737573
"updown",1.8,15,"PELT",0.875,0.875,0.875,8,0.0156970669930729
"updown",1.8,15,"SVP",0.875,0.875,0.875,8,0.0156970669930729
"updown",1.8,15,"SVP (BIC)",0.875,0.875,0.875,8,0.0156970669930729
"updown",1.8,16,"PELT",1,1,1,8,0.01499416904873
"updown",1.8,16,"SVP",1,1,1,8,0.01499416904873
"updown",1.8,16,"SVP (BIC)",1,1,1,8,0.01499416904873
"updown",1.8,17,"PELT",0.75,0.75,0.75,8,0.0453144575405958
"updown",1.8,17,"SVP",0.75,0.75,0.75,8,0.0453144575405958
"updown",1.8,17,"SVP (BIC)",0.75,0.75,0.75,8,0.0453144575405958
"updown",1.8,18,"PELT",0.7,0.875,0.777777777777778,10,0.056989743682719
"updown",1.8,18,"SVP",0.875,0.875,0.875,8,0.0254432811405133
"updown",1.8,18,"SVP (BIC)",0.875,0.875,0.875,8,0.0254432811405133
"updown",1.8,19,"PELT",1,1,1,8,0.0179578040435191
"updown",1.8,19,"SVP",1,1,1,8,0.0179578040435191
"updown",1.8,19,"SVP (BIC)",1,1,1,8,0.0179578040435191
"updown",1.8,20,"PELT",1,1,1,8,0.0373714482383052
"updown",1.8,20,"SVP",1,1,1,8,0.0373714482383052
"updown",1.8,20,"SVP (BIC)",1,1,1,8,0.0373714482383052
"updown",1.8,21,"PELT",1,1,1,8,0.0119540532323704
"updown",1.8,21,"SVP",1,1,1,8,0.0119540532323704
"updown",1.8,21,"SVP (BIC)",1,1,1,8,0.0119540532323704
"updown",1.8,22,"PELT",0.888888888888889,1,0.941176470588235,9,0.0447403088369937
"updown",1.8,22,"SVP",1,1,1,8,0.0337655315907264
"updown",1.8,22,"SVP (BIC)",1,1,1,8,0.0337655315907264
"updown",1.8,23,"PELT",1,1,1,8,0.0203898774328317
"updown",1.8,23,"SVP",1,1,1,8,0.0203898774328317
"updown",1.8,23,"SVP (BIC)",1,1,1,8,0.0203898774328317
"updown",1.8,24,"PELT",1,1,1,8,0.0137505203292949
"updown",1.8,24,"SVP",1,1,1,8,0.0137505203292949
"updown",1.8,24,"SVP (BIC)",1,1,1,8,0.0137505203292949
"updown",1.8,25,"PELT",1,1,1,8,0.0134741478502772
"updown",1.8,25,"SVP",1,1,1,8,0.0134741478502772
"updown",1.8,25,"SVP (BIC)",1,1,1,8,0.0134741478502772
"updown",1.8,26,"PELT",0.888888888888889,1,0.941176470588235,9,0.0317714944301868
"updown",1.8,26,"SVP",1,1,1,8,0.0153259004617067
"updown",1.8,26,"SVP (BIC)",1,1,1,8,0.0153259004617067
"updown",1.8,27,"PELT",0.875,0.875,0.875,8,0.0300932353137699
"updown",1.8,27,"SVP",0.875,0.875,0.875,8,0.0300932353137699
"updown",1.8,27,"SVP (BIC)",0.875,0.875,0.875,8,0.0300932353137699
"updown",1.8,28,"PELT",1,1,1,8,0.0105289134825629
"updown",1.8,28,"SVP",1,1,1,8,0.0105289134825629
"updown",1.8,28,"SVP (BIC)",1,1,1,8,0.0105289134825629
"updown",1.8,29,"PELT",0.875,0.875,0.875,8,0.0176659351178782
"updown",1.8,29,"SVP",0.875,0.875,0.875,8,0.0176659351178782
"updown",1.8,29,"SVP (BIC)",0.875,0.875,0.875,8,0.0176659351178782
"updown",1.8,30,"PELT",0.875,0.875,0.875,8,0.0314031080991344
"updown",1.8,30,"SVP",0.875,0.875,0.875,8,0.0314031080991344
"updown",1.8,30,"SVP (BIC)",0.875,0.875,0.875,8,0.0314031080991344
"updown",1.8,31,"PELT",1,1,1,8,0.0185220510624538
"updown",1.8,31,"SVP",1,1,1,8,0.0185220510624538
"updown",1.8,31,"SVP (BIC)",1,1,1,8,0.0185220510624538
"updown",1.8,32,"PELT",0.875,0.875,0.875,8,0.0432224222071221
"updown",1.8,32,"SVP",0.875,0.875,0.875,8,0.0432224222071221
"updown",1.8,32,"SVP (BIC)",0.875,0.875,0.875,8,0.0432224222071221
"updown",1.8,33,"PELT",1,1,1,8,0.013228672065051
"updown",1.8,33,"SVP",1,1,1,8,0.013228672065051
"updown",1.8,33,"SVP (BIC)",1,1,1,8,0.013228672065051
"updown",1.8,34,"PELT",1,1,1,8,0.0224973540774915
"updown",1.8,34,"SVP",1,1,1,8,0.0224973540774915
"updown",1.8,34,"SVP (BIC)",1,1,1,8,0.0224973540774915
"updown",1.8,35,"PELT",0.75,0.75,0.75,8,0.0520373015257311
"updown",1.8,35,"SVP",0.75,0.75,0.75,8,0.0520373015257311
"updown",1.8,35,"SVP (BIC)",0.75,0.75,0.75,8,0.0520373015257311
"updown",1.8,36,"PELT",1,1,1,8,0.0175034564568927
"updown",1.8,36,"SVP",1,1,1,8,0.0175034564568927
"updown",1.8,36,"SVP (BIC)",1,1,1,8,0.0175034564568927
"updown",1.8,37,"PELT",1,1,1,8,0.0245455384205195
"updown",1.8,37,"SVP",1,1,1,8,0.0245455384205195
"updown",1.8,37,"SVP (BIC)",1,1,1,8,0.0245455384205195
"updown",1.8,38,"PELT",0.875,0.875,0.875,8,0.0209877293674511
"updown",1.8,38,"SVP",0.875,0.875,0.875,8,0.0209877293674511
"updown",1.8,38,"SVP (BIC)",0.875,0.875,0.875,8,0.0209877293674511
"updown",1.8,39,"PELT",0.875,0.875,0.875,8,0.0395170954744408
"updown",1.8,39,"SVP",0.875,0.875,0.875,8,0.0395170954744408
"updown",1.8,39,"SVP (BIC)",0.875,0.875,0.875,8,0.0395170954744408
"updown",1.8,40,"PELT",1,1,1,8,0.0188368310998387
"updown",1.8,40,"SVP",1,1,1,8,0.0188368310998387
"updown",1.8,40,"SVP (BIC)",1,1,1,8,0.0188368310998387
"updown",1.8,41,"PELT",0.875,0.875,0.875,8,0.0366784104393768
"updown",1.8,41,"SVP",0.875,0.875,0.875,8,0.0366784104393768
"updown",1.8,41,"SVP (BIC)",0.875,0.875,0.875,8,0.0366784104393768
"updown",1.8,42,"PELT",0.875,0.875,0.875,8,0.0356027780971173
"updown",1.8,42,"SVP",0.875,0.875,0.875,8,0.0356027780971173
"updown",1.8,42,"SVP (BIC)",0.875,0.875,0.875,8,0.0356027780971173
"updown",1.8,43,"PELT",1,1,1,8,0.0151454037988642
"updown",1.8,43,"SVP",1,1,1,8,0.0151454037988642
"updown",1.8,43,"SVP (BIC)",1,1,1,8,0.0151454037988642
"updown",1.8,44,"PELT",1,1,1,8,0.0179065556734069
"updown",1.8,44,"SVP",1,1,1,8,0.0179065556734069
"updown",1.8,44,"SVP (BIC)",1,1,1,8,0.0179065556734069
"updown",1.8,45,"PELT",1,1,1,8,0.00947733306966956
"updown",1.8,45,"SVP",1,1,1,8,0.00947733306966956
"updown",1.8,45,"SVP (BIC)",1,1,1,8,0.00947733306966956
"updown",1.8,46,"PELT",0.875,0.875,0.875,8,0.0223661958903009
"updown",1.8,46,"SVP",0.875,0.875,0.875,8,0.0223661958903009
"updown",1.8,46,"SVP (BIC)",0.875,0.875,0.875,8,0.0223661958903009
"updown",1.8,47,"PELT",0.875,0.875,0.875,8,0.0199843107329412
"updown",1.8,47,"SVP",0.875,0.875,0.875,8,0.0199843107329412
"updown",1.8,47,"SVP (BIC)",0.875,0.875,0.875,8,0.0199843107329412
"updown",1.8,48,"PELT",0.875,0.875,0.875,8,0.0334352726296505
"updown",1.8,48,"SVP",0.875,0.875,0.875,8,0.0334352726296505
"updown",1.8,48,"SVP (BIC)",0.875,0.875,0.875,8,0.0334352726296505
"updown",1.8,49,"PELT",1,1,1,8,0.0153973682232458
"updown",1.8,49,"SVP",1,1,1,8,0.0153973682232458
"updown",1.8,49,"SVP (BIC)",1,1,1,8,0.0153973682232458
"updown",1.8,50,"PELT",1,1,1,8,0.0175319743467064
"updown",1.8,50,"SVP",1,1,1,8,0.0175319743467064
"updown",1.8,50,"SVP (BIC)",1,1,1,8,0.0175319743467064
"updown",1.8,51,"PELT",1,1,1,8,0.0103964934040099
"updown",1.8,51,"SVP",1,1,1,8,0.0103964934040099
"updown",1.8,51,"SVP (BIC)",1,1,1,8,0.0103964934040099
"updown",1.8,52,"PELT",1,1,1,8,0.0343721673301825
"updown",1.8,52,"SVP",1,1,1,8,0.0343721673301825
"updown",1.8,52,"SVP (BIC)",1,1,1,8,0.0343721673301825
"updown",1.8,53,"PELT",0.875,0.875,0.875,8,0.0249320831336582
"updown",1.8,53,"SVP",0.875,0.875,0.875,8,0.0249320831336582
"updown",1.8,53,"SVP (BIC)",0.875,0.875,0.875,8,0.0249320831336582
"updown",1.8,54,"PELT",0.625,0.625,0.625,8,0.0650175560818188
"updown",1.8,54,"SVP",0.625,0.625,0.625,8,0.0650175560818188
"updown",1.8,54,"SVP (BIC)",0.625,0.625,0.625,8,0.0650175560818188
"updown",1.8,55,"PELT",1,1,1,8,0.0255319345071737
"updown",1.8,55,"SVP",1,1,1,8,0.0255319345071737
"updown",1.8,55,"SVP (BIC)",1,1,1,8,0.0255319345071737
"updown",1.8,56,"PELT",1,1,1,8,0.0199621189379556
"updown",1.8,56,"SVP",1,1,1,8,0.0199621189379556
"updown",1.8,56,"SVP (BIC)",1,1,1,8,0.0199621189379556
"updown",1.8,57,"PELT",1,1,1,8,0.0249087924524483
"updown",1.8,57,"SVP",0.888888888888889,1,0.941176470588235,9,0.0257250993129667
"updown",1.8,57,"SVP (BIC)",1,1,1,8,0.0249087924524483
"updown",1.8,58,"PELT",0.875,0.875,0.875,8,0.0307451796560846
"updown",1.8,58,"SVP",0.875,0.875,0.875,8,0.0307451796560846
"updown",1.8,58,"SVP (BIC)",0.875,0.875,0.875,8,0.0307451796560846
"updown",1.8,59,"PELT",1,1,1,8,0.0222926028690728
"updown",1.8,59,"SVP",1,1,1,8,0.0222926028690728
"updown",1.8,59,"SVP (BIC)",1,1,1,8,0.0222926028690728
"updown",1.8,60,"PELT",1,1,1,8,0.0249186451997629
"updown",1.8,60,"SVP",1,1,1,8,0.0249186451997629
"updown",1.8,60,"SVP (BIC)",1,1,1,8,0.0249186451997629
"updown",1.8,61,"PELT",1,1,1,8,0.0149529553794927
"updown",1.8,61,"SVP",1,1,1,8,0.0149529553794927
"updown",1.8,61,"SVP (BIC)",1,1,1,8,0.0149529553794927
"updown",1.8,62,"PELT",1,1,1,8,0.0238992130084814
"updown",1.8,62,"SVP",1,1,1,8,0.0203549972376932
"updown",1.8,62,"SVP (BIC)",1,1,1,8,0.0238992130084814
"updown",1.8,63,"PELT",1,1,1,8,0.0337082304426552
"updown",1.8,63,"SVP",1,1,1,8,0.0337082304426552
"updown",1.8,63,"SVP (BIC)",1,1,1,8,0.0337082304426552
"updown",1.8,64,"PELT",1,1,1,8,0.0169426532993254
"updown",1.8,64,"SVP",1,1,1,8,0.0169426532993254
"updown",1.8,64,"SVP (BIC)",1,1,1,8,0.0169426532993254
"updown",1.8,65,"PELT",0.875,0.875,0.875,8,0.0406815800524719
"updown",1.8,65,"SVP",0.875,0.875,0.875,8,0.0406815800524719
"updown",1.8,65,"SVP (BIC)",0.875,0.875,0.875,8,0.0406815800524719
"updown",1.8,66,"PELT",1,1,1,8,0.0314855526625497
"updown",1.8,66,"SVP",1,1,1,8,0.0314855526625497
"updown",1.8,66,"SVP (BIC)",1,1,1,8,0.0314855526625497
"updown",1.8,67,"PELT",1,1,1,8,0.022488986095799
"updown",1.8,67,"SVP",1,1,1,8,0.022488986095799
"updown",1.8,67,"SVP (BIC)",1,1,1,8,0.022488986095799
"updown",1.8,68,"PELT",1,1,1,8,0.0274954725590207
"updown",1.8,68,"SVP",1,1,1,8,0.0274954725590207
"updown",1.8,68,"SVP (BIC)",1,1,1,8,0.0274954725590207
"updown",1.8,69,"PELT",1,1,1,8,0.0120510579357731
"updown",1.8,69,"SVP",1,1,1,8,0.0120510579357731
"updown",1.8,69,"SVP (BIC)",1,1,1,8,0.0120510579357731
"updown",1.8,70,"PELT",1,1,1,8,0.0137365941743099
"updown",1.8,70,"SVP",1,1,1,8,0.0137365941743099
"updown",1.8,70,"SVP (BIC)",1,1,1,8,0.0137365941743099
"updown",1.8,71,"PELT",0.875,0.875,0.875,8,0.0449184397718096
"updown",1.8,71,"SVP",0.875,0.875,0.875,8,0.0449184397718096
"updown",1.8,71,"SVP (BIC)",0.875,0.875,0.875,8,0.0449184397718096
"updown",1.8,72,"PELT",0.625,0.625,0.625,8,0.053839127068037
"updown",1.8,72,"SVP",0.625,0.625,0.625,8,0.053839127068037
"updown",1.8,72,"SVP (BIC)",0.625,0.625,0.625,8,0.053839127068037
"updown",1.8,73,"PELT",1,1,1,8,0.00573432209989123
"updown",1.8,73,"SVP",1,1,1,8,0.00573432209989123
"updown",1.8,73,"SVP (BIC)",1,1,1,8,0.00573432209989123
"updown",1.8,74,"PELT",1,1,1,8,0.0120480774818357
"updown",1.8,74,"SVP",1,1,1,8,0.0120480774818357
"updown",1.8,74,"SVP (BIC)",1,1,1,8,0.0120480774818357
"updown",1.8,75,"PELT",0.875,0.875,0.875,8,0.0264225804998355
"updown",1.8,75,"SVP",0.875,0.875,0.875,8,0.0264225804998355
"updown",1.8,75,"SVP (BIC)",0.875,0.875,0.875,8,0.0264225804998355
"updown",1.8,76,"PELT",1,1,1,8,0.0224713986737949
"updown",1.8,76,"SVP",1,1,1,8,0.0224713986737949
"updown",1.8,76,"SVP (BIC)",1,1,1,8,0.0224713986737949
"updown",1.8,77,"PELT",1,1,1,8,0.0252741324700057
"updown",1.8,77,"SVP",1,1,1,8,0.0252741324700057
"updown",1.8,77,"SVP (BIC)",1,1,1,8,0.0252741324700057
"updown",1.8,78,"PELT",0.75,0.75,0.75,8,0.049375190712085
"updown",1.8,78,"SVP",0.75,0.75,0.75,8,0.049375190712085
"updown",1.8,78,"SVP (BIC)",0.75,0.75,0.75,8,0.049375190712085
"updown",1.8,79,"PELT",0.875,0.875,0.875,8,0.0633940101722796
"updown",1.8,79,"SVP",0.875,0.875,0.875,8,0.0633940101722796
"updown",1.8,79,"SVP (BIC)",0.875,0.875,0.875,8,0.0633940101722796
"updown",1.8,80,"PELT",1,1,1,8,0.0120338063097316
"updown",1.8,80,"SVP",1,1,1,8,0.0120338063097316
"updown",1.8,80,"SVP (BIC)",1,1,1,8,0.0120338063097316
"updown",1.8,81,"PELT",0.875,0.875,0.875,8,0.0432800142741583
"updown",1.8,81,"SVP",0.875,0.875,0.875,8,0.0432800142741583
"updown",1.8,81,"SVP (BIC)",0.875,0.875,0.875,8,0.0432800142741583
"updown",1.8,82,"PELT",1,1,1,8,0.0124726848562829
"updown",1.8,82,"SVP",1,1,1,8,0.0124726848562829
"updown",1.8,82,"SVP (BIC)",1,1,1,8,0.0124726848562829
"updown",1.8,83,"PELT",1,1,1,8,0.0241615881602717
"updown",1.8,83,"SVP",1,1,1,8,0.0241615881602717
"updown",1.8,83,"SVP (BIC)",1,1,1,8,0.0241615881602717
"updown",1.8,84,"PELT",0.75,0.75,0.75,8,0.0479601530632515
"updown",1.8,84,"SVP",0.75,0.75,0.75,8,0.0479601530632515
"updown",1.8,84,"SVP (BIC)",0.75,0.75,0.75,8,0.0479601530632515
"updown",1.8,85,"PELT",0.875,0.875,0.875,8,0.0239352270034764
"updown",1.8,85,"SVP",0.75,0.75,0.75,8,0.0365364473796311
"updown",1.8,85,"SVP (BIC)",0.875,0.875,0.875,8,0.0239352270034764
"updown",1.8,86,"PELT",0.875,0.875,0.875,8,0.0319675115849213
"updown",1.8,86,"SVP",0.875,0.875,0.875,8,0.0319675115849213
"updown",1.8,86,"SVP (BIC)",0.875,0.875,0.875,8,0.0319675115849213
"updown",1.8,87,"PELT",1,1,1,8,0.0185228644886862
"updown",1.8,87,"SVP",1,1,1,8,0.0185228644886862
"updown",1.8,87,"SVP (BIC)",1,1,1,8,0.0185228644886862
"updown",1.8,88,"PELT",0.75,0.75,0.75,8,0.0389263732357534
"updown",1.8,88,"SVP",0.75,0.75,0.75,8,0.0389263732357534
"updown",1.8,88,"SVP (BIC)",0.75,0.75,0.75,8,0.0389263732357534
"updown",1.8,89,"PELT",0.875,0.875,0.875,8,0.0224488414163021
"updown",1.8,89,"SVP",0.875,0.875,0.875,8,0.0224488414163021
"updown",1.8,89,"SVP (BIC)",0.875,0.875,0.875,8,0.0224488414163021
"updown",1.8,90,"PELT",0.875,0.875,0.875,8,0.0203279532838368
"updown",1.8,90,"SVP",0.875,0.875,0.875,8,0.0203279532838368
"updown",1.8,90,"SVP (BIC)",0.875,0.875,0.875,8,0.0203279532838368
"updown",1.8,91,"PELT",1,1,1,8,0.0130626637425935
"updown",1.8,91,"SVP",1,1,1,8,0.0130626637425935
"updown",1.8,91,"SVP (BIC)",1,1,1,8,0.0130626637425935
"updown",1.8,92,"PELT",1,1,1,8,0.0136989579006991
"updown",1.8,92,"SVP",1,1,1,8,0.0136989579006991
"updown",1.8,92,"SVP (BIC)",1,1,1,8,0.0136989579006991
"updown",1.8,93,"PELT",1,1,1,8,0.00977406968679552
"updown",1.8,93,"SVP",1,1,1,8,0.00977406968679552
"updown",1.8,93,"SVP (BIC)",1,1,1,8,0.00977406968679552
"updown",1.8,94,"PELT",1,1,1,8,0.0142206946078986
"updown",1.8,94,"SVP",1,1,1,8,0.0142206946078986
"updown",1.8,94,"SVP (BIC)",1,1,1,8,0.0142206946078986
"updown",1.8,95,"PELT",0.875,0.875,0.875,8,0.0137315436765679
"updown",1.8,95,"SVP",0.875,0.875,0.875,8,0.0137315436765679
"updown",1.8,95,"SVP (BIC)",0.875,0.875,0.875,8,0.0137315436765679
"updown",1.8,96,"PELT",1,1,1,8,0.039673591003178
"updown",1.8,96,"SVP",1,1,1,8,0.039673591003178
"updown",1.8,96,"SVP (BIC)",1,1,1,8,0.039673591003178
"updown",1.8,97,"PELT",0.875,0.875,0.875,8,0.029375339771485
"updown",1.8,97,"SVP",0.875,0.875,0.875,8,0.029375339771485
"updown",1.8,97,"SVP (BIC)",0.875,0.875,0.875,8,0.029375339771485
"updown",1.8,98,"PELT",0.875,0.875,0.875,8,0.0343733338841034
"updown",1.8,98,"SVP",0.875,0.875,0.875,8,0.0343733338841034
"updown",1.8,98,"SVP (BIC)",0.875,0.875,0.875,8,0.0343733338841034
"updown",1.8,99,"PELT",1,1,1,8,0.024808241905216
"updown",1.8,99,"SVP",1,1,1,8,0.024808241905216
"updown",1.8,99,"SVP (BIC)",1,1,1,8,0.024808241905216
"updown",1.8,100,"PELT",0.875,0.875,0.875,8,0.0303272157172732
"updown",1.8,100,"SVP",0.875,0.875,0.875,8,0.0303272157172732
"updown",1.8,100,"SVP (BIC)",0.875,0.875,0.875,8,0.0303272157172732
"rand1",1.8,1,"PELT",0.714285714285714,0.625,0.666666666666667,7,0.00942543936951722
"rand1",1.8,1,"SVP",0.714285714285714,0.625,0.666666666666667,7,0.00942543936951722
"rand1",1.8,1,"SVP (BIC)",1,0.625,0.769230769230769,5,0.0339182202964703
"rand1",1.8,2,"PELT",0.857142857142857,0.75,0.8,7,0.0244308332104246
"rand1",1.8,2,"SVP",0.833333333333333,0.625,0.714285714285714,6,0.0493062851192905
"rand1",1.8,2,"SVP (BIC)",1,0.625,0.769230769230769,5,0.0479805131737007
"rand1",1.8,3,"PELT",0.833333333333333,0.625,0.714285714285714,6,0.0337498964987037
"rand1",1.8,3,"SVP",0.833333333333333,0.625,0.714285714285714,6,0.0337498964987037
"rand1",1.8,3,"SVP (BIC)",0.833333333333333,0.625,0.714285714285714,6,0.0337498964987037
"rand1",1.8,4,"PELT",0.714285714285714,0.625,0.666666666666667,7,0.0381228043605081
"rand1",1.8,4,"SVP",0.714285714285714,0.625,0.666666666666667,7,0.0381228043605081
"rand1",1.8,4,"SVP (BIC)",0.714285714285714,0.625,0.666666666666667,7,0.0381228043605081
"rand1",1.8,5,"PELT",1,0.75,0.857142857142857,6,0.0269389327517119
"rand1",1.8,5,"SVP",1,0.75,0.857142857142857,6,0.0269389327517119
"rand1",1.8,5,"SVP (BIC)",1,0.75,0.857142857142857,6,0.0269389327517119
"rand1",1.8,6,"PELT",0.833333333333333,0.625,0.714285714285714,6,0.0282332550449175
"rand1",1.8,6,"SVP",0.833333333333333,0.625,0.714285714285714,6,0.0282332550449175
"rand1",1.8,6,"SVP (BIC)",1,0.625,0.769230769230769,5,0.0604381740723341
"rand1",1.8,7,"PELT",0.857142857142857,0.75,0.8,7,0.0114515619447967
"rand1",1.8,7,"SVP",1,0.875,0.933333333333333,7,0.028520177925251
"rand1",1.8,7,"SVP (BIC)",1,0.625,0.769230769230769,5,0.0383293628581505
"rand1",1.8,8,"PELT",0.833333333333333,0.625,0.714285714285714,6,0.018129471296584
"rand1",1.8,8,"SVP",0.833333333333333,0.625,0.714285714285714,6,0.018129471296584
"rand1",1.8,8,"SVP (BIC)",0.833333333333333,0.625,0.714285714285714,6,0.018129471296584
"rand1",1.8,9,"PELT",0.833333333333333,0.625,0.714285714285714,6,0.0225680683644985
"rand1",1.8,9,"SVP",1,0.625,0.769230769230769,5,0.0385340556456509
"rand1",1.8,9,"SVP (BIC)",1,0.625,0.769230769230769,5,0.0385340556456509
"rand1",1.8,10,"PELT",0.857142857142857,0.75,0.8,7,0.0113872884468015
"rand1",1.8,10,"SVP",1,0.625,0.769230769230769,5,0.0388217376027085
"rand1",1.8,10,"SVP (BIC)",1,0.625,0.769230769230769,5,0.0388217376027085
"rand1",1.8,11,"PELT",0.571428571428571,0.5,0.533333333333333,7,0.0636939042061557
"rand1",1.8,11,"SVP",0.666666666666667,0.5,0.571428571428572,6,0.0648695784786631
"rand1",1.8,11,"SVP (BIC)",1,0.625,0.769230769230769,5,0.0470455770496569
"rand1",1.8,12,"PELT",1,0.625,0.769230769230769,5,0.033466907429112
"rand1",1.8,12,"SVP",1,0.625,0.769230769230769,5,0.033466907429112
"rand1",1.8,12,"SVP (BIC)",1,0.625,0.769230769230769,5,0.033466907429112
"rand1",1.8,13,"PELT",1,0.75,0.857142857142857,6,0.0316618753393924
"rand1",1.8,13,"SVP",1,0.75,0.857142857142857,6,0.0316618753393924
"rand1",1.8,13,"SVP (BIC)",1,0.75,0.857142857142857,6,0.0316618753393924
"rand1",1.8,14,"PELT",0.833333333333333,0.625,0.714285714285714,6,0.0309550446654074
"rand1",1.8,14,"SVP",0.833333333333333,0.625,0.714285714285714,6,0.0309550446654074
"rand1",1.8,14,"SVP (BIC)",1,0.625,0.769230769230769,5,0.0479183090147438
"rand1",1.8,15,"PELT",0.625,0.625,0.625,8,0.0508126213296341
"rand1",1.8,15,"SVP",0.833333333333333,0.625,0.714285714285714,6,0.0204664825055596
"rand1",1.8,15,"SVP (BIC)",1,0.625,0.769230769230769,5,0.0378357860377104
"rand1",1.8,16,"PELT",0.833333333333333,0.625,0.714285714285714,6,0.0144048255943743
"rand1",1.8,16,"SVP",1,0.625,0.769230769230769,5,0.032318714696228
"rand1",1.8,16,"SVP (BIC)",1,0.625,0.769230769230769,5,0.032318714696228
"rand1",1.8,17,"PELT",0.714285714285714,0.625,0.666666666666667,7,0.0191226337748699
"rand1",1.8,17,"SVP",0.833333333333333,0.625,0.714285714285714,6,0.0227198900043395
"rand1",1.8,17,"SVP (BIC)",0.833333333333333,0.625,0.714285714285714,6,0.0227198900043395
"rand1",1.8,18,"PELT",0.833333333333333,0.625,0.714285714285714,6,0.0174828952706313
"rand1",1.8,18,"SVP",0.833333333333333,0.625,0.714285714285714,6,0.0174828952706313
"rand1",1.8,18,"SVP (BIC)",0.833333333333333,0.625,0.714285714285714,6,0.0174828952706313
"rand1",1.8,19,"PELT",1,0.75,0.857142857142857,6,0.0199673678191481
"rand1",1.8,19,"SVP",1,0.625,0.769230769230769,5,0.0380740241202011
"rand1",1.8,19,"SVP (BIC)",1,0.625,0.769230769230769,5,0.0380740241202011
"rand1",1.8,20,"PELT",1,0.75,0.857142857142857,6,0.0332155799473107
"rand1",1.8,20,"SVP",1,0.75,0.857142857142857,6,0.0332155799473107
"rand1",1.8,20,"SVP (BIC)",1,0.625,0.769230769230769,5,0.0514297186432098
"rand1",1.8,21,"PELT",0.714285714285714,0.625,0.666666666666667,7,0.0271970456102264
"rand1",1.8,21,"SVP",0.714285714285714,0.625,0.666666666666667,7,0.0271970456102264
"rand1",1.8,21,"SVP (BIC)",0.833333333333333,0.625,0.714285714285714,6,0.0479764335712843
"rand1",1.8,22,"PELT",0.714285714285714,0.625,0.666666666666667,7,0.0102348345828684
"rand1",1.8,22,"SVP",0.833333333333333,0.625,0.714285714285714,6,0.0335705198278735
"rand1",1.8,22,"SVP (BIC)",1,0.625,0.769230769230769,5,0.0336372275330537
"rand1",1.8,23,"PELT",1,0.75,0.857142857142857,6,0.0141605995940294
"rand1",1.8,23,"SVP",1,0.75,0.857142857142857,6,0.0141605995940294
"rand1",1.8,23,"SVP (BIC)",1,0.625,0.769230769230769,5,0.0335541170896251
"rand1",1.8,24,"PELT",0.714285714285714,0.625,0.666666666666667,7,0.0191901229162025
"rand1",1.8,24,"SVP",0.714285714285714,0.625,0.666666666666667,7,0.0191901229162025
"rand1",1.8,24,"SVP (BIC)",0.833333333333333,0.625,0.714285714285714,6,0.0161203568412807
"rand1",1.8,25,"PELT",0.666666666666667,0.5,0.571428571428572,6,0.0451062854049435
"rand1",1.8,25,"SVP",0.666666666666667,0.5,0.571428571428572,6,0.0451062854049435
"rand1",1.8,25,"SVP (BIC)",0.8,0.5,0.615384615384615,5,0.0637193109093626
"rand1",1.8,26,"PELT",0.857142857142857,0.75,0.8,7,0.0194156724930813
"rand1",1.8,26,"SVP",0.833333333333333,0.625,0.714285714285714,6,0.0259318919931933
"rand1",1.8,26,"SVP (BIC)",1,0.625,0.769230769230769,5,0.0425025512236149
"rand1",1.8,27,"PELT",0.857142857142857,0.75,0.8,7,0.0220387689113697
"rand1",1.8,27,"SVP",0.857142857142857,0.75,0.8,7,0.0220387689113697
"rand1",1.8,27,"SVP (BIC)",1,0.75,0.857142857142857,6,0.0255409023610615
"rand1",1.8,28,"PELT",0.714285714285714,0.625,0.666666666666667,7,0.0191969926098839
"rand1",1.8,28,"SVP",0.833333333333333,0.625,0.714285714285714,6,0.0198477753107703
"rand1",1.8,28,"SVP (BIC)",1,0.625,0.769230769230769,5,0.0382918901251703
"rand1",1.8,29,"PELT",0.833333333333333,0.625,0.714285714285714,6,0.0283883504426051
"rand1",1.8,29,"SVP",0.833333333333333,0.625,0.714285714285714,6,0.0283883504426051
"rand1",1.8,29,"SVP (BIC)",0.833333333333333,0.625,0.714285714285714,6,0.0283883504426051
"rand1",1.8,30,"PELT",0.714285714285714,0.625,0.666666666666667,7,0.0239833244027078
"rand1",1.8,30,"SVP",0.833333333333333,0.625,0.714285714285714,6,0.0173109108694791
"rand1",1.8,30,"SVP (BIC)",1,0.625,0.769230769230769,5,0.0301266794425601
"rand1",1.8,31,"PELT",0.833333333333333,0.625,0.714285714285714,6,0.0283692726936716
"rand1",1.8,31,"SVP",0.857142857142857,0.75,0.8,7,0.0229930283985802
"rand1",1.8,31,"SVP (BIC)",1,0.625,0.769230769230769,5,0.0378114934376976
"rand1",1.8,32,"PELT",0.714285714285714,0.625,0.666666666666667,7,0.0199393945330979
"rand1",1.8,32,"SVP",0.833333333333333,0.625,0.714285714285714,6,0.0146002520526855
"rand1",1.8,32,"SVP (BIC)",1,0.625,0.769230769230769,5,0.0319525486418498
"rand1",1.8,33,"PELT",0.714285714285714,0.625,0.666666666666667,7,0.0252918653345071
"rand1",1.8,33,"SVP",0.714285714285714,0.625,0.666666666666667,7,0.0252918653345071
"rand1",1.8,33,"SVP (BIC)",0.714285714285714,0.625,0.666666666666667,7,0.0252918653345071
"rand1",1.8,34,"PELT",0.714285714285714,0.625,0.666666666666667,7,0.0330729788821051
"rand1",1.8,34,"SVP",0.714285714285714,0.625,0.666666666666667,7,0.0330729788821051
"rand1",1.8,34,"SVP (BIC)",0.8,0.5,0.615384615384615,5,0.0528215554413837
"rand1",1.8,35,"PELT",0.833333333333333,0.625,0.714285714285714,6,0.0383731164987416
"rand1",1.8,35,"SVP",1,0.625,0.769230769230769,5,0.0560903023214572
"rand1",1.8,35,"SVP (BIC)",1,0.625,0.769230769230769,5,0.0560903023214572
"rand1",1.8,36,"PELT",0.714285714285714,0.625,0.666666666666667,7,0.0162990206843821
"rand1",1.8,36,"SVP",0.714285714285714,0.625,0.666666666666667,7,0.0162990206843821
"rand1",1.8,36,"SVP (BIC)",1,0.625,0.769230769230769,5,0.0332467978124471
"rand1",1.8,37,"PELT",0.714285714285714,0.625,0.666666666666667,7,0.0323409413891327
"rand1",1.8,37,"SVP",0.833333333333333,0.625,0.714285714285714,6,0.0393348837355815
"rand1",1.8,37,"SVP (BIC)",0.833333333333333,0.625,0.714285714285714,6,0.0393348837355815
"rand1",1.8,38,"PELT",0.833333333333333,0.625,0.714285714285714,6,0.0344115895758048
"rand1",1.8,38,"SVP",0.833333333333333,0.625,0.714285714285714,6,0.0344115895758048
"rand1",1.8,38,"SVP (BIC)",1,0.625,0.769230769230769,5,0.0364981742505994
"rand1",1.8,39,"PELT",0.857142857142857,0.75,0.8,7,0.0140036765628334
"rand1",1.8,39,"SVP",0.857142857142857,0.75,0.8,7,0.0140036765628334
"rand1",1.8,39,"SVP (BIC)",0.857142857142857,0.75,0.8,7,0.0140036765628334
"rand1",1.8,40,"PELT",0.857142857142857,0.75,0.8,7,0.0187254552068021
"rand1",1.8,40,"SVP",1,0.75,0.857142857142857,6,0.026829603722149
"rand1",1.8,40,"SVP (BIC)",1,0.625,0.769230769230769,5,0.0463289090617214
"rand1",1.8,41,"PELT",0.833333333333333,0.625,0.714285714285714,6,0.0318080759592644
"rand1",1.8,41,"SVP",1,0.625,0.769230769230769,5,0.0499071449299548
"rand1",1.8,41,"SVP (BIC)",1,0.625,0.769230769230769,5,0.0499071449299548
"rand1",1.8,42,"PELT",0.857142857142857,0.75,0.8,7,0.0173043755021089
"rand1",1.8,42,"SVP",0.833333333333333,0.625,0.714285714285714,6,0.0256265821907155
"rand1",1.8,42,"SVP (BIC)",0.833333333333333,0.625,0.714285714285714,6,0.0256265821907155
"rand1",1.8,43,"PELT",0.714285714285714,0.625,0.666666666666667,7,0.0218037293405663
"rand1",1.8,43,"SVP",0.714285714285714,0.625,0.666666666666667,7,0.0218037293405663
"rand1",1.8,43,"SVP (BIC)",1,0.625,0.769230769230769,5,0.0391607289050194
"rand1",1.8,44,"PELT",0.833333333333333,0.625,0.714285714285714,6,0.0259206792471889
"rand1",1.8,44,"SVP",0.833333333333333,0.625,0.714285714285714,6,0.0259206792471889
"rand1",1.8,44,"SVP (BIC)",0.833333333333333,0.625,0.714285714285714,6,0.0259206792471889
"rand1",1.8,45,"PELT",0.714285714285714,0.625,0.666666666666667,7,0.0203988382574104
"rand1",1.8,45,"SVP",0.714285714285714,0.625,0.666666666666667,7,0.0203988382574104
"rand1",1.8,45,"SVP (BIC)",0.833333333333333,0.625,0.714285714285714,6,0.0235644106623692
"rand1",1.8,46,"PELT",0.714285714285714,0.625,0.666666666666667,7,0.0249848363824078
"rand1",1.8,46,"SVP",0.833333333333333,0.625,0.714285714285714,6,0.0261024799980056
"rand1",1.8,46,"SVP (BIC)",1,0.625,0.769230769230769,5,0.0414507692921221
"rand1",1.8,47,"PELT",1,0.75,0.857142857142857,6,0.0225778655762747
"rand1",1.8,47,"SVP",1,0.75,0.857142857142857,6,0.0225778655762747
"rand1",1.8,47,"SVP (BIC)",1,0.75,0.857142857142857,6,0.0225778655762747
"rand1",1.8,48,"PELT",0.833333333333333,0.625,0.714285714285714,6,0.0189098694729274
"rand1",1.8,48,"SVP",0.714285714285714,0.625,0.666666666666667,7,0.0166561400559586
"rand1",1.8,48,"SVP (BIC)",0.833333333333333,0.625,0.714285714285714,6,0.0189098694729274
"rand1",1.8,49,"PELT",1,0.625,0.769230769230769,5,0.0377398121252475
"rand1",1.8,49,"SVP",1,0.625,0.769230769230769,5,0.0377398121252475
"rand1",1.8,49,"SVP (BIC)",1,0.625,0.769230769230769,5,0.0377398121252475
"rand1",1.8,50,"PELT",0.833333333333333,0.625,0.714285714285714,6,0.0227186526946477
"rand1",1.8,50,"SVP",0.833333333333333,0.625,0.714285714285714,6,0.0227186526946477
"rand1",1.8,50,"SVP (BIC)",0.833333333333333,0.625,0.714285714285714,6,0.0227186526946477
"rand1",1.8,51,"PELT",0.714285714285714,0.625,0.666666666666667,7,0.0303349742588167
"rand1",1.8,51,"SVP",0.833333333333333,0.625,0.714285714285714,6,0.0596916360436717
"rand1",1.8,51,"SVP (BIC)",1,0.625,0.769230769230769,5,0.0504621580339343
"rand1",1.8,52,"PELT",0.714285714285714,0.625,0.666666666666667,7,0.0350226669531832
"rand1",1.8,52,"SVP",0.833333333333333,0.625,0.714285714285714,6,0.0200765526254848
"rand1",1.8,52,"SVP (BIC)",0.833333333333333,0.625,0.714285714285714,6,0.0200765526254848
"rand1",1.8,53,"PELT",1,0.75,0.857142857142857,6,0.0312231499880472
"rand1",1.8,53,"SVP",0.857142857142857,0.75,0.8,7,0.0243397469104643
"rand1",1.8,53,"SVP (BIC)",1,0.625,0.769230769230769,5,0.047392745092415
"rand1",1.8,54,"PELT",1,0.75,0.857142857142857,6,0.0320542494543476
"rand1",1.8,54,"SVP",1,0.75,0.857142857142857,6,0.0320542494543476
"rand1",1.8,54,"SVP (BIC)",1,0.75,0.857142857142857,6,0.0320542494543476
"rand1",1.8,55,"PELT",0.714285714285714,0.625,0.666666666666667,7,0.0137563262707583
"rand1",1.8,55,"SVP",0.714285714285714,0.625,0.666666666666667,7,0.0137563262707583
"rand1",1.8,55,"SVP (BIC)",0.833333333333333,0.625,0.714285714285714,6,0.0348600807370891
"rand1",1.8,56,"PELT",0.857142857142857,0.75,0.8,7,0.0118787516863579
"rand1",1.8,56,"SVP",1,0.75,0.857142857142857,6,0.018881220473031
"rand1",1.8,56,"SVP (BIC)",1,0.625,0.769230769230769,5,0.0379654225876788
"rand1",1.8,57,"PELT",0.666666666666667,0.5,0.571428571428572,6,0.0368532671505673
"rand1",1.8,57,"SVP",0.666666666666667,0.5,0.571428571428572,6,0.0368532671505673
"rand1",1.8,57,"SVP (BIC)",0.666666666666667,0.5,0.571428571428572,6,0.0368532671505673
"rand1",1.8,58,"PELT",0.714285714285714,0.625,0.666666666666667,7,0.0253153334374591
"rand1",1.8,58,"SVP",0.833333333333333,0.625,0.714285714285714,6,0.0499739109700198
"rand1",1.8,58,"SVP (BIC)",1,0.625,0.769230769230769,5,0.0450081041925647
"rand1",1.8,59,"PELT",1,0.75,0.857142857142857,6,0.0377528529908662
"rand1",1.8,59,"SVP",1,0.75,0.857142857142857,6,0.0377528529908662
"rand1",1.8,59,"SVP (BIC)",1,0.75,0.857142857142857,6,0.0377528529908662
"rand1",1.8,60,"PELT",0.857142857142857,0.75,0.8,7,0.00818592483519843
"rand1",1.8,60,"SVP",1,0.625,0.769230769230769,5,0.0352198716735297
"rand1",1.8,60,"SVP (BIC)",1,0.625,0.769230769230769,5,0.0352198716735297
"rand1",1.8,61,"PELT",0.714285714285714,0.625,0.666666666666667,7,0.0407832101326202
"rand1",1.8,61,"SVP",0.833333333333333,0.625,0.714285714285714,6,0.0568094798804042
"rand1",1.8,61,"SVP (BIC)",0.833333333333333,0.625,0.714285714285714,6,0.0568094798804042
"rand1",1.8,62,"PELT",1,0.75,0.857142857142857,6,0.0248192401006784
"rand1",1.8,62,"SVP",1,0.75,0.857142857142857,6,0.0248192401006784
"rand1",1.8,62,"SVP (BIC)",1,0.75,0.857142857142857,6,0.0248192401006784
"rand1",1.8,63,"PELT",0.714285714285714,0.625,0.666666666666667,7,0.0343939923824298
"rand1",1.8,63,"SVP",0.714285714285714,0.625,0.666666666666667,7,0.0343939923824298
"rand1",1.8,63,"SVP (BIC)",0.833333333333333,0.625,0.714285714285714,6,0.036311832517192
"rand1",1.8,64,"PELT",1,0.875,0.933333333333333,7,0.0112235108552483
"rand1",1.8,64,"SVP",0.833333333333333,0.625,0.714285714285714,6,0.0380077141278471
"rand1",1.8,64,"SVP (BIC)",0.833333333333333,0.625,0.714285714285714,6,0.0407379414144052
"rand1",1.8,65,"PELT",0.857142857142857,0.75,0.8,7,0.0211509118083298
"rand1",1.8,65,"SVP",1,0.625,0.769230769230769,5,0.0459245228027923
"rand1",1.8,65,"SVP (BIC)",1,0.625,0.769230769230769,5,0.0459245228027923
"rand1",1.8,66,"PELT",0.833333333333333,0.625,0.714285714285714,6,0.019108137723983
"rand1",1.8,66,"SVP",0.833333333333333,0.625,0.714285714285714,6,0.019108137723983
"rand1",1.8,66,"SVP (BIC)",1,0.625,0.769230769230769,5,0.0352573897307798
"rand1",1.8,67,"PELT",0.714285714285714,0.625,0.666666666666667,7,0.020194795143725
"rand1",1.8,67,"SVP",0.714285714285714,0.625,0.666666666666667,7,0.020194795143725
"rand1",1.8,67,"SVP (BIC)",1,0.75,0.857142857142857,6,0.0428964928895047
"rand1",1.8,68,"PELT",0.714285714285714,0.625,0.666666666666667,7,0.0382400231313498
"rand1",1.8,68,"SVP",0.666666666666667,0.5,0.571428571428572,6,0.0505973671797243
"rand1",1.8,68,"SVP (BIC)",0.8,0.5,0.615384615384615,5,0.0554924696488217
"rand1",1.8,69,"PELT",0.833333333333333,0.625,0.714285714285714,6,0.0511522102940207
"rand1",1.8,69,"SVP",1,0.625,0.769230769230769,5,0.0419324618977432
"rand1",1.8,69,"SVP (BIC)",1,0.625,0.769230769230769,5,0.0419324618977432
"rand1",1.8,70,"PELT",0.714285714285714,0.625,0.666666666666667,7,0.00985366947412526
"rand1",1.8,70,"SVP",0.714285714285714,0.625,0.666666666666667,7,0.00985366947412526
"rand1",1.8,70,"SVP (BIC)",0.833333333333333,0.625,0.714285714285714,6,0.0192988590231078
"rand1",1.8,71,"PELT",1,0.625,0.769230769230769,5,0.0423405727202812
"rand1",1.8,71,"SVP",0.833333333333333,0.625,0.714285714285714,6,0.0409023232931304
"rand1",1.8,71,"SVP (BIC)",1,0.625,0.769230769230769,5,0.0423405727202812
"rand1",1.8,72,"PELT",0.714285714285714,0.625,0.666666666666667,7,0.0398407558879238
"rand1",1.8,72,"SVP",0.833333333333333,0.625,0.714285714285714,6,0.0253609807406613
"rand1",1.8,72,"SVP (BIC)",1,0.625,0.769230769230769,5,0.039221600424774
"rand1",1.8,73,"PELT",0.571428571428571,0.5,0.533333333333333,7,0.0339393838985807
"rand1",1.8,73,"SVP",0.571428571428571,0.5,0.533333333333333,7,0.0339393838985807
"rand1",1.8,73,"SVP (BIC)",0.666666666666667,0.5,0.571428571428572,6,0.0385666561259268
"rand1",1.8,74,"PELT",1,0.75,0.857142857142857,6,0.0161669859434272
"rand1",1.8,74,"SVP",1,0.75,0.857142857142857,6,0.0161669859434272
"rand1",1.8,74,"SVP (BIC)",1,0.75,0.857142857142857,6,0.0161669859434272
"rand1",1.8,75,"PELT",1,0.75,0.857142857142857,6,0.0225352963096083
"rand1",1.8,75,"SVP",1,0.75,0.857142857142857,6,0.0225352963096083
"rand1",1.8,75,"SVP (BIC)",1,0.625,0.769230769230769,5,0.0423326779159579
"rand1",1.8,76,"PELT",0.714285714285714,0.625,0.666666666666667,7,0.0189633916520516
"rand1",1.8,76,"SVP",0.833333333333333,0.625,0.714285714285714,6,0.0230560241987432
"rand1",1.8,76,"SVP (BIC)",1,0.625,0.769230769230769,5,0.0419862849032678
"rand1",1.8,77,"PELT",1,0.75,0.857142857142857,6,0.0196747404410826
"rand1",1.8,77,"SVP",1,0.75,0.857142857142857,6,0.0196747404410826
"rand1",1.8,77,"SVP (BIC)",1,0.625,0.769230769230769,5,0.0390741641084609
"rand1",1.8,78,"PELT",0.833333333333333,0.625,0.714285714285714,6,0.0230548189008879
"rand1",1.8,78,"SVP",0.833333333333333,0.625,0.714285714285714,6,0.0230548189008879
"rand1",1.8,78,"SVP (BIC)",1,0.625,0.769230769230769,5,0.0407276961816669
"rand1",1.8,79,"PELT",0.833333333333333,0.625,0.714285714285714,6,0.0300810771192792
"rand1",1.8,79,"SVP",0.833333333333333,0.625,0.714285714285714,6,0.0487645282871786
"rand1",1.8,79,"SVP (BIC)",1,0.625,0.769230769230769,5,0.049115331968868
"rand1",1.8,80,"PELT",0.714285714285714,0.625,0.666666666666667,7,0.0514668270181271
"rand1",1.8,80,"SVP",0.714285714285714,0.625,0.666666666666667,7,0.0514668270181271
"rand1",1.8,80,"SVP (BIC)",1,0.625,0.769230769230769,5,0.0444944239024951
"rand1",1.8,81,"PELT",0.833333333333333,0.625,0.714285714285714,6,0.0298806327776972
"rand1",1.8,81,"SVP",0.833333333333333,0.625,0.714285714285714,6,0.0298806327776972
"rand1",1.8,81,"SVP (BIC)",0.833333333333333,0.625,0.714285714285714,6,0.0298806327776972
"rand1",1.8,82,"PELT",0.857142857142857,0.75,0.8,7,0.0241482221153221
"rand1",1.8,82,"SVP",0.857142857142857,0.75,0.8,7,0.0241482221153221
"rand1",1.8,82,"SVP (BIC)",0.833333333333333,0.625,0.714285714285714,6,0.0433847285090665
"rand1",1.8,83,"PELT",0.714285714285714,0.625,0.666666666666667,7,0.0117169936293365
"rand1",1.8,83,"SVP",0.714285714285714,0.625,0.666666666666667,7,0.0117169936293365
"rand1",1.8,83,"SVP (BIC)",0.833333333333333,0.625,0.714285714285714,6,0.0185846886747681
"rand1",1.8,84,"PELT",1,0.625,0.769230769230769,5,0.0384285980201872
"rand1",1.8,84,"SVP",1,0.625,0.769230769230769,5,0.0384285980201872
"rand1",1.8,84,"SVP (BIC)",1,0.625,0.769230769230769,5,0.0384285980201872
"rand1",1.8,85,"PELT",0.833333333333333,0.625,0.714285714285714,6,0.0224102231261008
"rand1",1.8,85,"SVP",0.833333333333333,0.625,0.714285714285714,6,0.0224102231261008
"rand1",1.8,85,"SVP (BIC)",0.833333333333333,0.625,0.714285714285714,6,0.0224102231261008
"rand1",1.8,86,"PELT",0.714285714285714,0.625,0.666666666666667,7,0.0301350477807211
"rand1",1.8,86,"SVP",0.833333333333333,0.625,0.714285714285714,6,0.0280054858549827
"rand1",1.8,86,"SVP (BIC)",0.833333333333333,0.625,0.714285714285714,6,0.0280054858549827
"rand1",1.8,87,"PELT",0.714285714285714,0.625,0.666666666666667,7,0.0161206357112771
"rand1",1.8,87,"SVP",0.833333333333333,0.625,0.714285714285714,6,0.0296891150963248
"rand1",1.8,87,"SVP (BIC)",1,0.625,0.769230769230769,5,0.0338312068343401
"rand1",1.8,88,"PELT",0.857142857142857,0.75,0.8,7,0.0157217880564485
"rand1",1.8,88,"SVP",1,0.75,0.857142857142857,6,0.0138886723541148
"rand1",1.8,88,"SVP (BIC)",1,0.625,0.769230769230769,5,0.0337108972296523
"rand1",1.8,89,"PELT",0.714285714285714,0.625,0.666666666666667,7,0.0180601626802226
"rand1",1.8,89,"SVP",1,0.625,0.769230769230769,5,0.0399171614216987
"rand1",1.8,89,"SVP (BIC)",1,0.625,0.769230769230769,5,0.0399171614216987
"rand1",1.8,90,"PELT",0.833333333333333,0.625,0.714285714285714,6,0.0269855193634146
"rand1",1.8,90,"SVP",1,0.625,0.769230769230769,5,0.0443869016634271
"rand1",1.8,90,"SVP (BIC)",1,0.625,0.769230769230769,5,0.0443869016634271
"rand1",1.8,91,"PELT",0.833333333333333,0.625,0.714285714285714,6,0.0143948673125777
"rand1",1.8,91,"SVP",0.833333333333333,0.625,0.714285714285714,6,0.0143948673125777
"rand1",1.8,91,"SVP (BIC)",0.833333333333333,0.625,0.714285714285714,6,0.0143948673125777
"rand1",1.8,92,"PELT",0.833333333333333,0.625,0.714285714285714,6,0.0140816962058013
"rand1",1.8,92,"SVP",0.833333333333333,0.625,0.714285714285714,6,0.0140816962058013
"rand1",1.8,92,"SVP (BIC)",1,0.625,0.769230769230769,5,0.0328825651337576
"rand1",1.8,93,"PELT",0.714285714285714,0.625,0.666666666666667,7,0.0347173888624192
"rand1",1.8,93,"SVP",0.833333333333333,0.625,0.714285714285714,6,0.0311237243852364
"rand1",1.8,93,"SVP (BIC)",1,0.625,0.769230769230769,5,0.0472962153191134
"rand1",1.8,94,"PELT",0.714285714285714,0.625,0.666666666666667,7,0.0217401236152349
"rand1",1.8,94,"SVP",0.833333333333333,0.625,0.714285714285714,6,0.0437828073306825
"rand1",1.8,94,"SVP (BIC)",1,0.625,0.769230769230769,5,0.0437347959119715
"rand1",1.8,95,"PELT",1,0.75,0.857142857142857,6,0.032609151498003
"rand1",1.8,95,"SVP",1,0.75,0.857142857142857,6,0.032609151498003
"rand1",1.8,95,"SVP (BIC)",1,0.625,0.769230769230769,5,0.0503954705228059
"rand1",1.8,96,"PELT",0.714285714285714,0.625,0.666666666666667,7,0.0367970616969493
"rand1",1.8,96,"SVP",0.833333333333333,0.625,0.714285714285714,6,0.0429974856314425
"rand1",1.8,96,"SVP (BIC)",1,0.625,0.769230769230769,5,0.0614276998057581
"rand1",1.8,97,"PELT",1,0.625,0.769230769230769,5,0.0400837090295263
"rand1",1.8,97,"SVP",0.833333333333333,0.625,0.714285714285714,6,0.0432698064832929
"rand1",1.8,97,"SVP (BIC)",1,0.625,0.769230769230769,5,0.0400837090295263
"rand1",1.8,98,"PELT",0.857142857142857,0.75,0.8,7,0.0152546215605984
"rand1",1.8,98,"SVP",1,0.75,0.857142857142857,6,0.0218260289306933
"rand1",1.8,98,"SVP (BIC)",1,0.75,0.857142857142857,6,0.0218260289306933
"rand1",1.8,99,"PELT",1,0.875,0.933333333333333,7,0.00543917235533474
"rand1",1.8,99,"SVP",1,0.875,0.933333333333333,7,0.00543917235533474
"rand1",1.8,99,"SVP (BIC)",1,0.625,0.769230769230769,5,0.0309470110722519
"rand1",1.8,100,"PELT",0.833333333333333,0.625,0.714285714285714,6,0.032611464474668
"rand1",1.8,100,"SVP",0.833333333333333,0.625,0.714285714285714,6,0.032611464474668
"rand1",1.8,100,"SVP (BIC)",0.833333333333333,0.625,0.714285714285714,6,0.032611464474668
"none",1.9,1,"PELT",1,1,1,1,0.000166783924581241
"none",1.9,1,"SVP",1,1,1,1,0.000166783924581241
"none",1.9,1,"SVP (BIC)",1,1,1,1,0.000166783924581241
"none",1.9,2,"PELT",1,1,1,1,7.36488390108012e-05
"none",1.9,2,"SVP",1,1,1,1,7.36488390108012e-05
"none",1.9,2,"SVP (BIC)",1,1,1,1,7.36488390108012e-05
"none",1.9,3,"PELT",1,1,1,1,7.45797156914411e-06
"none",1.9,3,"SVP",1,1,1,1,7.45797156914411e-06
"none",1.9,3,"SVP (BIC)",1,1,1,1,7.45797156914411e-06
"none",1.9,4,"PELT",1,1,1,1,1.92654862599882e-05
"none",1.9,4,"SVP",1,1,1,1,1.92654862599882e-05
"none",1.9,4,"SVP (BIC)",1,1,1,1,1.92654862599882e-05
"none",1.9,5,"PELT",1,1,1,1,0.000765078015357065
"none",1.9,5,"SVP",1,1,1,1,0.000765078015357065
"none",1.9,5,"SVP (BIC)",1,1,1,1,0.000765078015357065
"none",1.9,6,"PELT",1,1,1,1,0.000928113312270916
"none",1.9,6,"SVP",1,1,1,1,0.000928113312270916
"none",1.9,6,"SVP (BIC)",1,1,1,1,0.000928113312270916
"none",1.9,7,"PELT",1,1,1,1,6.40966794635352e-05
"none",1.9,7,"SVP",1,1,1,1,6.40966794635352e-05
"none",1.9,7,"SVP (BIC)",1,1,1,1,6.40966794635352e-05
"none",1.9,8,"PELT",1,1,1,1,0.00278910290513021
"none",1.9,8,"SVP",1,1,1,1,0.00278910290513021
"none",1.9,8,"SVP (BIC)",1,1,1,1,0.00278910290513021
"none",1.9,9,"PELT",0.5,1,0.666666666666667,2,0.014516665680494
"none",1.9,9,"SVP",1,1,1,1,0.000649961459226416
"none",1.9,9,"SVP (BIC)",1,1,1,1,0.000649961459226416
"none",1.9,10,"PELT",1,1,1,1,3.24831034172009e-05
"none",1.9,10,"SVP",1,1,1,1,3.24831034172009e-05
"none",1.9,10,"SVP (BIC)",1,1,1,1,3.24831034172009e-05
"none",1.9,11,"PELT",1,1,1,1,0.000106164992815035
"none",1.9,11,"SVP",1,1,1,1,0.000106164992815035
"none",1.9,11,"SVP (BIC)",1,1,1,1,0.000106164992815035
"none",1.9,12,"PELT",1,1,1,1,4.000579165163e-05
"none",1.9,12,"SVP",1,1,1,1,4.000579165163e-05
"none",1.9,12,"SVP (BIC)",1,1,1,1,4.000579165163e-05
"none",1.9,13,"PELT",1,1,1,1,7.50425284429364e-06
"none",1.9,13,"SVP",1,1,1,1,7.50425284429364e-06
"none",1.9,13,"SVP (BIC)",1,1,1,1,7.50425284429364e-06
"none",1.9,14,"PELT",1,1,1,1,0.00886162798075202
"none",1.9,14,"SVP",1,1,1,1,0.00886162798075202
"none",1.9,14,"SVP (BIC)",1,1,1,1,0.00886162798075202
"none",1.9,15,"PELT",1,1,1,1,0.00300100652269347
"none",1.9,15,"SVP",0.5,1,0.666666666666667,2,0.00348843289024337
"none",1.9,15,"SVP (BIC)",1,1,1,1,0.00300100652269347
"none",1.9,16,"PELT",1,1,1,1,0.000775925088898491
"none",1.9,16,"SVP",1,1,1,1,0.000775925088898491
"none",1.9,16,"SVP (BIC)",1,1,1,1,0.000775925088898491
"none",1.9,17,"PELT",1,1,1,1,0.000776689523868334
"none",1.9,17,"SVP",1,1,1,1,0.000776689523868334
"none",1.9,17,"SVP (BIC)",1,1,1,1,0.000776689523868334
"none",1.9,18,"PELT",1,1,1,1,0.00310086895638417
"none",1.9,18,"SVP",1,1,1,1,0.00310086895638417
"none",1.9,18,"SVP (BIC)",1,1,1,1,0.00310086895638417
"none",1.9,19,"PELT",1,1,1,1,0.000287418540976529
"none",1.9,19,"SVP",1,1,1,1,0.000287418540976529
"none",1.9,19,"SVP (BIC)",1,1,1,1,0.000287418540976529
"none",1.9,20,"PELT",1,1,1,1,0.00158408394418944
"none",1.9,20,"SVP",1,1,1,1,0.00158408394418944
"none",1.9,20,"SVP (BIC)",1,1,1,1,0.00158408394418944
"none",1.9,21,"PELT",1,1,1,1,0.000953016538990027
"none",1.9,21,"SVP",1,1,1,1,0.000953016538990027
"none",1.9,21,"SVP (BIC)",1,1,1,1,0.000953016538990027
"none",1.9,22,"PELT",1,1,1,1,0.000413878728493545
"none",1.9,22,"SVP",1,1,1,1,0.000413878728493545
"none",1.9,22,"SVP (BIC)",1,1,1,1,0.000413878728493545
"none",1.9,23,"PELT",1,1,1,1,0.0016292114915328
"none",1.9,23,"SVP",1,1,1,1,0.0016292114915328
"none",1.9,23,"SVP (BIC)",1,1,1,1,0.0016292114915328
"none",1.9,24,"PELT",1,1,1,1,0.00152347815366571
"none",1.9,24,"SVP",1,1,1,1,0.00152347815366571
"none",1.9,24,"SVP (BIC)",1,1,1,1,0.00152347815366571
"none",1.9,25,"PELT",1,1,1,1,0.000735223474904908
"none",1.9,25,"SVP",1,1,1,1,0.000735223474904908
"none",1.9,25,"SVP (BIC)",1,1,1,1,0.000735223474904908
"none",1.9,26,"PELT",1,1,1,1,0.00026554099355206
"none",1.9,26,"SVP",1,1,1,1,0.00026554099355206
"none",1.9,26,"SVP (BIC)",1,1,1,1,0.00026554099355206
"none",1.9,27,"PELT",1,1,1,1,0.000901474059167228
"none",1.9,27,"SVP",1,1,1,1,0.000901474059167228
"none",1.9,27,"SVP (BIC)",1,1,1,1,0.000901474059167228
"none",1.9,28,"PELT",1,1,1,1,0.0070737829341555
"none",1.9,28,"SVP",1,1,1,1,0.0070737829341555
"none",1.9,28,"SVP (BIC)",1,1,1,1,0.0070737829341555
"none",1.9,29,"PELT",1,1,1,1,2.49197782930123e-05
"none",1.9,29,"SVP",1,1,1,1,2.49197782930123e-05
"none",1.9,29,"SVP (BIC)",1,1,1,1,2.49197782930123e-05
"none",1.9,30,"PELT",1,1,1,1,9.1905491809012e-07
"none",1.9,30,"SVP",1,1,1,1,9.1905491809012e-07
"none",1.9,30,"SVP (BIC)",1,1,1,1,9.1905491809012e-07
"none",1.9,31,"PELT",1,1,1,1,0.000876252652748945
"none",1.9,31,"SVP",1,1,1,1,0.000876252652748945
"none",1.9,31,"SVP (BIC)",1,1,1,1,0.000876252652748945
"none",1.9,32,"PELT",1,1,1,1,0.000380538468977694
"none",1.9,32,"SVP",1,1,1,1,0.000380538468977694
"none",1.9,32,"SVP (BIC)",1,1,1,1,0.000380538468977694
"none",1.9,33,"PELT",1,1,1,1,0.000202933957738175
"none",1.9,33,"SVP",1,1,1,1,0.000202933957738175
"none",1.9,33,"SVP (BIC)",1,1,1,1,0.000202933957738175
"none",1.9,34,"PELT",1,1,1,1,0.00084204837329623
"none",1.9,34,"SVP",1,1,1,1,0.00084204837329623
"none",1.9,34,"SVP (BIC)",1,1,1,1,0.00084204837329623
"none",1.9,35,"PELT",1,1,1,1,0.000605703892702474
"none",1.9,35,"SVP",1,1,1,1,0.000605703892702474
"none",1.9,35,"SVP (BIC)",1,1,1,1,0.000605703892702474
"none",1.9,36,"PELT",1,1,1,1,0.00107488798717665
"none",1.9,36,"SVP",1,1,1,1,0.00107488798717665
"none",1.9,36,"SVP (BIC)",1,1,1,1,0.00107488798717665
"none",1.9,37,"PELT",1,1,1,1,0.000252945361677791
"none",1.9,37,"SVP",1,1,1,1,0.000252945361677791
"none",1.9,37,"SVP (BIC)",1,1,1,1,0.000252945361677791
"none",1.9,38,"PELT",1,1,1,1,0.0009483157479476
"none",1.9,38,"SVP",1,1,1,1,0.0009483157479476
"none",1.9,38,"SVP (BIC)",1,1,1,1,0.0009483157479476
"none",1.9,39,"PELT",1,1,1,1,0.000633000090337916
"none",1.9,39,"SVP",1,1,1,1,0.000633000090337916
"none",1.9,39,"SVP (BIC)",1,1,1,1,0.000633000090337916
"none",1.9,40,"PELT",1,1,1,1,0.000153029356892919
"none",1.9,40,"SVP",1,1,1,1,0.000153029356892919
"none",1.9,40,"SVP (BIC)",1,1,1,1,0.000153029356892919
"none",1.9,41,"PELT",1,1,1,1,0.000349526802996354
"none",1.9,41,"SVP",1,1,1,1,0.000349526802996354
"none",1.9,41,"SVP (BIC)",1,1,1,1,0.000349526802996354
"none",1.9,42,"PELT",1,1,1,1,9.31550989634063e-08
"none",1.9,42,"SVP",1,1,1,1,9.31550989634063e-08
"none",1.9,42,"SVP (BIC)",1,1,1,1,9.31550989634063e-08
"none",1.9,43,"PELT",1,1,1,1,0.00210767972976864
"none",1.9,43,"SVP",1,1,1,1,0.00210767972976864
"none",1.9,43,"SVP (BIC)",1,1,1,1,0.00210767972976864
"none",1.9,44,"PELT",1,1,1,1,0.00196361450959071
"none",1.9,44,"SVP",1,1,1,1,0.00196361450959071
"none",1.9,44,"SVP (BIC)",1,1,1,1,0.00196361450959071
"none",1.9,45,"PELT",1,1,1,1,0.00235262446652875
"none",1.9,45,"SVP",1,1,1,1,0.00235262446652875
"none",1.9,45,"SVP (BIC)",1,1,1,1,0.00235262446652875
"none",1.9,46,"PELT",1,1,1,1,0.00184293989789476
"none",1.9,46,"SVP",1,1,1,1,0.00184293989789476
"none",1.9,46,"SVP (BIC)",1,1,1,1,0.00184293989789476
"none",1.9,47,"PELT",1,1,1,1,0.00190478436124157
"none",1.9,47,"SVP",1,1,1,1,0.00190478436124157
"none",1.9,47,"SVP (BIC)",1,1,1,1,0.00190478436124157
"none",1.9,48,"PELT",1,1,1,1,0.00137554242578628
"none",1.9,48,"SVP",1,1,1,1,0.00137554242578628
"none",1.9,48,"SVP (BIC)",1,1,1,1,0.00137554242578628
"none",1.9,49,"PELT",1,1,1,1,9.6991820260733e-06
"none",1.9,49,"SVP",1,1,1,1,9.6991820260733e-06
"none",1.9,49,"SVP (BIC)",1,1,1,1,9.6991820260733e-06
"none",1.9,50,"PELT",1,1,1,1,2.41589260501885e-05
"none",1.9,50,"SVP",1,1,1,1,2.41589260501885e-05
"none",1.9,50,"SVP (BIC)",1,1,1,1,2.41589260501885e-05
"none",1.9,51,"PELT",1,1,1,1,0.00215885287380316
"none",1.9,51,"SVP",0.5,1,0.666666666666667,2,0.0108046246114313
"none",1.9,51,"SVP (BIC)",1,1,1,1,0.00215885287380316
"none",1.9,52,"PELT",1,1,1,1,3.31421485732183e-06
"none",1.9,52,"SVP",1,1,1,1,3.31421485732183e-06
"none",1.9,52,"SVP (BIC)",1,1,1,1,3.31421485732183e-06
"none",1.9,53,"PELT",1,1,1,1,0.000397660024502622
"none",1.9,53,"SVP",1,1,1,1,0.000397660024502622
"none",1.9,53,"SVP (BIC)",1,1,1,1,0.000397660024502622
"none",1.9,54,"PELT",1,1,1,1,0.000139282661276757
"none",1.9,54,"SVP",1,1,1,1,0.000139282661276757
"none",1.9,54,"SVP (BIC)",1,1,1,1,0.000139282661276757
"none",1.9,55,"PELT",1,1,1,1,0.00110870206653191
"none",1.9,55,"SVP",1,1,1,1,0.00110870206653191
"none",1.9,55,"SVP (BIC)",1,1,1,1,0.00110870206653191
"none",1.9,56,"PELT",1,1,1,1,0.000102181207980993
"none",1.9,56,"SVP",1,1,1,1,0.000102181207980993
"none",1.9,56,"SVP (BIC)",1,1,1,1,0.000102181207980993
"none",1.9,57,"PELT",1,1,1,1,0.00103508131771731
"none",1.9,57,"SVP",1,1,1,1,0.00103508131771731
"none",1.9,57,"SVP (BIC)",1,1,1,1,0.00103508131771731
"none",1.9,58,"PELT",1,1,1,1,6.49227856528262e-05
"none",1.9,58,"SVP",1,1,1,1,6.49227856528262e-05
"none",1.9,58,"SVP (BIC)",1,1,1,1,6.49227856528262e-05
"none",1.9,59,"PELT",1,1,1,1,0.000179118601013211
"none",1.9,59,"SVP",1,1,1,1,0.000179118601013211
"none",1.9,59,"SVP (BIC)",1,1,1,1,0.000179118601013211
"none",1.9,60,"PELT",1,1,1,1,0.000784925329963414
"none",1.9,60,"SVP",1,1,1,1,0.000784925329963414
"none",1.9,60,"SVP (BIC)",1,1,1,1,0.000784925329963414
"none",1.9,61,"PELT",1,1,1,1,2.83807725112057e-05
"none",1.9,61,"SVP",1,1,1,1,2.83807725112057e-05
"none",1.9,61,"SVP (BIC)",1,1,1,1,2.83807725112057e-05
"none",1.9,62,"PELT",1,1,1,1,0.000134011791632493
"none",1.9,62,"SVP",1,1,1,1,0.000134011791632493
"none",1.9,62,"SVP (BIC)",1,1,1,1,0.000134011791632493
"none",1.9,63,"PELT",1,1,1,1,0.00213054391578471
"none",1.9,63,"SVP",1,1,1,1,0.00213054391578471
"none",1.9,63,"SVP (BIC)",1,1,1,1,0.00213054391578471
"none",1.9,64,"PELT",1,1,1,1,0.000135810853053083
"none",1.9,64,"SVP",1,1,1,1,0.000135810853053083
"none",1.9,64,"SVP (BIC)",1,1,1,1,0.000135810853053083
"none",1.9,65,"PELT",1,1,1,1,0.000930159247713908
"none",1.9,65,"SVP",1,1,1,1,0.000930159247713908
"none",1.9,65,"SVP (BIC)",1,1,1,1,0.000930159247713908
"none",1.9,66,"PELT",1,1,1,1,0.00110417882386622
"none",1.9,66,"SVP",1,1,1,1,0.00110417882386622
"none",1.9,66,"SVP (BIC)",1,1,1,1,0.00110417882386622
"none",1.9,67,"PELT",1,1,1,1,0.00127778331572784
"none",1.9,67,"SVP",1,1,1,1,0.00127778331572784
"none",1.9,67,"SVP (BIC)",1,1,1,1,0.00127778331572784
"none",1.9,68,"PELT",1,1,1,1,0.000714668704972046
"none",1.9,68,"SVP",1,1,1,1,0.000714668704972046
"none",1.9,68,"SVP (BIC)",1,1,1,1,0.000714668704972046
"none",1.9,69,"PELT",1,1,1,1,5.72902466754839e-05
"none",1.9,69,"SVP",1,1,1,1,5.72902466754839e-05
"none",1.9,69,"SVP (BIC)",1,1,1,1,5.72902466754839e-05
"none",1.9,70,"PELT",1,1,1,1,3.13398161239095e-05
"none",1.9,70,"SVP",1,1,1,1,3.13398161239095e-05
"none",1.9,70,"SVP (BIC)",1,1,1,1,3.13398161239095e-05
"none",1.9,71,"PELT",1,1,1,1,0.000491417287005481
"none",1.9,71,"SVP",1,1,1,1,0.000491417287005481
"none",1.9,71,"SVP (BIC)",1,1,1,1,0.000491417287005481
"none",1.9,72,"PELT",1,1,1,1,0.00013699808758041
"none",1.9,72,"SVP",1,1,1,1,0.00013699808758041
"none",1.9,72,"SVP (BIC)",1,1,1,1,0.00013699808758041
"none",1.9,73,"PELT",1,1,1,1,3.19811170811046e-05
"none",1.9,73,"SVP",1,1,1,1,3.19811170811046e-05
"none",1.9,73,"SVP (BIC)",1,1,1,1,3.19811170811046e-05
"none",1.9,74,"PELT",0.5,1,0.666666666666667,2,0.0147554039305313
"none",1.9,74,"SVP",1,1,1,1,2.30908412880809e-05
"none",1.9,74,"SVP (BIC)",1,1,1,1,2.30908412880809e-05
"none",1.9,75,"PELT",1,1,1,1,5.23570395706949e-06
"none",1.9,75,"SVP",1,1,1,1,5.23570395706949e-06
"none",1.9,75,"SVP (BIC)",1,1,1,1,5.23570395706949e-06
"none",1.9,76,"PELT",1,1,1,1,0.000835412515058825
"none",1.9,76,"SVP",1,1,1,1,0.000835412515058825
"none",1.9,76,"SVP (BIC)",1,1,1,1,0.000835412515058825
"none",1.9,77,"PELT",1,1,1,1,0.00140945733050583
"none",1.9,77,"SVP",1,1,1,1,0.00140945733050583
"none",1.9,77,"SVP (BIC)",1,1,1,1,0.00140945733050583
"none",1.9,78,"PELT",1,1,1,1,0.0048570182552267
"none",1.9,78,"SVP",1,1,1,1,0.0048570182552267
"none",1.9,78,"SVP (BIC)",1,1,1,1,0.0048570182552267
"none",1.9,79,"PELT",1,1,1,1,0.000528566734156559
"none",1.9,79,"SVP",1,1,1,1,0.000528566734156559
"none",1.9,79,"SVP (BIC)",1,1,1,1,0.000528566734156559
"none",1.9,80,"PELT",1,1,1,1,0.000855335811192427
"none",1.9,80,"SVP",1,1,1,1,0.000855335811192427
"none",1.9,80,"SVP (BIC)",1,1,1,1,0.000855335811192427
"none",1.9,81,"PELT",1,1,1,1,0.00312254186613944
"none",1.9,81,"SVP",1,1,1,1,0.00312254186613944
"none",1.9,81,"SVP (BIC)",1,1,1,1,0.00312254186613944
"none",1.9,82,"PELT",1,1,1,1,0.0011244892002047
"none",1.9,82,"SVP",1,1,1,1,0.0011244892002047
"none",1.9,82,"SVP (BIC)",1,1,1,1,0.0011244892002047
"none",1.9,83,"PELT",1,1,1,1,3.0183461021238e-05
"none",1.9,83,"SVP",1,1,1,1,3.0183461021238e-05
"none",1.9,83,"SVP (BIC)",1,1,1,1,3.0183461021238e-05
"none",1.9,84,"PELT",1,1,1,1,0.000220490212034517
"none",1.9,84,"SVP",1,1,1,1,0.000220490212034517
"none",1.9,84,"SVP (BIC)",1,1,1,1,0.000220490212034517
"none",1.9,85,"PELT",1,1,1,1,0.000349169767586682
"none",1.9,85,"SVP",0.5,1,0.666666666666667,2,0.00737210625720859
"none",1.9,85,"SVP (BIC)",1,1,1,1,0.000349169767586682
"none",1.9,86,"PELT",1,1,1,1,2.58739270976589e-05
"none",1.9,86,"SVP",1,1,1,1,2.58739270976589e-05
"none",1.9,86,"SVP (BIC)",1,1,1,1,2.58739270976589e-05
"none",1.9,87,"PELT",1,1,1,1,0.000706578082747318
"none",1.9,87,"SVP",1,1,1,1,0.000706578082747318
"none",1.9,87,"SVP (BIC)",1,1,1,1,0.000706578082747318
"none",1.9,88,"PELT",1,1,1,1,0.00158615881806739
"none",1.9,88,"SVP",1,1,1,1,0.00158615881806739
"none",1.9,88,"SVP (BIC)",1,1,1,1,0.00158615881806739
"none",1.9,89,"PELT",1,1,1,1,0.000440729242420965
"none",1.9,89,"SVP",1,1,1,1,0.000440729242420965
"none",1.9,89,"SVP (BIC)",1,1,1,1,0.000440729242420965
"none",1.9,90,"PELT",1,1,1,1,0.00201526164213751
"none",1.9,90,"SVP",1,1,1,1,0.00201526164213751
"none",1.9,90,"SVP (BIC)",1,1,1,1,0.00201526164213751
"none",1.9,91,"PELT",1,1,1,1,3.9548500855267e-05
"none",1.9,91,"SVP",1,1,1,1,3.9548500855267e-05
"none",1.9,91,"SVP (BIC)",1,1,1,1,3.9548500855267e-05
"none",1.9,92,"PELT",1,1,1,1,4.87228691325666e-05
"none",1.9,92,"SVP",1,1,1,1,4.87228691325666e-05
"none",1.9,92,"SVP (BIC)",1,1,1,1,4.87228691325666e-05
"none",1.9,93,"PELT",1,1,1,1,0.000341990584709809
"none",1.9,93,"SVP",1,1,1,1,0.000341990584709809
"none",1.9,93,"SVP (BIC)",1,1,1,1,0.000341990584709809
"none",1.9,94,"PELT",1,1,1,1,0.00220926584666318
"none",1.9,94,"SVP",1,1,1,1,0.00220926584666318
"none",1.9,94,"SVP (BIC)",1,1,1,1,0.00220926584666318
"none",1.9,95,"PELT",1,1,1,1,0.00295991509200426
"none",1.9,95,"SVP",1,1,1,1,0.00295991509200426
"none",1.9,95,"SVP (BIC)",1,1,1,1,0.00295991509200426
"none",1.9,96,"PELT",1,1,1,1,0.000233574158093074
"none",1.9,96,"SVP",1,1,1,1,0.000233574158093074
"none",1.9,96,"SVP (BIC)",1,1,1,1,0.000233574158093074
"none",1.9,97,"PELT",1,1,1,1,0.00160839006643513
"none",1.9,97,"SVP",1,1,1,1,0.00160839006643513
"none",1.9,97,"SVP (BIC)",1,1,1,1,0.00160839006643513
"none",1.9,98,"PELT",1,1,1,1,0.00115471158116498
"none",1.9,98,"SVP",1,1,1,1,0.00115471158116498
"none",1.9,98,"SVP (BIC)",1,1,1,1,0.00115471158116498
"none",1.9,99,"PELT",1,1,1,1,0.000800944422579861
"none",1.9,99,"SVP",1,1,1,1,0.000800944422579861
"none",1.9,99,"SVP (BIC)",1,1,1,1,0.000800944422579861
"none",1.9,100,"PELT",1,1,1,1,0.00072491001961572
"none",1.9,100,"SVP",1,1,1,1,0.00072491001961572
"none",1.9,100,"SVP (BIC)",1,1,1,1,0.00072491001961572
"up",1.9,1,"PELT",1,1,1,8,0.0187523528147981
"up",1.9,1,"SVP",1,1,1,8,0.0187523528147981
"up",1.9,1,"SVP (BIC)",1,1,1,8,0.0187523528147981
"up",1.9,2,"PELT",1,1,1,8,0.0198245109416367
"up",1.9,2,"SVP",1,1,1,8,0.0198245109416367
"up",1.9,2,"SVP (BIC)",1,1,1,8,0.0198245109416367
"up",1.9,3,"PELT",0.875,0.875,0.875,8,0.0384782045885022
"up",1.9,3,"SVP",0.875,0.875,0.875,8,0.0384782045885022
"up",1.9,3,"SVP (BIC)",0.875,0.875,0.875,8,0.0384782045885022
"up",1.9,4,"PELT",1,1,1,8,0.0198580727682229
"up",1.9,4,"SVP",1,1,1,8,0.0198580727682229
"up",1.9,4,"SVP (BIC)",1,1,1,8,0.0198580727682229
"up",1.9,5,"PELT",0.8,1,0.888888888888889,10,0.0461404352372818
"up",1.9,5,"SVP",0.875,0.875,0.875,8,0.0303440935148297
"up",1.9,5,"SVP (BIC)",0.875,0.875,0.875,8,0.0303440935148297
"up",1.9,6,"PELT",1,1,1,8,0.0165519458454306
"up",1.9,6,"SVP",1,1,1,8,0.0165519458454306
"up",1.9,6,"SVP (BIC)",1,1,1,8,0.0165519458454306
"up",1.9,7,"PELT",0.875,0.875,0.875,8,0.037397245711664
"up",1.9,7,"SVP",0.875,0.875,0.875,8,0.037397245711664
"up",1.9,7,"SVP (BIC)",0.875,0.875,0.875,8,0.037397245711664
"up",1.9,8,"PELT",1,1,1,8,0.0144181347905388
"up",1.9,8,"SVP",1,1,1,8,0.0144181347905388
"up",1.9,8,"SVP (BIC)",1,1,1,8,0.0144181347905388
"up",1.9,9,"PELT",0.875,0.875,0.875,8,0.0492569492166509
"up",1.9,9,"SVP",0.875,0.875,0.875,8,0.0492569492166509
"up",1.9,9,"SVP (BIC)",0.875,0.875,0.875,8,0.0492569492166509
"up",1.9,10,"PELT",1,1,1,8,0.026166873003353
"up",1.9,10,"SVP",1,1,1,8,0.026166873003353
"up",1.9,10,"SVP (BIC)",1,1,1,8,0.026166873003353
"up",1.9,11,"PELT",1,1,1,8,0.0149566814892348
"up",1.9,11,"SVP",1,1,1,8,0.0149566814892348
"up",1.9,11,"SVP (BIC)",1,1,1,8,0.0149566814892348
"up",1.9,12,"PELT",1,1,1,8,0.00782306076118525
"up",1.9,12,"SVP",1,1,1,8,0.00782306076118525
"up",1.9,12,"SVP (BIC)",1,1,1,8,0.00782306076118525
"up",1.9,13,"PELT",1,1,1,8,0.00796117532434034
"up",1.9,13,"SVP",1,1,1,8,0.00796117532434034
"up",1.9,13,"SVP (BIC)",1,1,1,8,0.00796117532434034
"up",1.9,14,"PELT",1,1,1,8,0.0115302331371311
"up",1.9,14,"SVP",1,1,1,8,0.0115302331371311
"up",1.9,14,"SVP (BIC)",1,1,1,8,0.0115302331371311
"up",1.9,15,"PELT",0.875,0.875,0.875,8,0.0305967738874725
"up",1.9,15,"SVP",0.875,0.875,0.875,8,0.0305967738874725
"up",1.9,15,"SVP (BIC)",0.875,0.875,0.875,8,0.0305967738874725
"up",1.9,16,"PELT",0.875,0.875,0.875,8,0.031193934566042
"up",1.9,16,"SVP",0.875,0.875,0.875,8,0.031193934566042
"up",1.9,16,"SVP (BIC)",0.875,0.875,0.875,8,0.031193934566042
"up",1.9,17,"PELT",1,1,1,8,0.0166057793798636
"up",1.9,17,"SVP",1,1,1,8,0.0166057793798636
"up",1.9,17,"SVP (BIC)",1,1,1,8,0.0166057793798636
"up",1.9,18,"PELT",0.75,0.75,0.75,8,0.053600926363638
"up",1.9,18,"SVP",0.75,0.75,0.75,8,0.053600926363638
"up",1.9,18,"SVP (BIC)",0.75,0.75,0.75,8,0.053600926363638
"up",1.9,19,"PELT",0.777777777777778,0.875,0.823529411764706,9,0.0481767343747298
"up",1.9,19,"SVP",0.875,0.875,0.875,8,0.0297149616103232
"up",1.9,19,"SVP (BIC)",1,1,1,8,0.0124189779140546
"up",1.9,20,"PELT",0.75,0.75,0.75,8,0.0557339241353084
"up",1.9,20,"SVP",0.75,0.75,0.75,8,0.0557339241353084
"up",1.9,20,"SVP (BIC)",0.75,0.75,0.75,8,0.0557339241353084
"up",1.9,21,"PELT",1,1,1,8,0.0150519781166054
"up",1.9,21,"SVP",1,1,1,8,0.0150519781166054
"up",1.9,21,"SVP (BIC)",1,1,1,8,0.0150519781166054
"up",1.9,22,"PELT",0.875,0.875,0.875,8,0.0241521093517039
"up",1.9,22,"SVP",0.875,0.875,0.875,8,0.0241521093517039
"up",1.9,22,"SVP (BIC)",0.875,0.875,0.875,8,0.0241521093517039
"up",1.9,23,"PELT",0.75,0.75,0.75,8,0.041383694382899
"up",1.9,23,"SVP",0.75,0.75,0.75,8,0.041383694382899
"up",1.9,23,"SVP (BIC)",0.75,0.75,0.75,8,0.041383694382899
"up",1.9,24,"PELT",1,1,1,8,0.0244595204975672
"up",1.9,24,"SVP",1,1,1,8,0.0244595204975672
"up",1.9,24,"SVP (BIC)",1,1,1,8,0.0244595204975672
"up",1.9,25,"PELT",0.875,0.875,0.875,8,0.0419572219986741
"up",1.9,25,"SVP",0.875,0.875,0.875,8,0.0419572219986741
"up",1.9,25,"SVP (BIC)",0.875,0.875,0.875,8,0.0419572219986741
"up",1.9,26,"PELT",0.875,0.875,0.875,8,0.0335829818483111
"up",1.9,26,"SVP",0.875,0.875,0.875,8,0.0335829818483111
"up",1.9,26,"SVP (BIC)",0.875,0.875,0.875,8,0.0335829818483111
"up",1.9,27,"PELT",1,1,1,8,0.0262012939677439
"up",1.9,27,"SVP",1,1,1,8,0.0262012939677439
"up",1.9,27,"SVP (BIC)",1,1,1,8,0.0262012939677439
"up",1.9,28,"PELT",1,1,1,8,0.0163224341684385
"up",1.9,28,"SVP",1,1,1,8,0.0163224341684385
"up",1.9,28,"SVP (BIC)",1,1,1,8,0.0163224341684385
"up",1.9,29,"PELT",0.875,0.875,0.875,8,0.0297014158751151
"up",1.9,29,"SVP",0.875,0.875,0.875,8,0.0297014158751151
"up",1.9,29,"SVP (BIC)",0.875,0.875,0.875,8,0.0297014158751151
"up",1.9,30,"PELT",0.875,0.875,0.875,8,0.0325877958810284
"up",1.9,30,"SVP",0.875,0.875,0.875,8,0.0325877958810284
"up",1.9,30,"SVP (BIC)",0.875,0.875,0.875,8,0.0325877958810284
"up",1.9,31,"PELT",1,1,1,8,0.0261916781304902
"up",1.9,31,"SVP",1,1,1,8,0.0261916781304902
"up",1.9,31,"SVP (BIC)",1,1,1,8,0.0261916781304902
"up",1.9,32,"PELT",1,1,1,8,0.00872311136011443
"up",1.9,32,"SVP",1,1,1,8,0.00872311136011443
"up",1.9,32,"SVP (BIC)",1,1,1,8,0.00872311136011443
"up",1.9,33,"PELT",0.875,0.875,0.875,8,0.0186399909672998
"up",1.9,33,"SVP",0.875,0.875,0.875,8,0.0186399909672998
"up",1.9,33,"SVP (BIC)",0.875,0.875,0.875,8,0.0186399909672998
"up",1.9,34,"PELT",0.875,0.875,0.875,8,0.026005872004534
"up",1.9,34,"SVP",0.875,0.875,0.875,8,0.026005872004534
"up",1.9,34,"SVP (BIC)",0.875,0.875,0.875,8,0.026005872004534
"up",1.9,35,"PELT",1,1,1,8,0.0260320070159048
"up",1.9,35,"SVP",1,1,1,8,0.0260320070159048
"up",1.9,35,"SVP (BIC)",1,1,1,8,0.0260320070159048
"up",1.9,36,"PELT",0.875,0.875,0.875,8,0.0400313621226645
"up",1.9,36,"SVP",0.875,0.875,0.875,8,0.0360600677569946
"up",1.9,36,"SVP (BIC)",0.875,0.875,0.875,8,0.0400313621226645
"up",1.9,37,"PELT",1,1,1,8,0.0308584947963768
"up",1.9,37,"SVP",1,1,1,8,0.0308584947963768
"up",1.9,37,"SVP (BIC)",1,1,1,8,0.0308584947963768
"up",1.9,38,"PELT",0.875,0.875,0.875,8,0.0290206649941815
"up",1.9,38,"SVP",0.875,0.875,0.875,8,0.0290206649941815
"up",1.9,38,"SVP (BIC)",0.875,0.875,0.875,8,0.0290206649941815
"up",1.9,39,"PELT",1,1,1,8,0.0250800942159204
"up",1.9,39,"SVP",1,1,1,8,0.0250800942159204
"up",1.9,39,"SVP (BIC)",1,1,1,8,0.0250800942159204
"up",1.9,40,"PELT",0.875,0.875,0.875,8,0.0291820125928973
"up",1.9,40,"SVP",0.875,0.875,0.875,8,0.0291820125928973
"up",1.9,40,"SVP (BIC)",0.875,0.875,0.875,8,0.0291820125928973
"up",1.9,41,"PELT",1,1,1,8,0.0182600398756532
"up",1.9,41,"SVP",1,1,1,8,0.0182600398756532
"up",1.9,41,"SVP (BIC)",1,1,1,8,0.0182600398756532
"up",1.9,42,"PELT",1,1,1,8,0.0454359305784919
"up",1.9,42,"SVP",1,1,1,8,0.0454359305784919
"up",1.9,42,"SVP (BIC)",1,1,1,8,0.0454359305784919
"up",1.9,43,"PELT",0.875,0.875,0.875,8,0.0335364519270295
"up",1.9,43,"SVP",0.875,0.875,0.875,8,0.0335364519270295
"up",1.9,43,"SVP (BIC)",0.875,0.875,0.875,8,0.0335364519270295
"up",1.9,44,"PELT",1,1,1,8,0.0318671961590729
"up",1.9,44,"SVP",1,1,1,8,0.0318671961590729
"up",1.9,44,"SVP (BIC)",1,1,1,8,0.0318671961590729
"up",1.9,45,"PELT",0.875,0.875,0.875,8,0.020439135975153
"up",1.9,45,"SVP",0.875,0.875,0.875,8,0.020439135975153
"up",1.9,45,"SVP (BIC)",0.875,0.875,0.875,8,0.020439135975153
"up",1.9,46,"PELT",1,1,1,8,0.0133722129586264
"up",1.9,46,"SVP",1,1,1,8,0.0133722129586264
"up",1.9,46,"SVP (BIC)",1,1,1,8,0.0133722129586264
"up",1.9,47,"PELT",1,1,1,8,0.0221977747970784
"up",1.9,47,"SVP",1,1,1,8,0.0221977747970784
"up",1.9,47,"SVP (BIC)",1,1,1,8,0.0221977747970784
"up",1.9,48,"PELT",0.875,0.875,0.875,8,0.0240026299593564
"up",1.9,48,"SVP",0.875,0.875,0.875,8,0.0240026299593564
"up",1.9,48,"SVP (BIC)",0.875,0.875,0.875,8,0.0240026299593564
"up",1.9,49,"PELT",0.875,0.875,0.875,8,0.0391255093430685
"up",1.9,49,"SVP",0.875,0.875,0.875,8,0.0391255093430685
"up",1.9,49,"SVP (BIC)",0.875,0.875,0.875,8,0.0391255093430685
"up",1.9,50,"PELT",1,1,1,8,0.0148428344957841
"up",1.9,50,"SVP",0.888888888888889,1,0.941176470588235,9,0.0146597438511743
"up",1.9,50,"SVP (BIC)",1,1,1,8,0.0148428344957841
"up",1.9,51,"PELT",0.75,0.75,0.75,8,0.0378594328331758
"up",1.9,51,"SVP",0.75,0.75,0.75,8,0.0378594328331758
"up",1.9,51,"SVP (BIC)",0.75,0.75,0.75,8,0.0378594328331758
"up",1.9,52,"PELT",0.875,0.875,0.875,8,0.0140909261139197
"up",1.9,52,"SVP",0.875,0.875,0.875,8,0.0140909261139197
"up",1.9,52,"SVP (BIC)",0.875,0.875,0.875,8,0.0140909261139197
"up",1.9,53,"PELT",0.875,0.875,0.875,8,0.0371647392545609
"up",1.9,53,"SVP",0.875,0.875,0.875,8,0.0371647392545609
"up",1.9,53,"SVP (BIC)",0.875,0.875,0.875,8,0.0371647392545609
"up",1.9,54,"PELT",0.875,0.875,0.875,8,0.0399958425764574
"up",1.9,54,"SVP",0.875,0.875,0.875,8,0.0399958425764574
"up",1.9,54,"SVP (BIC)",0.875,0.875,0.875,8,0.0399958425764574
"up",1.9,55,"PELT",1,1,1,8,0.0155588480522754
"up",1.9,55,"SVP",1,1,1,8,0.0155588480522754
"up",1.9,55,"SVP (BIC)",1,1,1,8,0.0155588480522754
"up",1.9,56,"PELT",0.75,0.75,0.75,8,0.0500048784081957
"up",1.9,56,"SVP",0.75,0.75,0.75,8,0.0500048784081957
"up",1.9,56,"SVP (BIC)",0.75,0.75,0.75,8,0.0500048784081957
"up",1.9,57,"PELT",0.875,0.875,0.875,8,0.0351615807125934
"up",1.9,57,"SVP",0.875,0.875,0.875,8,0.0351615807125934
"up",1.9,57,"SVP (BIC)",0.875,0.875,0.875,8,0.0351615807125934
"up",1.9,58,"PELT",1,1,1,8,0.0123652932500104
"up",1.9,58,"SVP",1,1,1,8,0.0123652932500104
"up",1.9,58,"SVP (BIC)",1,1,1,8,0.0123652932500104
"up",1.9,59,"PELT",0.875,0.875,0.875,8,0.037210207339613
"up",1.9,59,"SVP",0.875,0.875,0.875,8,0.037210207339613
"up",1.9,59,"SVP (BIC)",0.875,0.875,0.875,8,0.037210207339613
"up",1.9,60,"PELT",1,1,1,8,0.0275321044156145
"up",1.9,60,"SVP",1,1,1,8,0.0275321044156145
"up",1.9,60,"SVP (BIC)",1,1,1,8,0.0275321044156145
"up",1.9,61,"PELT",0.875,0.875,0.875,8,0.0303175186652581
"up",1.9,61,"SVP",0.875,0.875,0.875,8,0.0303175186652581
"up",1.9,61,"SVP (BIC)",0.875,0.875,0.875,8,0.0303175186652581
"up",1.9,62,"PELT",1,1,1,8,0.0254888660734023
"up",1.9,62,"SVP",1,1,1,8,0.0254888660734023
"up",1.9,62,"SVP (BIC)",1,1,1,8,0.0254888660734023
"up",1.9,63,"PELT",0.875,0.875,0.875,8,0.0292268839057899
"up",1.9,63,"SVP",0.875,0.875,0.875,8,0.0292268839057899
"up",1.9,63,"SVP (BIC)",0.875,0.875,0.875,8,0.0292268839057899
"up",1.9,64,"PELT",1,1,1,8,0.0211769502101277
"up",1.9,64,"SVP",1,1,1,8,0.0211769502101277
"up",1.9,64,"SVP (BIC)",1,1,1,8,0.0211769502101277
"up",1.9,65,"PELT",0.875,0.875,0.875,8,0.035569100312984
"up",1.9,65,"SVP",0.875,0.875,0.875,8,0.035569100312984
"up",1.9,65,"SVP (BIC)",0.875,0.875,0.875,8,0.035569100312984
"up",1.9,66,"PELT",1,1,1,8,0.0151949681572316
"up",1.9,66,"SVP",1,1,1,8,0.0151949681572316
"up",1.9,66,"SVP (BIC)",1,1,1,8,0.0151949681572316
"up",1.9,67,"PELT",0.875,0.875,0.875,8,0.0397180459968174
"up",1.9,67,"SVP",0.875,0.875,0.875,8,0.0397180459968174
"up",1.9,67,"SVP (BIC)",0.875,0.875,0.875,8,0.0397180459968174
"up",1.9,68,"PELT",1,1,1,8,0.038172588079028
"up",1.9,68,"SVP",1,1,1,8,0.038172588079028
"up",1.9,68,"SVP (BIC)",1,1,1,8,0.038172588079028
"up",1.9,69,"PELT",1,1,1,8,0.0252924619957506
"up",1.9,69,"SVP",1,1,1,8,0.0252924619957506
"up",1.9,69,"SVP (BIC)",1,1,1,8,0.0252924619957506
"up",1.9,70,"PELT",0.75,0.75,0.75,8,0.0399349992204529
"up",1.9,70,"SVP",0.75,0.75,0.75,8,0.0399349992204529
"up",1.9,70,"SVP (BIC)",0.75,0.75,0.75,8,0.0399349992204529
"up",1.9,71,"PELT",1,1,1,8,0.0143070996865631
"up",1.9,71,"SVP",1,1,1,8,0.0143070996865631
"up",1.9,71,"SVP (BIC)",1,1,1,8,0.0143070996865631
"up",1.9,72,"PELT",0.777777777777778,0.875,0.823529411764706,9,0.049016142179674
"up",1.9,72,"SVP",0.875,0.875,0.875,8,0.0465303360266864
"up",1.9,72,"SVP (BIC)",0.875,0.875,0.875,8,0.0465303360266864
"up",1.9,73,"PELT",1,1,1,8,0.00738591649266658
"up",1.9,73,"SVP",1,1,1,8,0.00738591649266658
"up",1.9,73,"SVP (BIC)",1,1,1,8,0.00738591649266658
"up",1.9,74,"PELT",1,1,1,8,0.0261700598947831
"up",1.9,74,"SVP",1,1,1,8,0.0261700598947831
"up",1.9,74,"SVP (BIC)",1,1,1,8,0.0261700598947831
"up",1.9,75,"PELT",0.875,0.875,0.875,8,0.0256473439644839
"up",1.9,75,"SVP",0.875,0.875,0.875,8,0.0256473439644839
"up",1.9,75,"SVP (BIC)",0.875,0.875,0.875,8,0.0256473439644839
"up",1.9,76,"PELT",1,1,1,8,0.0110880766548296
"up",1.9,76,"SVP",1,1,1,8,0.0110880766548296
"up",1.9,76,"SVP (BIC)",1,1,1,8,0.0110880766548296
"up",1.9,77,"PELT",1,1,1,8,0.0107606142818548
"up",1.9,77,"SVP",1,1,1,8,0.0107606142818548
"up",1.9,77,"SVP (BIC)",1,1,1,8,0.0107606142818548
"up",1.9,78,"PELT",1,1,1,8,0.0206077003520928
"up",1.9,78,"SVP",1,1,1,8,0.0206077003520928
"up",1.9,78,"SVP (BIC)",1,1,1,8,0.0206077003520928
"up",1.9,79,"PELT",1,1,1,8,0.0138488832037085
"up",1.9,79,"SVP",1,1,1,8,0.0138488832037085
"up",1.9,79,"SVP (BIC)",1,1,1,8,0.0138488832037085
"up",1.9,80,"PELT",0.75,0.75,0.75,8,0.0498749565824551
"up",1.9,80,"SVP",0.75,0.75,0.75,8,0.0498749565824551
"up",1.9,80,"SVP (BIC)",0.75,0.75,0.75,8,0.0498749565824551
"up",1.9,81,"PELT",1,1,1,8,0.0210347031588678
"up",1.9,81,"SVP",1,1,1,8,0.0210347031588678
"up",1.9,81,"SVP (BIC)",1,1,1,8,0.0210347031588678
"up",1.9,82,"PELT",1,1,1,8,0.0328369906520174
"up",1.9,82,"SVP",1,1,1,8,0.0328369906520174
"up",1.9,82,"SVP (BIC)",1,1,1,8,0.0328369906520174
"up",1.9,83,"PELT",0.875,0.875,0.875,8,0.026704571190091
"up",1.9,83,"SVP",0.875,0.875,0.875,8,0.026704571190091
"up",1.9,83,"SVP (BIC)",0.875,0.875,0.875,8,0.026704571190091
"up",1.9,84,"PELT",1,1,1,8,0.0102065857457208
"up",1.9,84,"SVP",1,1,1,8,0.0102065857457208
"up",1.9,84,"SVP (BIC)",1,1,1,8,0.0102065857457208
"up",1.9,85,"PELT",0.875,0.875,0.875,8,0.0222210458340155
"up",1.9,85,"SVP",0.875,0.875,0.875,8,0.0222210458340155
"up",1.9,85,"SVP (BIC)",0.875,0.875,0.875,8,0.0222210458340155
"up",1.9,86,"PELT",1,1,1,8,0.0207741019712032
"up",1.9,86,"SVP",1,1,1,8,0.0207741019712032
"up",1.9,86,"SVP (BIC)",1,1,1,8,0.0207741019712032
"up",1.9,87,"PELT",0.875,0.875,0.875,8,0.0294405925749378
"up",1.9,87,"SVP",0.875,0.875,0.875,8,0.0294405925749378
"up",1.9,87,"SVP (BIC)",0.875,0.875,0.875,8,0.0294405925749378
"up",1.9,88,"PELT",0.875,0.875,0.875,8,0.036022306677843
"up",1.9,88,"SVP",0.875,0.875,0.875,8,0.036022306677843
"up",1.9,88,"SVP (BIC)",0.875,0.875,0.875,8,0.036022306677843
"up",1.9,89,"PELT",0.875,0.875,0.875,8,0.0319750831589475
"up",1.9,89,"SVP",0.875,0.875,0.875,8,0.0319750831589475
"up",1.9,89,"SVP (BIC)",0.875,0.875,0.875,8,0.0319750831589475
"up",1.9,90,"PELT",1,1,1,8,0.0280232152639816
"up",1.9,90,"SVP",1,1,1,8,0.0280232152639816
"up",1.9,90,"SVP (BIC)",1,1,1,8,0.0280232152639816
"up",1.9,91,"PELT",0.888888888888889,1,0.941176470588235,9,0.0314603250366205
"up",1.9,91,"SVP",0.888888888888889,1,0.941176470588235,9,0.0314603250366205
"up",1.9,91,"SVP (BIC)",1,1,1,8,0.0109811903419157
"up",1.9,92,"PELT",0.875,0.875,0.875,8,0.023787438268602
"up",1.9,92,"SVP",0.875,0.875,0.875,8,0.023787438268602
"up",1.9,92,"SVP (BIC)",0.875,0.875,0.875,8,0.023787438268602
"up",1.9,93,"PELT",0.875,0.875,0.875,8,0.0359955460019801
"up",1.9,93,"SVP",0.875,0.875,0.875,8,0.0359955460019801
"up",1.9,93,"SVP (BIC)",0.875,0.875,0.875,8,0.0359955460019801
"up",1.9,94,"PELT",1,1,1,8,0.0178467825201741
"up",1.9,94,"SVP",1,1,1,8,0.0178467825201741
"up",1.9,94,"SVP (BIC)",1,1,1,8,0.0178467825201741
"up",1.9,95,"PELT",1,1,1,8,0.020061724940087
"up",1.9,95,"SVP",1,1,1,8,0.020061724940087
"up",1.9,95,"SVP (BIC)",1,1,1,8,0.020061724940087
"up",1.9,96,"PELT",0.875,0.875,0.875,8,0.0230581967996419
"up",1.9,96,"SVP",0.875,0.875,0.875,8,0.0230581967996419
"up",1.9,96,"SVP (BIC)",0.875,0.875,0.875,8,0.0230581967996419
"up",1.9,97,"PELT",0.875,0.875,0.875,8,0.0338749637700946
"up",1.9,97,"SVP",0.875,0.875,0.875,8,0.0338749637700946
"up",1.9,97,"SVP (BIC)",0.875,0.875,0.875,8,0.0338749637700946
"up",1.9,98,"PELT",0.875,0.875,0.875,8,0.0337144598244211
"up",1.9,98,"SVP",0.875,0.875,0.875,8,0.0337144598244211
"up",1.9,98,"SVP (BIC)",0.875,0.875,0.875,8,0.0337144598244211
"up",1.9,99,"PELT",1,1,1,8,0.0169432829458789
"up",1.9,99,"SVP",1,1,1,8,0.0169432829458789
"up",1.9,99,"SVP (BIC)",1,1,1,8,0.0169432829458789
"up",1.9,100,"PELT",0.875,0.875,0.875,8,0.0320032028035044
"up",1.9,100,"SVP",0.875,0.875,0.875,8,0.0320032028035044
"up",1.9,100,"SVP (BIC)",0.875,0.875,0.875,8,0.0320032028035044
"updown",1.9,1,"PELT",0.75,0.75,0.75,8,0.0306891960629822
"updown",1.9,1,"SVP",0.75,0.75,0.75,8,0.0306891960629822
"updown",1.9,1,"SVP (BIC)",0.75,0.75,0.75,8,0.0306891960629822
"updown",1.9,2,"PELT",1,1,1,8,0.0204139708166108
"updown",1.9,2,"SVP",1,1,1,8,0.0204139708166108
"updown",1.9,2,"SVP (BIC)",1,1,1,8,0.0204139708166108
"updown",1.9,3,"PELT",1,1,1,8,0.0186087330776722
"updown",1.9,3,"SVP",1,1,1,8,0.0186087330776722
"updown",1.9,3,"SVP (BIC)",1,1,1,8,0.0186087330776722
"updown",1.9,4,"PELT",1,1,1,8,0.0300223579979468
"updown",1.9,4,"SVP",1,1,1,8,0.0300223579979468
"updown",1.9,4,"SVP (BIC)",1,1,1,8,0.0300223579979468
"updown",1.9,5,"PELT",0.875,0.875,0.875,8,0.0514745427278393
"updown",1.9,5,"SVP",0.875,0.875,0.875,8,0.0514745427278393
"updown",1.9,5,"SVP (BIC)",0.875,0.875,0.875,8,0.0514745427278393
"updown",1.9,6,"PELT",1,1,1,8,0.0190964049799384
"updown",1.9,6,"SVP",1,1,1,8,0.0190964049799384
"updown",1.9,6,"SVP (BIC)",1,1,1,8,0.0190964049799384
"updown",1.9,7,"PELT",0.875,0.875,0.875,8,0.0425546675937344
"updown",1.9,7,"SVP",0.875,0.875,0.875,8,0.0425546675937344
"updown",1.9,7,"SVP (BIC)",0.875,0.875,0.875,8,0.0425546675937344
"updown",1.9,8,"PELT",0.875,0.875,0.875,8,0.0338207986105907
"updown",1.9,8,"SVP",0.875,0.875,0.875,8,0.0338207986105907
"updown",1.9,8,"SVP (BIC)",0.875,0.875,0.875,8,0.0338207986105907
"updown",1.9,9,"PELT",0.875,0.875,0.875,8,0.0382291250774876
"updown",1.9,9,"SVP",0.875,0.875,0.875,8,0.0382291250774876
"updown",1.9,9,"SVP (BIC)",0.875,0.875,0.875,8,0.0382291250774876
"updown",1.9,10,"PELT",0.875,0.875,0.875,8,0.0262999407600372
"updown",1.9,10,"SVP",0.875,0.875,0.875,8,0.0262999407600372
"updown",1.9,10,"SVP (BIC)",0.875,0.875,0.875,8,0.0262999407600372
"updown",1.9,11,"PELT",0.875,0.875,0.875,8,0.0281982974002117
"updown",1.9,11,"SVP",0.875,0.875,0.875,8,0.0281982974002117
"updown",1.9,11,"SVP (BIC)",0.875,0.875,0.875,8,0.0281982974002117
"updown",1.9,12,"PELT",1,1,1,8,0.0147159965126455
"updown",1.9,12,"SVP",1,1,1,8,0.0147159965126455
"updown",1.9,12,"SVP (BIC)",1,1,1,8,0.0147159965126455
"updown",1.9,13,"PELT",0.555555555555556,0.625,0.588235294117647,9,0.105082580432809
"updown",1.9,13,"SVP",0.625,0.625,0.625,8,0.0905163329456688
"updown",1.9,13,"SVP (BIC)",0.625,0.625,0.625,8,0.0905163329456688
"updown",1.9,14,"PELT",0.75,0.75,0.75,8,0.0331116987406261
"updown",1.9,14,"SVP",0.75,0.75,0.75,8,0.0331116987406261
"updown",1.9,14,"SVP (BIC)",0.75,0.75,0.75,8,0.0331116987406261
"updown",1.9,15,"PELT",0.875,0.875,0.875,8,0.0230859816360102
"updown",1.9,15,"SVP",0.875,0.875,0.875,8,0.0230859816360102
"updown",1.9,15,"SVP (BIC)",0.875,0.875,0.875,8,0.0230859816360102
"updown",1.9,16,"PELT",0.875,0.875,0.875,8,0.022408487344785
"updown",1.9,16,"SVP",0.875,0.875,0.875,8,0.022408487344785
"updown",1.9,16,"SVP (BIC)",0.875,0.875,0.875,8,0.022408487344785
"updown",1.9,17,"PELT",1,1,1,8,0.0114277999703614
"updown",1.9,17,"SVP",1,1,1,8,0.0114277999703614
"updown",1.9,17,"SVP (BIC)",1,1,1,8,0.0114277999703614
"updown",1.9,18,"PELT",1,1,1,8,0.0257630380339911
"updown",1.9,18,"SVP",1,1,1,8,0.0257630380339911
"updown",1.9,18,"SVP (BIC)",1,1,1,8,0.0257630380339911
"updown",1.9,19,"PELT",1,1,1,8,0.0151443864653272
"updown",1.9,19,"SVP",1,1,1,8,0.0151443864653272
"updown",1.9,19,"SVP (BIC)",1,1,1,8,0.0151443864653272
"updown",1.9,20,"PELT",1,1,1,8,0.0275465491809277
"updown",1.9,20,"SVP",1,1,1,8,0.0275465491809277
"updown",1.9,20,"SVP (BIC)",1,1,1,8,0.0275465491809277
"updown",1.9,21,"PELT",0.75,0.75,0.75,8,0.0514236426651702
"updown",1.9,21,"SVP",0.75,0.75,0.75,8,0.0514236426651702
"updown",1.9,21,"SVP (BIC)",0.75,0.75,0.75,8,0.0514236426651702
"updown",1.9,22,"PELT",0.888888888888889,1,0.941176470588235,9,0.0442070431667512
"updown",1.9,22,"SVP",1,1,1,8,0.027214646611398
"updown",1.9,22,"SVP (BIC)",1,1,1,8,0.027214646611398
"updown",1.9,23,"PELT",1,1,1,8,0.0176465976471952
"updown",1.9,23,"SVP",1,1,1,8,0.0176465976471952
"updown",1.9,23,"SVP (BIC)",1,1,1,8,0.0176465976471952
"updown",1.9,24,"PELT",0.875,0.875,0.875,8,0.0309110873465474
"updown",1.9,24,"SVP",0.875,0.875,0.875,8,0.0309110873465474
"updown",1.9,24,"SVP (BIC)",0.875,0.875,0.875,8,0.0309110873465474
"updown",1.9,25,"PELT",1,1,1,8,0.0126925710222163
"updown",1.9,25,"SVP",1,1,1,8,0.0126925710222163
"updown",1.9,25,"SVP (BIC)",1,1,1,8,0.0126925710222163
"updown",1.9,26,"PELT",1,1,1,8,0.0189202493325572
"updown",1.9,26,"SVP",1,1,1,8,0.0189202493325572
"updown",1.9,26,"SVP (BIC)",1,1,1,8,0.0189202493325572
"updown",1.9,27,"PELT",1,1,1,8,0.029009168937586
"updown",1.9,27,"SVP",1,1,1,8,0.029009168937586
"updown",1.9,27,"SVP (BIC)",1,1,1,8,0.029009168937586
"updown",1.9,28,"PELT",1,1,1,8,0.0408967107747609
"updown",1.9,28,"SVP",1,1,1,8,0.0408967107747609
"updown",1.9,28,"SVP (BIC)",1,1,1,8,0.0408967107747609
"updown",1.9,29,"PELT",1,1,1,8,0.0177613667819678
"updown",1.9,29,"SVP",1,1,1,8,0.0177613667819678
"updown",1.9,29,"SVP (BIC)",1,1,1,8,0.0177613667819678
"updown",1.9,30,"PELT",1,1,1,8,0.00764697381232246
"updown",1.9,30,"SVP",1,1,1,8,0.00764697381232246
"updown",1.9,30,"SVP (BIC)",1,1,1,8,0.00764697381232246
"updown",1.9,31,"PELT",0.875,0.875,0.875,8,0.0334773000415237
"updown",1.9,31,"SVP",0.875,0.875,0.875,8,0.0334773000415237
"updown",1.9,31,"SVP (BIC)",0.875,0.875,0.875,8,0.0334773000415237
"updown",1.9,32,"PELT",1,1,1,8,0.0332099470291127
"updown",1.9,32,"SVP",1,1,1,8,0.0332099470291127
"updown",1.9,32,"SVP (BIC)",1,1,1,8,0.0332099470291127
"updown",1.9,33,"PELT",1,1,1,8,0.0210850904502042
"updown",1.9,33,"SVP",1,1,1,8,0.0210850904502042
"updown",1.9,33,"SVP (BIC)",1,1,1,8,0.0210850904502042
"updown",1.9,34,"PELT",0.875,0.875,0.875,8,0.0182857783030189
"updown",1.9,34,"SVP",0.875,0.875,0.875,8,0.0182857783030189
"updown",1.9,34,"SVP (BIC)",0.875,0.875,0.875,8,0.0182857783030189
"updown",1.9,35,"PELT",1,1,1,8,0.0122260663490712
"updown",1.9,35,"SVP",1,1,1,8,0.0122260663490712
"updown",1.9,35,"SVP (BIC)",1,1,1,8,0.0122260663490712
"updown",1.9,36,"PELT",1,1,1,8,0.0216348830024556
"updown",1.9,36,"SVP",1,1,1,8,0.0216348830024556
"updown",1.9,36,"SVP (BIC)",1,1,1,8,0.0216348830024556
"updown",1.9,37,"PELT",0.875,0.875,0.875,8,0.0322992516794448
"updown",1.9,37,"SVP",0.875,0.875,0.875,8,0.0322992516794448
"updown",1.9,37,"SVP (BIC)",0.875,0.875,0.875,8,0.0322992516794448
"updown",1.9,38,"PELT",0.875,0.875,0.875,8,0.027799001555127
"updown",1.9,38,"SVP",0.875,0.875,0.875,8,0.027799001555127
"updown",1.9,38,"SVP (BIC)",0.875,0.875,0.875,8,0.027799001555127
"updown",1.9,39,"PELT",1,1,1,8,0.0281580498282905
"updown",1.9,39,"SVP",1,1,1,8,0.0281580498282905
"updown",1.9,39,"SVP (BIC)",1,1,1,8,0.0281580498282905
"updown",1.9,40,"PELT",1,1,1,8,0.0164038887063757
"updown",1.9,40,"SVP",1,1,1,8,0.0164038887063757
"updown",1.9,40,"SVP (BIC)",1,1,1,8,0.0164038887063757
"updown",1.9,41,"PELT",1,1,1,8,0.0149672457960771
"updown",1.9,41,"SVP",1,1,1,8,0.0149672457960771
"updown",1.9,41,"SVP (BIC)",1,1,1,8,0.0149672457960771
"updown",1.9,42,"PELT",1,1,1,8,0.0192105664537642
"updown",1.9,42,"SVP",1,1,1,8,0.0192105664537642
"updown",1.9,42,"SVP (BIC)",1,1,1,8,0.0192105664537642
"updown",1.9,43,"PELT",0.875,0.875,0.875,8,0.0185709174552328
"updown",1.9,43,"SVP",0.875,0.875,0.875,8,0.0185709174552328
"updown",1.9,43,"SVP (BIC)",0.875,0.875,0.875,8,0.0185709174552328
"updown",1.9,44,"PELT",0.875,0.875,0.875,8,0.0338049535422694
"updown",1.9,44,"SVP",0.875,0.875,0.875,8,0.0338049535422694
"updown",1.9,44,"SVP (BIC)",0.875,0.875,0.875,8,0.0338049535422694
"updown",1.9,45,"PELT",1,1,1,8,0.0240570972989175
"updown",1.9,45,"SVP",1,1,1,8,0.0240570972989175
"updown",1.9,45,"SVP (BIC)",1,1,1,8,0.0240570972989175
"updown",1.9,46,"PELT",1,1,1,8,0.0180893891882207
"updown",1.9,46,"SVP",1,1,1,8,0.0180893891882207
"updown",1.9,46,"SVP (BIC)",1,1,1,8,0.0180893891882207
"updown",1.9,47,"PELT",1,1,1,8,0.00479107687970677
"updown",1.9,47,"SVP",1,1,1,8,0.00479107687970677
"updown",1.9,47,"SVP (BIC)",1,1,1,8,0.00479107687970677
"updown",1.9,48,"PELT",0.888888888888889,1,0.941176470588235,9,0.027747273453559
"updown",1.9,48,"SVP",1,1,1,8,0.0122622399002385
"updown",1.9,48,"SVP (BIC)",1,1,1,8,0.0122622399002385
"updown",1.9,49,"PELT",1,1,1,8,0.0168719947919781
"updown",1.9,49,"SVP",1,1,1,8,0.0168719947919781
"updown",1.9,49,"SVP (BIC)",1,1,1,8,0.0168719947919781
"updown",1.9,50,"PELT",1,1,1,8,0.03853257811119
"updown",1.9,50,"SVP",1,1,1,8,0.03853257811119
"updown",1.9,50,"SVP (BIC)",1,1,1,8,0.03853257811119
"updown",1.9,51,"PELT",1,1,1,8,0.0252002066359021
"updown",1.9,51,"SVP",1,1,1,8,0.0252002066359021
"updown",1.9,51,"SVP (BIC)",1,1,1,8,0.0252002066359021
"updown",1.9,52,"PELT",1,1,1,8,0.0281473803537933
"updown",1.9,52,"SVP",1,1,1,8,0.0281473803537933
"updown",1.9,52,"SVP (BIC)",1,1,1,8,0.0281473803537933
"updown",1.9,53,"PELT",1,1,1,8,0.0124882618867455
"updown",1.9,53,"SVP",1,1,1,8,0.0124882618867455
"updown",1.9,53,"SVP (BIC)",1,1,1,8,0.0124882618867455
"updown",1.9,54,"PELT",1,1,1,8,0.0260304853791103
"updown",1.9,54,"SVP",1,1,1,8,0.0260304853791103
"updown",1.9,54,"SVP (BIC)",1,1,1,8,0.0260304853791103
"updown",1.9,55,"PELT",1,1,1,8,0.0289005159930121
"updown",1.9,55,"SVP",1,1,1,8,0.0289005159930121
"updown",1.9,55,"SVP (BIC)",1,1,1,8,0.0289005159930121
"updown",1.9,56,"PELT",0.875,0.875,0.875,8,0.0325991358245225
"updown",1.9,56,"SVP",0.875,0.875,0.875,8,0.0325991358245225
"updown",1.9,56,"SVP (BIC)",0.875,0.875,0.875,8,0.0325991358245225
"updown",1.9,57,"PELT",0.875,0.875,0.875,8,0.0282150219796433
"updown",1.9,57,"SVP",0.875,0.875,0.875,8,0.0282150219796433
"updown",1.9,57,"SVP (BIC)",0.875,0.875,0.875,8,0.0282150219796433
"updown",1.9,58,"PELT",1,1,1,8,0.0289170985458325
"updown",1.9,58,"SVP",1,1,1,8,0.0289170985458325
"updown",1.9,58,"SVP (BIC)",1,1,1,8,0.0289170985458325
"updown",1.9,59,"PELT",0.875,0.875,0.875,8,0.0206279724341069
"updown",1.9,59,"SVP",0.875,0.875,0.875,8,0.0206279724341069
"updown",1.9,59,"SVP (BIC)",0.875,0.875,0.875,8,0.0206279724341069
"updown",1.9,60,"PELT",0.875,0.875,0.875,8,0.0341433984459543
"updown",1.9,60,"SVP",0.875,0.875,0.875,8,0.0341433984459543
"updown",1.9,60,"SVP (BIC)",0.875,0.875,0.875,8,0.0341433984459543
"updown",1.9,61,"PELT",1,1,1,8,0.0190648844176827
"updown",1.9,61,"SVP",1,1,1,8,0.0190648844176827
"updown",1.9,61,"SVP (BIC)",1,1,1,8,0.0190648844176827
"updown",1.9,62,"PELT",0.875,0.875,0.875,8,0.0367703348207079
"updown",1.9,62,"SVP",0.875,0.875,0.875,8,0.0367703348207079
"updown",1.9,62,"SVP (BIC)",0.875,0.875,0.875,8,0.0367703348207079
"updown",1.9,63,"PELT",1,1,1,8,0.0405704405459327
"updown",1.9,63,"SVP",1,1,1,8,0.0405704405459327
"updown",1.9,63,"SVP (BIC)",1,1,1,8,0.0405704405459327
"updown",1.9,64,"PELT",1,1,1,8,0.01810806973325
"updown",1.9,64,"SVP",1,1,1,8,0.01810806973325
"updown",1.9,64,"SVP (BIC)",1,1,1,8,0.01810806973325
"updown",1.9,65,"PELT",0.8,1,0.888888888888889,10,0.0403712841134383
"updown",1.9,65,"SVP",0.888888888888889,1,0.941176470588235,9,0.0222094734230522
"updown",1.9,65,"SVP (BIC)",1,1,1,8,0.0111866729740094
"updown",1.9,66,"PELT",0.888888888888889,1,0.941176470588235,9,0.0348623580206664
"updown",1.9,66,"SVP",1,1,1,8,0.017991060246448
"updown",1.9,66,"SVP (BIC)",1,1,1,8,0.017991060246448
"updown",1.9,67,"PELT",1,1,1,8,0.0168543703509053
"updown",1.9,67,"SVP",1,1,1,8,0.0168543703509053
"updown",1.9,67,"SVP (BIC)",1,1,1,8,0.0168543703509053
"updown",1.9,68,"PELT",0.875,0.875,0.875,8,0.0243630652607803
"updown",1.9,68,"SVP",0.875,0.875,0.875,8,0.0243630652607803
"updown",1.9,68,"SVP (BIC)",0.875,0.875,0.875,8,0.0243630652607803
"updown",1.9,69,"PELT",0.875,0.875,0.875,8,0.0358474753212404
"updown",1.9,69,"SVP",0.875,0.875,0.875,8,0.0358474753212404
"updown",1.9,69,"SVP (BIC)",0.875,0.875,0.875,8,0.0358474753212404
"updown",1.9,70,"PELT",1,1,1,8,0.0196980628255104
"updown",1.9,70,"SVP",1,1,1,8,0.0196980628255104
"updown",1.9,70,"SVP (BIC)",1,1,1,8,0.0196980628255104
"updown",1.9,71,"PELT",1,1,1,8,0.0108540609906684
"updown",1.9,71,"SVP",1,1,1,8,0.0108540609906684
"updown",1.9,71,"SVP (BIC)",1,1,1,8,0.0108540609906684
"updown",1.9,72,"PELT",0.875,0.875,0.875,8,0.034988951306014
"updown",1.9,72,"SVP",0.875,0.875,0.875,8,0.034988951306014
"updown",1.9,72,"SVP (BIC)",0.875,0.875,0.875,8,0.034988951306014
"updown",1.9,73,"PELT",1,1,1,8,0.0179220932374188
"updown",1.9,73,"SVP",1,1,1,8,0.0179220932374188
"updown",1.9,73,"SVP (BIC)",1,1,1,8,0.0179220932374188
"updown",1.9,74,"PELT",1,1,1,8,0.0113604443460262
"updown",1.9,74,"SVP",1,1,1,8,0.0113604443460262
"updown",1.9,74,"SVP (BIC)",1,1,1,8,0.0113604443460262
"updown",1.9,75,"PELT",1,1,1,8,0.0283268906546947
"updown",1.9,75,"SVP",1,1,1,8,0.0283268906546947
"updown",1.9,75,"SVP (BIC)",1,1,1,8,0.0283268906546947
"updown",1.9,76,"PELT",0.777777777777778,0.875,0.823529411764706,9,0.044176422992164
"updown",1.9,76,"SVP",0.875,0.875,0.875,8,0.0262654870553062
"updown",1.9,76,"SVP (BIC)",0.875,0.875,0.875,8,0.0262654870553062
"updown",1.9,77,"PELT",1,1,1,8,0.0212800396173751
"updown",1.9,77,"SVP",1,1,1,8,0.0212800396173751
"updown",1.9,77,"SVP (BIC)",1,1,1,8,0.0212800396173751
"updown",1.9,78,"PELT",0.875,0.875,0.875,8,0.0149659734573442
"updown",1.9,78,"SVP",0.875,0.875,0.875,8,0.0149659734573442
"updown",1.9,78,"SVP (BIC)",0.875,0.875,0.875,8,0.0149659734573442
"updown",1.9,79,"PELT",0.75,0.75,0.75,8,0.0552957521414129
"updown",1.9,79,"SVP",0.75,0.75,0.75,8,0.0552957521414129
"updown",1.9,79,"SVP (BIC)",0.75,0.75,0.75,8,0.0552957521414129
"updown",1.9,80,"PELT",0.875,0.875,0.875,8,0.0187787958208405
"updown",1.9,80,"SVP",0.875,0.875,0.875,8,0.0187787958208405
"updown",1.9,80,"SVP (BIC)",0.875,0.875,0.875,8,0.0187787958208405
"updown",1.9,81,"PELT",1,1,1,8,0.0121326412325041
"updown",1.9,81,"SVP",1,1,1,8,0.0121326412325041
"updown",1.9,81,"SVP (BIC)",1,1,1,8,0.0121326412325041
"updown",1.9,82,"PELT",1,1,1,8,0.0129703717752886
"updown",1.9,82,"SVP",1,1,1,8,0.0129703717752886
"updown",1.9,82,"SVP (BIC)",1,1,1,8,0.0129703717752886
"updown",1.9,83,"PELT",1,1,1,8,0.032487757153323
"updown",1.9,83,"SVP",1,1,1,8,0.032487757153323
"updown",1.9,83,"SVP (BIC)",1,1,1,8,0.032487757153323
"updown",1.9,84,"PELT",1,1,1,8,0.0263389336963519
"updown",1.9,84,"SVP",1,1,1,8,0.0263389336963519
"updown",1.9,84,"SVP (BIC)",1,1,1,8,0.0263389336963519
"updown",1.9,85,"PELT",1,1,1,8,0.0216319388193069
"updown",1.9,85,"SVP",1,1,1,8,0.0216319388193069
"updown",1.9,85,"SVP (BIC)",1,1,1,8,0.0216319388193069
"updown",1.9,86,"PELT",1,1,1,8,0.0256896218864779
"updown",1.9,86,"SVP",1,1,1,8,0.0256896218864779
"updown",1.9,86,"SVP (BIC)",1,1,1,8,0.0256896218864779
"updown",1.9,87,"PELT",0.777777777777778,0.875,0.823529411764706,9,0.0420485231454644
"updown",1.9,87,"SVP",0.777777777777778,0.875,0.823529411764706,9,0.0420485231454644
"updown",1.9,87,"SVP (BIC)",0.875,0.875,0.875,8,0.0225581156490414
"updown",1.9,88,"PELT",1,1,1,8,0.0220859500675899
"updown",1.9,88,"SVP",1,1,1,8,0.0220859500675899
"updown",1.9,88,"SVP (BIC)",1,1,1,8,0.0220859500675899
"updown",1.9,89,"PELT",1,1,1,8,0.0186911755117194
"updown",1.9,89,"SVP",1,1,1,8,0.0186911755117194
"updown",1.9,89,"SVP (BIC)",1,1,1,8,0.0186911755117194
"updown",1.9,90,"PELT",1,1,1,8,0.00639553437615727
"updown",1.9,90,"SVP",1,1,1,8,0.00639553437615727
"updown",1.9,90,"SVP (BIC)",1,1,1,8,0.00639553437615727
"updown",1.9,91,"PELT",1,1,1,8,0.0161947479495993
"updown",1.9,91,"SVP",1,1,1,8,0.0161947479495993
"updown",1.9,91,"SVP (BIC)",1,1,1,8,0.0161947479495993
"updown",1.9,92,"PELT",0.625,0.625,0.625,8,0.0603930463194504
"updown",1.9,92,"SVP",0.625,0.625,0.625,8,0.0603930463194504
"updown",1.9,92,"SVP (BIC)",0.625,0.625,0.625,8,0.0603930463194504
"updown",1.9,93,"PELT",1,1,1,8,0.023626347740626
"updown",1.9,93,"SVP",1,1,1,8,0.023626347740626
"updown",1.9,93,"SVP (BIC)",1,1,1,8,0.023626347740626
"updown",1.9,94,"PELT",1,1,1,8,0.00506788977452928
"updown",1.9,94,"SVP",1,1,1,8,0.00506788977452928
"updown",1.9,94,"SVP (BIC)",1,1,1,8,0.00506788977452928
"updown",1.9,95,"PELT",1,1,1,8,0.0133664983196631
"updown",1.9,95,"SVP",1,1,1,8,0.0133664983196631
"updown",1.9,95,"SVP (BIC)",1,1,1,8,0.0133664983196631
"updown",1.9,96,"PELT",1,1,1,8,0.0125906876542142
"updown",1.9,96,"SVP",1,1,1,8,0.0125906876542142
"updown",1.9,96,"SVP (BIC)",1,1,1,8,0.0125906876542142
"updown",1.9,97,"PELT",0.875,0.875,0.875,8,0.0441816560577102
"updown",1.9,97,"SVP",0.875,0.875,0.875,8,0.0441816560577102
"updown",1.9,97,"SVP (BIC)",0.875,0.875,0.875,8,0.0441816560577102
"updown",1.9,98,"PELT",1,1,1,8,0.021543509929858
"updown",1.9,98,"SVP",1,1,1,8,0.021543509929858
"updown",1.9,98,"SVP (BIC)",1,1,1,8,0.021543509929858
"updown",1.9,99,"PELT",0.875,0.875,0.875,8,0.0150024005450957
"updown",1.9,99,"SVP",0.875,0.875,0.875,8,0.0150024005450957
"updown",1.9,99,"SVP (BIC)",0.875,0.875,0.875,8,0.0150024005450957
"updown",1.9,100,"PELT",0.777777777777778,0.875,0.823529411764706,9,0.0470535762069385
"updown",1.9,100,"SVP",1,1,1,8,0.0253961817216788
"updown",1.9,100,"SVP (BIC)",1,1,1,8,0.0253961817216788
"rand1",1.9,1,"PELT",0.857142857142857,0.75,0.8,7,0.00903514479257387
"rand1",1.9,1,"SVP",0.833333333333333,0.625,0.714285714285714,6,0.0183433051254574
"rand1",1.9,1,"SVP (BIC)",1,0.625,0.769230769230769,5,0.0390111624459851
"rand1",1.9,2,"PELT",0.714285714285714,0.625,0.666666666666667,7,0.0118706536008717
"rand1",1.9,2,"SVP",0.833333333333333,0.625,0.714285714285714,6,0.0172915678248939
"rand1",1.9,2,"SVP (BIC)",0.833333333333333,0.625,0.714285714285714,6,0.0172915678248939
"rand1",1.9,3,"PELT",0.714285714285714,0.625,0.666666666666667,7,0.0349439194028602
"rand1",1.9,3,"SVP",0.714285714285714,0.625,0.666666666666667,7,0.0349439194028602
"rand1",1.9,3,"SVP (BIC)",0.714285714285714,0.625,0.666666666666667,7,0.0349439194028602
"rand1",1.9,4,"PELT",0.857142857142857,0.75,0.8,7,0.0167606402580782
"rand1",1.9,4,"SVP",0.857142857142857,0.75,0.8,7,0.0167606402580782
"rand1",1.9,4,"SVP (BIC)",0.833333333333333,0.625,0.714285714285714,6,0.045476090714928
"rand1",1.9,5,"PELT",0.625,0.625,0.625,8,0.0288370102655532
"rand1",1.9,5,"SVP",0.833333333333333,0.625,0.714285714285714,6,0.0175795541383062
"rand1",1.9,5,"SVP (BIC)",1,0.625,0.769230769230769,5,0.0342116838647435
"rand1",1.9,6,"PELT",1,0.75,0.857142857142857,6,0.029716195308309
"rand1",1.9,6,"SVP",1,0.75,0.857142857142857,6,0.029716195308309
"rand1",1.9,6,"SVP (BIC)",1,0.75,0.857142857142857,6,0.029716195308309
"rand1",1.9,7,"PELT",0.714285714285714,0.625,0.666666666666667,7,0.0173749870942701
"rand1",1.9,7,"SVP",0.714285714285714,0.625,0.666666666666667,7,0.0173749870942701
"rand1",1.9,7,"SVP (BIC)",0.833333333333333,0.625,0.714285714285714,6,0.0231369791804814
"rand1",1.9,8,"PELT",0.75,0.75,0.75,8,0.04125631572233
"rand1",1.9,8,"SVP",0.857142857142857,0.75,0.8,7,0.02188480913743
"rand1",1.9,8,"SVP (BIC)",0.857142857142857,0.75,0.8,7,0.02188480913743
"rand1",1.9,9,"PELT",0.857142857142857,0.75,0.8,7,0.0139981527790304
"rand1",1.9,9,"SVP",0.857142857142857,0.75,0.8,7,0.0139981527790304
"rand1",1.9,9,"SVP (BIC)",0.833333333333333,0.625,0.714285714285714,6,0.0212552409283771
"rand1",1.9,10,"PELT",1,0.75,0.857142857142857,6,0.0176815947820112
"rand1",1.9,10,"SVP",1,0.75,0.857142857142857,6,0.0176815947820112
"rand1",1.9,10,"SVP (BIC)",1,0.75,0.857142857142857,6,0.0176815947820112
"rand1",1.9,11,"PELT",1,0.75,0.857142857142857,6,0.038995667465984
"rand1",1.9,11,"SVP",1,0.75,0.857142857142857,6,0.038995667465984
"rand1",1.9,11,"SVP (BIC)",1,0.75,0.857142857142857,6,0.038995667465984
"rand1",1.9,12,"PELT",1,0.875,0.933333333333333,7,0.0118874424013489
"rand1",1.9,12,"SVP",1,0.875,0.933333333333333,7,0.0118874424013489
"rand1",1.9,12,"SVP (BIC)",1,0.75,0.857142857142857,6,0.0198309141723609
"rand1",1.9,13,"PELT",0.833333333333333,0.625,0.714285714285714,6,0.0265921662165187
"rand1",1.9,13,"SVP",1,0.625,0.769230769230769,5,0.0448940534457703
"rand1",1.9,13,"SVP (BIC)",1,0.625,0.769230769230769,5,0.0448940534457703
"rand1",1.9,14,"PELT",0.833333333333333,0.625,0.714285714285714,6,0.033066764581302
"rand1",1.9,14,"SVP",0.833333333333333,0.625,0.714285714285714,6,0.033066764581302
"rand1",1.9,14,"SVP (BIC)",1,0.625,0.769230769230769,5,0.0543731971249517
"rand1",1.9,15,"PELT",0.714285714285714,0.625,0.666666666666667,7,0.0542086221163333
"rand1",1.9,15,"SVP",0.833333333333333,0.625,0.714285714285714,6,0.0365212329772313
"rand1",1.9,15,"SVP (BIC)",0.833333333333333,0.625,0.714285714285714,6,0.0365212329772313
"rand1",1.9,16,"PELT",0.857142857142857,0.75,0.8,7,0.0120032880128094
"rand1",1.9,16,"SVP",0.857142857142857,0.75,0.8,7,0.0120032880128094
"rand1",1.9,16,"SVP (BIC)",0.857142857142857,0.75,0.8,7,0.0120032880128094
"rand1",1.9,17,"PELT",0.857142857142857,0.75,0.8,7,0.0151538821073008
"rand1",1.9,17,"SVP",1,0.625,0.769230769230769,5,0.0460663538624707
"rand1",1.9,17,"SVP (BIC)",1,0.625,0.769230769230769,5,0.0460663538624707
"rand1",1.9,18,"PELT",1,0.625,0.769230769230769,5,0.0466566433568392
"rand1",1.9,18,"SVP",1,0.625,0.769230769230769,5,0.0466566433568392
"rand1",1.9,18,"SVP (BIC)",1,0.625,0.769230769230769,5,0.0466566433568392
"rand1",1.9,19,"PELT",0.714285714285714,0.625,0.666666666666667,7,0.0255305072773768
"rand1",1.9,19,"SVP",0.833333333333333,0.625,0.714285714285714,6,0.0196590677025494
"rand1",1.9,19,"SVP (BIC)",0.833333333333333,0.625,0.714285714285714,6,0.0196590677025494
"rand1",1.9,20,"PELT",0.714285714285714,0.625,0.666666666666667,7,0.048516197610805
"rand1",1.9,20,"SVP",0.833333333333333,0.625,0.714285714285714,6,0.0510669403488718
"rand1",1.9,20,"SVP (BIC)",1,0.625,0.769230769230769,5,0.0648593997596433
"rand1",1.9,21,"PELT",0.714285714285714,0.625,0.666666666666667,7,0.0284446942216041
"rand1",1.9,21,"SVP",0.714285714285714,0.625,0.666666666666667,7,0.0284446942216041
"rand1",1.9,21,"SVP (BIC)",1,0.625,0.769230769230769,5,0.0571508941444072
"rand1",1.9,22,"PELT",0.714285714285714,0.625,0.666666666666667,7,0.0153729992732803
"rand1",1.9,22,"SVP",0.833333333333333,0.625,0.714285714285714,6,0.023151562287632
"rand1",1.9,22,"SVP (BIC)",0.833333333333333,0.625,0.714285714285714,6,0.023151562287632
"rand1",1.9,23,"PELT",0.714285714285714,0.625,0.666666666666667,7,0.0386823496345492
"rand1",1.9,23,"SVP",1,0.625,0.769230769230769,5,0.0570449028732817
"rand1",1.9,23,"SVP (BIC)",1,0.625,0.769230769230769,5,0.0570449028732817
"rand1",1.9,24,"PELT",0.857142857142857,0.75,0.8,7,0.0192056408693182
"rand1",1.9,24,"SVP",0.857142857142857,0.75,0.8,7,0.0192056408693182
"rand1",1.9,24,"SVP (BIC)",0.833333333333333,0.625,0.714285714285714,6,0.0274529247306881
"rand1",1.9,25,"PELT",0.875,0.875,0.875,8,0.0193750763850307
"rand1",1.9,25,"SVP",1,0.75,0.857142857142857,6,0.0154748242741577
"rand1",1.9,25,"SVP (BIC)",1,0.625,0.769230769230769,5,0.037279932285166
"rand1",1.9,26,"PELT",0.833333333333333,0.625,0.714285714285714,6,0.0516729893495135
"rand1",1.9,26,"SVP",0.833333333333333,0.625,0.714285714285714,6,0.0516729893495135
"rand1",1.9,26,"SVP (BIC)",0.833333333333333,0.625,0.714285714285714,6,0.0516729893495135
"rand1",1.9,27,"PELT",0.714285714285714,0.625,0.666666666666667,7,0.00986664671252319
"rand1",1.9,27,"SVP",0.714285714285714,0.625,0.666666666666667,7,0.00986664671252319
"rand1",1.9,27,"SVP (BIC)",1,0.625,0.769230769230769,5,0.0349459613716831
"rand1",1.9,28,"PELT",0.714285714285714,0.625,0.666666666666667,7,0.0214777251141956
"rand1",1.9,28,"SVP",0.833333333333333,0.625,0.714285714285714,6,0.0294971104258995
"rand1",1.9,28,"SVP (BIC)",0.833333333333333,0.625,0.714285714285714,6,0.0294971104258995
"rand1",1.9,29,"PELT",0.857142857142857,0.75,0.8,7,0.0202127888198567
"rand1",1.9,29,"SVP",1,0.75,0.857142857142857,6,0.0220302381228011
"rand1",1.9,29,"SVP (BIC)",1,0.75,0.857142857142857,6,0.0220302381228011
"rand1",1.9,30,"PELT",1,0.75,0.857142857142857,6,0.014070307757984
"rand1",1.9,30,"SVP",0.857142857142857,0.75,0.8,7,0.00557027234305643
"rand1",1.9,30,"SVP (BIC)",1,0.75,0.857142857142857,6,0.014070307757984
"rand1",1.9,31,"PELT",0.714285714285714,0.625,0.666666666666667,7,0.0372125061239522
"rand1",1.9,31,"SVP",0.833333333333333,0.625,0.714285714285714,6,0.0424597543178077
"rand1",1.9,31,"SVP (BIC)",0.833333333333333,0.625,0.714285714285714,6,0.0424597543178077
"rand1",1.9,32,"PELT",1,0.75,0.857142857142857,6,0.0343809912770178
"rand1",1.9,32,"SVP",1,0.75,0.857142857142857,6,0.0343809912770178
"rand1",1.9,32,"SVP (BIC)",1,0.75,0.857142857142857,6,0.0343809912770178
"rand1",1.9,33,"PELT",0.833333333333333,0.625,0.714285714285714,6,0.0397988600695624
"rand1",1.9,33,"SVP",0.833333333333333,0.625,0.714285714285714,6,0.0397988600695624
"rand1",1.9,33,"SVP (BIC)",0.833333333333333,0.625,0.714285714285714,6,0.0397988600695624
"rand1",1.9,34,"PELT",0.8,0.5,0.615384615384615,5,0.0585117295659215
"rand1",1.9,34,"SVP",0.666666666666667,0.5,0.571428571428572,6,0.0605473300106919
"rand1",1.9,34,"SVP (BIC)",0.8,0.5,0.615384615384615,5,0.0585117295659215
"rand1",1.9,35,"PELT",0.833333333333333,0.625,0.714285714285714,6,0.0168879482396423
"rand1",1.9,35,"SVP",0.833333333333333,0.625,0.714285714285714,6,0.0168879482396423
"rand1",1.9,35,"SVP (BIC)",0.833333333333333,0.625,0.714285714285714,6,0.0168879482396423
"rand1",1.9,36,"PELT",0.833333333333333,0.625,0.714285714285714,6,0.0238099144921956
"rand1",1.9,36,"SVP",0.833333333333333,0.625,0.714285714285714,6,0.0238099144921956
"rand1",1.9,36,"SVP (BIC)",1,0.625,0.769230769230769,5,0.0371525728767296
"rand1",1.9,37,"PELT",0.857142857142857,0.75,0.8,7,0.0430738733728852
"rand1",1.9,37,"SVP",0.833333333333333,0.625,0.714285714285714,6,0.0527251078432424
"rand1",1.9,37,"SVP (BIC)",0.833333333333333,0.625,0.714285714285714,6,0.0527251078432424
"rand1",1.9,38,"PELT",0.833333333333333,0.625,0.714285714285714,6,0.0259933010645476
"rand1",1.9,38,"SVP",0.833333333333333,0.625,0.714285714285714,6,0.0259933010645476
"rand1",1.9,38,"SVP (BIC)",0.833333333333333,0.625,0.714285714285714,6,0.0259933010645476
"rand1",1.9,39,"PELT",0.714285714285714,0.625,0.666666666666667,7,0.0502256084938725
"rand1",1.9,39,"SVP",0.833333333333333,0.625,0.714285714285714,6,0.0596906479921745
"rand1",1.9,39,"SVP (BIC)",0.833333333333333,0.625,0.714285714285714,6,0.0613347172064303
"rand1",1.9,40,"PELT",1,0.75,0.857142857142857,6,0.017830912180883
"rand1",1.9,40,"SVP",1,0.75,0.857142857142857,6,0.017830912180883
"rand1",1.9,40,"SVP (BIC)",1,0.75,0.857142857142857,6,0.017830912180883
"rand1",1.9,41,"PELT",0.75,0.75,0.75,8,0.0435344400084415
"rand1",1.9,41,"SVP",0.857142857142857,0.75,0.8,7,0.0174033925167403
"rand1",1.9,41,"SVP (BIC)",1,0.625,0.769230769230769,5,0.045390542603985
"rand1",1.9,42,"PELT",1,0.875,0.933333333333333,7,0.0194203750728822
"rand1",1.9,42,"SVP",0.833333333333333,0.625,0.714285714285714,6,0.0479296442113294
"rand1",1.9,42,"SVP (BIC)",1,0.75,0.857142857142857,6,0.0489048183925531
"rand1",1.9,43,"PELT",0.833333333333333,0.625,0.714285714285714,6,0.0190768696156954
"rand1",1.9,43,"SVP",1,0.625,0.769230769230769,5,0.0374905635998771
"rand1",1.9,43,"SVP (BIC)",1,0.625,0.769230769230769,5,0.0374905635998771
"rand1",1.9,44,"PELT",0.833333333333333,0.625,0.714285714285714,6,0.0170203210460694
"rand1",1.9,44,"SVP",0.833333333333333,0.625,0.714285714285714,6,0.0170203210460694
"rand1",1.9,44,"SVP (BIC)",1,0.625,0.769230769230769,5,0.0381770128523774
"rand1",1.9,45,"PELT",0.857142857142857,0.75,0.8,7,0.0293784002859082
"rand1",1.9,45,"SVP",0.857142857142857,0.75,0.8,7,0.0293784002859082
"rand1",1.9,45,"SVP (BIC)",0.833333333333333,0.625,0.714285714285714,6,0.0359368392586134
"rand1",1.9,46,"PELT",0.714285714285714,0.625,0.666666666666667,7,0.0274658532961808
"rand1",1.9,46,"SVP",0.833333333333333,0.625,0.714285714285714,6,0.0366955739566025
"rand1",1.9,46,"SVP (BIC)",0.833333333333333,0.625,0.714285714285714,6,0.0356541603873489
"rand1",1.9,47,"PELT",0.833333333333333,0.625,0.714285714285714,6,0.0200865446800089
"rand1",1.9,47,"SVP",1,0.625,0.769230769230769,5,0.0402050483452995
"rand1",1.9,47,"SVP (BIC)",1,0.625,0.769230769230769,5,0.0402050483452995
"rand1",1.9,48,"PELT",0.833333333333333,0.625,0.714285714285714,6,0.0392797811554946
"rand1",1.9,48,"SVP",1,0.625,0.769230769230769,5,0.0550842625756806
"rand1",1.9,48,"SVP (BIC)",1,0.625,0.769230769230769,5,0.0550842625756806
"rand1",1.9,49,"PELT",0.833333333333333,0.625,0.714285714285714,6,0.0300376172984317
"rand1",1.9,49,"SVP",0.833333333333333,0.625,0.714285714285714,6,0.0300376172984317
"rand1",1.9,49,"SVP (BIC)",0.833333333333333,0.625,0.714285714285714,6,0.0300376172984317
"rand1",1.9,50,"PELT",0.714285714285714,0.625,0.666666666666667,7,0.00974347951650244
"rand1",1.9,50,"SVP",0.833333333333333,0.625,0.714285714285714,6,0.0167759039635055
"rand1",1.9,50,"SVP (BIC)",1,0.625,0.769230769230769,5,0.0362430200290088
"rand1",1.9,51,"PELT",1,0.875,0.933333333333333,7,0.0280924749464702
"rand1",1.9,51,"SVP",1,0.625,0.769230769230769,5,0.058354452216546
"rand1",1.9,51,"SVP (BIC)",1,0.625,0.769230769230769,5,0.058354452216546
"rand1",1.9,52,"PELT",0.833333333333333,0.625,0.714285714285714,6,0.0139193746512934
"rand1",1.9,52,"SVP",0.833333333333333,0.625,0.714285714285714,6,0.0139193746512934
"rand1",1.9,52,"SVP (BIC)",1,0.625,0.769230769230769,5,0.0349034228068419
"rand1",1.9,53,"PELT",0.833333333333333,0.625,0.714285714285714,6,0.0273854128898269
"rand1",1.9,53,"SVP",0.714285714285714,0.625,0.666666666666667,7,0.0324061814472371
"rand1",1.9,53,"SVP (BIC)",1,0.625,0.769230769230769,5,0.0470400393724779
"rand1",1.9,54,"PELT",0.714285714285714,0.625,0.666666666666667,7,0.0101195446091299
"rand1",1.9,54,"SVP",0.833333333333333,0.625,0.714285714285714,6,0.0171183203283481
"rand1",1.9,54,"SVP (BIC)",0.833333333333333,0.625,0.714285714285714,6,0.0171183203283481
"rand1",1.9,55,"PELT",0.833333333333333,0.625,0.714285714285714,6,0.0180935515968858
"rand1",1.9,55,"SVP",1,0.625,0.769230769230769,5,0.0360455286580398
"rand1",1.9,55,"SVP (BIC)",1,0.625,0.769230769230769,5,0.0360455286580398
"rand1",1.9,56,"PELT",0.857142857142857,0.75,0.8,7,0.0159682492883025
"rand1",1.9,56,"SVP",1,0.75,0.857142857142857,6,0.021400410355911
"rand1",1.9,56,"SVP (BIC)",1,0.75,0.857142857142857,6,0.021400410355911
"rand1",1.9,57,"PELT",0.833333333333333,0.625,0.714285714285714,6,0.023456495103686
"rand1",1.9,57,"SVP",1,0.625,0.769230769230769,5,0.0423150610612662
"rand1",1.9,57,"SVP (BIC)",1,0.625,0.769230769230769,5,0.0423150610612662
"rand1",1.9,58,"PELT",0.857142857142857,0.75,0.8,7,0.0147429043736436
"rand1",1.9,58,"SVP",0.857142857142857,0.75,0.8,7,0.0147429043736436
"rand1",1.9,58,"SVP (BIC)",0.857142857142857,0.75,0.8,7,0.0147429043736436
"rand1",1.9,59,"PELT",0.857142857142857,0.75,0.8,7,0.0107272800247223
"rand1",1.9,59,"SVP",0.857142857142857,0.75,0.8,7,0.0107272800247223
"rand1",1.9,59,"SVP (BIC)",0.833333333333333,0.625,0.714285714285714,6,0.0251529891330397
"rand1",1.9,60,"PELT",1,0.75,0.857142857142857,6,0.0312495877794871
"rand1",1.9,60,"SVP",1,0.75,0.857142857142857,6,0.0312495877794871
"rand1",1.9,60,"SVP (BIC)",1,0.625,0.769230769230769,5,0.0530151391663425
"rand1",1.9,61,"PELT",0.714285714285714,0.625,0.666666666666667,7,0.0199768265232637
"rand1",1.9,61,"SVP",0.833333333333333,0.625,0.714285714285714,6,0.0215669141736879
"rand1",1.9,61,"SVP (BIC)",0.833333333333333,0.625,0.714285714285714,6,0.0215669141736879
"rand1",1.9,62,"PELT",0.714285714285714,0.625,0.666666666666667,7,0.0241684821318442
"rand1",1.9,62,"SVP",0.714285714285714,0.625,0.666666666666667,7,0.0241684821318442
"rand1",1.9,62,"SVP (BIC)",0.833333333333333,0.625,0.714285714285714,6,0.027872210492353
"rand1",1.9,63,"PELT",0.833333333333333,0.625,0.714285714285714,6,0.0249890051416319
"rand1",1.9,63,"SVP",0.833333333333333,0.625,0.714285714285714,6,0.0249890051416319
"rand1",1.9,63,"SVP (BIC)",1,0.625,0.769230769230769,5,0.0431954116364052
"rand1",1.9,64,"PELT",0.833333333333333,0.625,0.714285714285714,6,0.0149842687835518
"rand1",1.9,64,"SVP",1,0.625,0.769230769230769,5,0.0355375379933365
"rand1",1.9,64,"SVP (BIC)",1,0.625,0.769230769230769,5,0.0355375379933365
"rand1",1.9,65,"PELT",0.714285714285714,0.625,0.666666666666667,7,0.00510806138186232
"rand1",1.9,65,"SVP",0.833333333333333,0.625,0.714285714285714,6,0.0133716939432399
"rand1",1.9,65,"SVP (BIC)",1,0.625,0.769230769230769,5,0.034684269311786
"rand1",1.9,66,"PELT",0.714285714285714,0.625,0.666666666666667,7,0.0104128572123762
"rand1",1.9,66,"SVP",0.833333333333333,0.625,0.714285714285714,6,0.0164482537155479
"rand1",1.9,66,"SVP (BIC)",0.833333333333333,0.625,0.714285714285714,6,0.0164482537155479
"rand1",1.9,67,"PELT",0.857142857142857,0.75,0.8,7,0.0161877398157619
"rand1",1.9,67,"SVP",1,0.75,0.857142857142857,6,0.0223032257032773
"rand1",1.9,67,"SVP (BIC)",1,0.625,0.769230769230769,5,0.0424107771133455
"rand1",1.9,68,"PELT",0.714285714285714,0.625,0.666666666666667,7,0.0162620430908929
"rand1",1.9,68,"SVP",0.833333333333333,0.625,0.714285714285714,6,0.0162131664071346
"rand1",1.9,68,"SVP (BIC)",0.833333333333333,0.625,0.714285714285714,6,0.016007723152352
"rand1",1.9,69,"PELT",0.833333333333333,0.625,0.714285714285714,6,0.0340586225241876
"rand1",1.9,69,"SVP",1,0.625,0.769230769230769,5,0.0461958363135611
"rand1",1.9,69,"SVP (BIC)",1,0.625,0.769230769230769,5,0.0461958363135611
"rand1",1.9,70,"PELT",0.714285714285714,0.625,0.666666666666667,7,0.0163930527425726
"rand1",1.9,70,"SVP",1,0.625,0.769230769230769,5,0.0459828625581143
"rand1",1.9,70,"SVP (BIC)",1,0.625,0.769230769230769,5,0.0459828625581143
"rand1",1.9,71,"PELT",0.833333333333333,0.625,0.714285714285714,6,0.0138920524866718
"rand1",1.9,71,"SVP",0.833333333333333,0.625,0.714285714285714,6,0.0138920524866718
"rand1",1.9,71,"SVP (BIC)",0.833333333333333,0.625,0.714285714285714,6,0.0138920524866718
"rand1",1.9,72,"PELT",0.857142857142857,0.75,0.8,7,0.0175141131010214
"rand1",1.9,72,"SVP",1,0.625,0.769230769230769,5,0.0374171744636984
"rand1",1.9,72,"SVP (BIC)",1,0.625,0.769230769230769,5,0.0374171744636984
"rand1",1.9,73,"PELT",1,0.875,0.933333333333333,7,0.0360329131979191
"rand1",1.9,73,"SVP",1,0.75,0.857142857142857,6,0.0453776983669503
"rand1",1.9,73,"SVP (BIC)",1,0.75,0.857142857142857,6,0.0453776983669503
"rand1",1.9,74,"PELT",1,0.75,0.857142857142857,6,0.0150788032051377
"rand1",1.9,74,"SVP",1,0.75,0.857142857142857,6,0.0150788032051377
"rand1",1.9,74,"SVP (BIC)",1,0.75,0.857142857142857,6,0.0150788032051377
"rand1",1.9,75,"PELT",0.857142857142857,0.75,0.8,7,0.02470799479329
"rand1",1.9,75,"SVP",0.833333333333333,0.625,0.714285714285714,6,0.0343938203036441
"rand1",1.9,75,"SVP (BIC)",0.833333333333333,0.625,0.714285714285714,6,0.0343938203036441
"rand1",1.9,76,"PELT",0.833333333333333,0.625,0.714285714285714,6,0.0203989333104048
"rand1",1.9,76,"SVP",0.833333333333333,0.625,0.714285714285714,6,0.0203989333104048
"rand1",1.9,76,"SVP (BIC)",1,0.625,0.769230769230769,5,0.0388145047405799
"rand1",1.9,77,"PELT",0.714285714285714,0.625,0.666666666666667,7,0.0201528173451046
"rand1",1.9,77,"SVP",0.833333333333333,0.625,0.714285714285714,6,0.0231256343863432
"rand1",1.9,77,"SVP (BIC)",0.833333333333333,0.625,0.714285714285714,6,0.0231256343863432
"rand1",1.9,78,"PELT",1,0.75,0.857142857142857,6,0.0283367678456794
"rand1",1.9,78,"SVP",1,0.75,0.857142857142857,6,0.0283367678456794
"rand1",1.9,78,"SVP (BIC)",1,0.75,0.857142857142857,6,0.0283367678456794
"rand1",1.9,79,"PELT",0.833333333333333,0.625,0.714285714285714,6,0.0326495154459064
"rand1",1.9,79,"SVP",0.833333333333333,0.625,0.714285714285714,6,0.0326495154459064
"rand1",1.9,79,"SVP (BIC)",0.833333333333333,0.625,0.714285714285714,6,0.0326495154459064
"rand1",1.9,80,"PELT",0.833333333333333,0.625,0.714285714285714,6,0.0221976686896499
"rand1",1.9,80,"SVP",1,0.625,0.769230769230769,5,0.0413445534796371
"rand1",1.9,80,"SVP (BIC)",1,0.625,0.769230769230769,5,0.0413445534796371
"rand1",1.9,81,"PELT",0.714285714285714,0.625,0.666666666666667,7,0.0192494668849206
"rand1",1.9,81,"SVP",0.714285714285714,0.625,0.666666666666667,7,0.0192494668849206
"rand1",1.9,81,"SVP (BIC)",0.714285714285714,0.625,0.666666666666667,7,0.0192494668849206
"rand1",1.9,82,"PELT",1,0.625,0.769230769230769,5,0.0344377744019805
"rand1",1.9,82,"SVP",1,0.625,0.769230769230769,5,0.0344377744019805
"rand1",1.9,82,"SVP (BIC)",1,0.625,0.769230769230769,5,0.0344377744019805
"rand1",1.9,83,"PELT",0.625,0.625,0.625,8,0.047884805122885
"rand1",1.9,83,"SVP",0.714285714285714,0.625,0.666666666666667,7,0.0266905565557032
"rand1",1.9,83,"SVP (BIC)",0.833333333333333,0.625,0.714285714285714,6,0.0282390201813859
"rand1",1.9,84,"PELT",0.857142857142857,0.75,0.8,7,0.0085938416386892
"rand1",1.9,84,"SVP",1,0.75,0.857142857142857,6,0.0138071445990965
"rand1",1.9,84,"SVP (BIC)",1,0.625,0.769230769230769,5,0.0356348248618972
"rand1",1.9,85,"PELT",1,0.875,0.933333333333333,7,0.00339618928587148
"rand1",1.9,85,"SVP",1,0.625,0.769230769230769,5,0.034811792451546
"rand1",1.9,85,"SVP (BIC)",1,0.625,0.769230769230769,5,0.034811792451546
"rand1",1.9,86,"PELT",0.714285714285714,0.625,0.666666666666667,7,0.0296025385346672
"rand1",1.9,86,"SVP",0.714285714285714,0.625,0.666666666666667,7,0.0296025385346672
"rand1",1.9,86,"SVP (BIC)",1,0.625,0.769230769230769,5,0.0485280233312356
"rand1",1.9,87,"PELT",0.75,0.75,0.75,8,0.0568830262142528
"rand1",1.9,87,"SVP",0.833333333333333,0.625,0.714285714285714,6,0.0554952398664596
"rand1",1.9,87,"SVP (BIC)",0.833333333333333,0.625,0.714285714285714,6,0.0510328120360736
"rand1",1.9,88,"PELT",0.833333333333333,0.625,0.714285714285714,6,0.0190995434466497
"rand1",1.9,88,"SVP",0.833333333333333,0.625,0.714285714285714,6,0.0190995434466497
"rand1",1.9,88,"SVP (BIC)",0.833333333333333,0.625,0.714285714285714,6,0.0190995434466497
"rand1",1.9,89,"PELT",0.857142857142857,0.75,0.8,7,0.00844247286786078
"rand1",1.9,89,"SVP",1,0.75,0.857142857142857,6,0.0154037035607684
"rand1",1.9,89,"SVP (BIC)",1,0.75,0.857142857142857,6,0.0154037035607684
"rand1",1.9,90,"PELT",0.833333333333333,0.625,0.714285714285714,6,0.0242338130881279
"rand1",1.9,90,"SVP",0.833333333333333,0.625,0.714285714285714,6,0.0242338130881279
"rand1",1.9,90,"SVP (BIC)",0.833333333333333,0.625,0.714285714285714,6,0.0242338130881279
"rand1",1.9,91,"PELT",1,0.75,0.857142857142857,6,0.0265105213640659
"rand1",1.9,91,"SVP",1,0.75,0.857142857142857,6,0.0265105213640659
"rand1",1.9,91,"SVP (BIC)",1,0.625,0.769230769230769,5,0.0465860182420478
"rand1",1.9,92,"PELT",1,0.75,0.857142857142857,6,0.0291241665479286
"rand1",1.9,92,"SVP",1,0.75,0.857142857142857,6,0.0291241665479286
"rand1",1.9,92,"SVP (BIC)",1,0.75,0.857142857142857,6,0.0291241665479286
"rand1",1.9,93,"PELT",0.833333333333333,0.625,0.714285714285714,6,0.0123504775674431
"rand1",1.9,93,"SVP",0.833333333333333,0.625,0.714285714285714,6,0.0123504775674431
"rand1",1.9,93,"SVP (BIC)",1,0.625,0.769230769230769,5,0.0333669849483733
"rand1",1.9,94,"PELT",0.857142857142857,0.75,0.8,7,0.00981694243659052
"rand1",1.9,94,"SVP",1,0.75,0.857142857142857,6,0.0181695176757892
"rand1",1.9,94,"SVP (BIC)",1,0.75,0.857142857142857,6,0.0181695176757892
"rand1",1.9,95,"PELT",1,0.75,0.857142857142857,6,0.0369179496274668
"rand1",1.9,95,"SVP",1,0.75,0.857142857142857,6,0.0369179496274668
"rand1",1.9,95,"SVP (BIC)",1,0.625,0.769230769230769,5,0.0587254111031418
"rand1",1.9,96,"PELT",0.833333333333333,0.625,0.714285714285714,6,0.0203653202992005
"rand1",1.9,96,"SVP",0.833333333333333,0.625,0.714285714285714,6,0.0203653202992005
"rand1",1.9,96,"SVP (BIC)",0.833333333333333,0.625,0.714285714285714,6,0.0203653202992005
"rand1",1.9,97,"PELT",0.714285714285714,0.625,0.666666666666667,7,0.0412851710941236
"rand1",1.9,97,"SVP",0.714285714285714,0.625,0.666666666666667,7,0.0412851710941236
"rand1",1.9,97,"SVP (BIC)",0.833333333333333,0.625,0.714285714285714,6,0.0326712030154306
"rand1",1.9,98,"PELT",0.833333333333333,0.625,0.714285714285714,6,0.0255682461624748
"rand1",1.9,98,"SVP",0.833333333333333,0.625,0.714285714285714,6,0.0255682461624748
"rand1",1.9,98,"SVP (BIC)",0.833333333333333,0.625,0.714285714285714,6,0.0255682461624748
"rand1",1.9,99,"PELT",0.857142857142857,0.75,0.8,7,0.0215572981688522
"rand1",1.9,99,"SVP",0.857142857142857,0.75,0.8,7,0.0215572981688522
"rand1",1.9,99,"SVP (BIC)",0.857142857142857,0.75,0.8,7,0.0215572981688522
"rand1",1.9,100,"PELT",0.666666666666667,0.5,0.571428571428572,6,0.0350945077763489
"rand1",1.9,100,"SVP",0.8,0.5,0.615384615384615,5,0.0544816711491977
"rand1",1.9,100,"SVP (BIC)",0.8,0.5,0.615384615384615,5,0.0544816711491977
"none",2,1,"PELT",1,1,1,1,0.00138903780841743
"none",2,1,"SVP",1,1,1,1,0.00138903780841743
"none",2,1,"SVP (BIC)",1,1,1,1,0.00138903780841743
"none",2,2,"PELT",1,1,1,1,4.51047867269509e-07
"none",2,2,"SVP",1,1,1,1,4.51047867269509e-07
"none",2,2,"SVP (BIC)",1,1,1,1,4.51047867269509e-07
"none",2,3,"PELT",1,1,1,1,0.000670096669862041
"none",2,3,"SVP",1,1,1,1,0.000670096669862041
"none",2,3,"SVP (BIC)",1,1,1,1,0.000670096669862041
"none",2,4,"PELT",1,1,1,1,0.00050334080282888
"none",2,4,"SVP",1,1,1,1,0.00050334080282888
"none",2,4,"SVP (BIC)",1,1,1,1,0.00050334080282888
"none",2,5,"PELT",1,1,1,1,1.88398065012484e-05
"none",2,5,"SVP",1,1,1,1,1.88398065012484e-05
"none",2,5,"SVP (BIC)",1,1,1,1,1.88398065012484e-05
"none",2,6,"PELT",1,1,1,1,0.000480679914993351
"none",2,6,"SVP",1,1,1,1,0.000480679914993351
"none",2,6,"SVP (BIC)",1,1,1,1,0.000480679914993351
"none",2,7,"PELT",1,1,1,1,0.000515002575232338
"none",2,7,"SVP",1,1,1,1,0.000515002575232338
"none",2,7,"SVP (BIC)",1,1,1,1,0.000515002575232338
"none",2,8,"PELT",1,1,1,1,0.000312259548476197
"none",2,8,"SVP",1,1,1,1,0.000312259548476197
"none",2,8,"SVP (BIC)",1,1,1,1,0.000312259548476197
"none",2,9,"PELT",1,1,1,1,0.000424747335167408
"none",2,9,"SVP",1,1,1,1,0.000424747335167408
"none",2,9,"SVP (BIC)",1,1,1,1,0.000424747335167408
"none",2,10,"PELT",1,1,1,1,0.00040907335811533
"none",2,10,"SVP",1,1,1,1,0.00040907335811533
"none",2,10,"SVP (BIC)",1,1,1,1,0.00040907335811533
"none",2,11,"PELT",0.5,1,0.666666666666667,2,0.0146251647489932
"none",2,11,"SVP",1,1,1,1,0.00055459454254871
"none",2,11,"SVP (BIC)",1,1,1,1,0.00055459454254871
"none",2,12,"PELT",1,1,1,1,5.50249598737577e-06
"none",2,12,"SVP",1,1,1,1,5.50249598737577e-06
"none",2,12,"SVP (BIC)",1,1,1,1,5.50249598737577e-06
"none",2,13,"PELT",1,1,1,1,0.00178986401696499
"none",2,13,"SVP",1,1,1,1,0.00178986401696499
"none",2,13,"SVP (BIC)",1,1,1,1,0.00178986401696499
"none",2,14,"PELT",1,1,1,1,0.00133765112422374
"none",2,14,"SVP",1,1,1,1,0.00133765112422374
"none",2,14,"SVP (BIC)",1,1,1,1,0.00133765112422374
"none",2,15,"PELT",1,1,1,1,0.00270622922615185
"none",2,15,"SVP",1,1,1,1,0.00270622922615185
"none",2,15,"SVP (BIC)",1,1,1,1,0.00270622922615185
"none",2,16,"PELT",1,1,1,1,0.000149713501438858
"none",2,16,"SVP",1,1,1,1,0.000149713501438858
"none",2,16,"SVP (BIC)",1,1,1,1,0.000149713501438858
"none",2,17,"PELT",1,1,1,1,0.00010090890623361
"none",2,17,"SVP",1,1,1,1,0.00010090890623361
"none",2,17,"SVP (BIC)",1,1,1,1,0.00010090890623361
"none",2,18,"PELT",1,1,1,1,0.000273274546170795
"none",2,18,"SVP",1,1,1,1,0.000273274546170795
"none",2,18,"SVP (BIC)",1,1,1,1,0.000273274546170795
"none",2,19,"PELT",1,1,1,1,0.00032855958602061
"none",2,19,"SVP",1,1,1,1,0.00032855958602061
"none",2,19,"SVP (BIC)",1,1,1,1,0.00032855958602061
"none",2,20,"PELT",1,1,1,1,0.000150907505954125
"none",2,20,"SVP",1,1,1,1,0.000150907505954125
"none",2,20,"SVP (BIC)",1,1,1,1,0.000150907505954125
"none",2,21,"PELT",1,1,1,1,0.00112153345458175
"none",2,21,"SVP",0.5,1,0.666666666666667,2,0.00114402142270877
"none",2,21,"SVP (BIC)",1,1,1,1,0.00112153345458175
"none",2,22,"PELT",1,1,1,1,0.00242347502476177
"none",2,22,"SVP",1,1,1,1,0.00242347502476177
"none",2,22,"SVP (BIC)",1,1,1,1,0.00242347502476177
"none",2,23,"PELT",1,1,1,1,6.70590843181328e-09
"none",2,23,"SVP",1,1,1,1,6.70590843181328e-09
"none",2,23,"SVP (BIC)",1,1,1,1,6.70590843181328e-09
"none",2,24,"PELT",1,1,1,1,0.00037360188675707
"none",2,24,"SVP",1,1,1,1,0.00037360188675707
"none",2,24,"SVP (BIC)",1,1,1,1,0.00037360188675707
"none",2,25,"PELT",1,1,1,1,0.00454094552987057
"none",2,25,"SVP",1,1,1,1,0.00454094552987057
"none",2,25,"SVP (BIC)",1,1,1,1,0.00454094552987057
"none",2,26,"PELT",1,1,1,1,4.00234963713296e-06
"none",2,26,"SVP",1,1,1,1,4.00234963713296e-06
"none",2,26,"SVP (BIC)",1,1,1,1,4.00234963713296e-06
"none",2,27,"PELT",1,1,1,1,0.000229645648493666
"none",2,27,"SVP",1,1,1,1,0.000229645648493666
"none",2,27,"SVP (BIC)",1,1,1,1,0.000229645648493666
"none",2,28,"PELT",1,1,1,1,0.000573142578719992
"none",2,28,"SVP",1,1,1,1,0.000573142578719992
"none",2,28,"SVP (BIC)",1,1,1,1,0.000573142578719992
"none",2,29,"PELT",1,1,1,1,6.02154115342177e-05
"none",2,29,"SVP",1,1,1,1,6.02154115342177e-05
"none",2,29,"SVP (BIC)",1,1,1,1,6.02154115342177e-05
"none",2,30,"PELT",1,1,1,1,0.000326218354745616
"none",2,30,"SVP",1,1,1,1,0.000326218354745616
"none",2,30,"SVP (BIC)",1,1,1,1,0.000326218354745616
"none",2,31,"PELT",1,1,1,1,0.00385038184338727
"none",2,31,"SVP",1,1,1,1,0.00385038184338727
"none",2,31,"SVP (BIC)",1,1,1,1,0.00385038184338727
"none",2,32,"PELT",1,1,1,1,4.26686522061326e-06
"none",2,32,"SVP",1,1,1,1,4.26686522061326e-06
"none",2,32,"SVP (BIC)",1,1,1,1,4.26686522061326e-06
"none",2,33,"PELT",1,1,1,1,0.00274825668429785
"none",2,33,"SVP",1,1,1,1,0.00274825668429785
"none",2,33,"SVP (BIC)",1,1,1,1,0.00274825668429785
"none",2,34,"PELT",1,1,1,1,1.92008873999214e-05
"none",2,34,"SVP",1,1,1,1,1.92008873999214e-05
"none",2,34,"SVP (BIC)",1,1,1,1,1.92008873999214e-05
"none",2,35,"PELT",1,1,1,1,0.000349827629134047
"none",2,35,"SVP",1,1,1,1,0.000349827629134047
"none",2,35,"SVP (BIC)",1,1,1,1,0.000349827629134047
"none",2,36,"PELT",1,1,1,1,0.00870014215895353
"none",2,36,"SVP",1,1,1,1,0.00870014215895353
"none",2,36,"SVP (BIC)",1,1,1,1,0.00870014215895353
"none",2,37,"PELT",1,1,1,1,0.000306590885876789
"none",2,37,"SVP",1,1,1,1,0.000306590885876789
"none",2,37,"SVP (BIC)",1,1,1,1,0.000306590885876789
"none",2,38,"PELT",1,1,1,1,0.00236234226119302
"none",2,38,"SVP",1,1,1,1,0.00236234226119302
"none",2,38,"SVP (BIC)",1,1,1,1,0.00236234226119302
"none",2,39,"PELT",1,1,1,1,0.000494206051526506
"none",2,39,"SVP",1,1,1,1,0.000494206051526506
"none",2,39,"SVP (BIC)",1,1,1,1,0.000494206051526506
"none",2,40,"PELT",1,1,1,1,5.61880343920691e-05
"none",2,40,"SVP",1,1,1,1,5.61880343920691e-05
"none",2,40,"SVP (BIC)",1,1,1,1,5.61880343920691e-05
"none",2,41,"PELT",1,1,1,1,4.25733924275584e-05
"none",2,41,"SVP",1,1,1,1,4.25733924275584e-05
"none",2,41,"SVP (BIC)",1,1,1,1,4.25733924275584e-05
"none",2,42,"PELT",1,1,1,1,0.000585952113998415
"none",2,42,"SVP",1,1,1,1,0.000585952113998415
"none",2,42,"SVP (BIC)",1,1,1,1,0.000585952113998415
"none",2,43,"PELT",1,1,1,1,0.0019456630073561
"none",2,43,"SVP",1,1,1,1,0.0019456630073561
"none",2,43,"SVP (BIC)",1,1,1,1,0.0019456630073561
"none",2,44,"PELT",1,1,1,1,0.00152732419564308
"none",2,44,"SVP",1,1,1,1,0.00152732419564308
"none",2,44,"SVP (BIC)",1,1,1,1,0.00152732419564308
"none",2,45,"PELT",1,1,1,1,0.00192830028040178
"none",2,45,"SVP",1,1,1,1,0.00192830028040178
"none",2,45,"SVP (BIC)",1,1,1,1,0.00192830028040178
"none",2,46,"PELT",1,1,1,1,6.46656282766301e-05
"none",2,46,"SVP",1,1,1,1,6.46656282766301e-05
"none",2,46,"SVP (BIC)",1,1,1,1,6.46656282766301e-05
"none",2,47,"PELT",1,1,1,1,0.00068696279870934
"none",2,47,"SVP",1,1,1,1,0.00068696279870934
"none",2,47,"SVP (BIC)",1,1,1,1,0.00068696279870934
"none",2,48,"PELT",1,1,1,1,0.00383083285349805
"none",2,48,"SVP",1,1,1,1,0.00383083285349805
"none",2,48,"SVP (BIC)",1,1,1,1,0.00383083285349805
"none",2,49,"PELT",0.5,1,0.666666666666667,2,0.0154928626914894
"none",2,49,"SVP",0.5,1,0.666666666666667,2,0.0154928626914894
"none",2,49,"SVP (BIC)",1,1,1,1,0.000675473423763132
"none",2,50,"PELT",1,1,1,1,0.00321717840664549
"none",2,50,"SVP",1,1,1,1,0.00321717840664549
"none",2,50,"SVP (BIC)",1,1,1,1,0.00321717840664549
"none",2,51,"PELT",1,1,1,1,0.00470815821110943
"none",2,51,"SVP",1,1,1,1,0.00470815821110943
"none",2,51,"SVP (BIC)",1,1,1,1,0.00470815821110943
"none",2,52,"PELT",1,1,1,1,1.46434025303848e-06
"none",2,52,"SVP",1,1,1,1,1.46434025303848e-06
"none",2,52,"SVP (BIC)",1,1,1,1,1.46434025303848e-06
"none",2,53,"PELT",1,1,1,1,9.38949687536063e-05
"none",2,53,"SVP",0.5,1,0.666666666666667,2,0.00665664805244411
"none",2,53,"SVP (BIC)",1,1,1,1,9.38949687536063e-05
"none",2,54,"PELT",1,1,1,1,0.00157585372203245
"none",2,54,"SVP",1,1,1,1,0.00157585372203245
"none",2,54,"SVP (BIC)",1,1,1,1,0.00157585372203245
"none",2,55,"PELT",1,1,1,1,0.000155215240503904
"none",2,55,"SVP",1,1,1,1,0.000155215240503904
"none",2,55,"SVP (BIC)",1,1,1,1,0.000155215240503904
"none",2,56,"PELT",1,1,1,1,3.7459020940405e-05
"none",2,56,"SVP",1,1,1,1,3.7459020940405e-05
"none",2,56,"SVP (BIC)",1,1,1,1,3.7459020940405e-05
"none",2,57,"PELT",1,1,1,1,0.00333679457705285
"none",2,57,"SVP",1,1,1,1,0.00333679457705285
"none",2,57,"SVP (BIC)",1,1,1,1,0.00333679457705285
"none",2,58,"PELT",1,1,1,1,0.000796357389661054
"none",2,58,"SVP",1,1,1,1,0.000796357389661054
"none",2,58,"SVP (BIC)",1,1,1,1,0.000796357389661054
"none",2,59,"PELT",1,1,1,1,0.00119478907084869
"none",2,59,"SVP",1,1,1,1,0.00119478907084869
"none",2,59,"SVP (BIC)",1,1,1,1,0.00119478907084869
"none",2,60,"PELT",1,1,1,1,0.000561763210748572
"none",2,60,"SVP",1,1,1,1,0.000561763210748572
"none",2,60,"SVP (BIC)",1,1,1,1,0.000561763210748572
"none",2,61,"PELT",1,1,1,1,0.000597213085003358
"none",2,61,"SVP",1,1,1,1,0.000597213085003358
"none",2,61,"SVP (BIC)",1,1,1,1,0.000597213085003358
"none",2,62,"PELT",1,1,1,1,0.00136465739665364
"none",2,62,"SVP",1,1,1,1,0.00136465739665364
"none",2,62,"SVP (BIC)",1,1,1,1,0.00136465739665364
"none",2,63,"PELT",1,1,1,1,0.00290818088886057
"none",2,63,"SVP",1,1,1,1,0.00290818088886057
"none",2,63,"SVP (BIC)",1,1,1,1,0.00290818088886057
"none",2,64,"PELT",1,1,1,1,7.18577795463331e-05
"none",2,64,"SVP",1,1,1,1,7.18577795463331e-05
"none",2,64,"SVP (BIC)",1,1,1,1,7.18577795463331e-05
"none",2,65,"PELT",1,1,1,1,0.00164530298606372
"none",2,65,"SVP",1,1,1,1,0.00164530298606372
"none",2,65,"SVP (BIC)",1,1,1,1,0.00164530298606372
"none",2,66,"PELT",1,1,1,1,1.21390201181517e-05
"none",2,66,"SVP",1,1,1,1,1.21390201181517e-05
"none",2,66,"SVP (BIC)",1,1,1,1,1.21390201181517e-05
"none",2,67,"PELT",1,1,1,1,0.000888627635550462
"none",2,67,"SVP",1,1,1,1,0.000888627635550462
"none",2,67,"SVP (BIC)",1,1,1,1,0.000888627635550462
"none",2,68,"PELT",1,1,1,1,0.000682908523243743
"none",2,68,"SVP",1,1,1,1,0.000682908523243743
"none",2,68,"SVP (BIC)",1,1,1,1,0.000682908523243743
"none",2,69,"PELT",1,1,1,1,0.00093172917539388
"none",2,69,"SVP",1,1,1,1,0.00093172917539388
"none",2,69,"SVP (BIC)",1,1,1,1,0.00093172917539388
"none",2,70,"PELT",0.5,1,0.666666666666667,2,0.0144467878265321
"none",2,70,"SVP",1,1,1,1,0.000115576639345112
"none",2,70,"SVP (BIC)",1,1,1,1,0.000115576639345112
"none",2,71,"PELT",1,1,1,1,0.00194376064149461
"none",2,71,"SVP",0.5,1,0.666666666666667,2,0.00374429934802064
"none",2,71,"SVP (BIC)",1,1,1,1,0.00194376064149461
"none",2,72,"PELT",1,1,1,1,2.05226320207111e-05
"none",2,72,"SVP",1,1,1,1,2.05226320207111e-05
"none",2,72,"SVP (BIC)",1,1,1,1,2.05226320207111e-05
"none",2,73,"PELT",1,1,1,1,0.000593949279524261
"none",2,73,"SVP",1,1,1,1,0.000593949279524261
"none",2,73,"SVP (BIC)",1,1,1,1,0.000593949279524261
"none",2,74,"PELT",1,1,1,1,0.00588962021933241
"none",2,74,"SVP",1,1,1,1,0.00588962021933241
"none",2,74,"SVP (BIC)",1,1,1,1,0.00588962021933241
"none",2,75,"PELT",1,1,1,1,0.00165082881925285
"none",2,75,"SVP",1,1,1,1,0.00165082881925285
"none",2,75,"SVP (BIC)",1,1,1,1,0.00165082881925285
"none",2,76,"PELT",1,1,1,1,1.19442719730677e-05
"none",2,76,"SVP",1,1,1,1,1.19442719730677e-05
"none",2,76,"SVP (BIC)",1,1,1,1,1.19442719730677e-05
"none",2,77,"PELT",1,1,1,1,0.00293777216706635
"none",2,77,"SVP",1,1,1,1,0.00293777216706635
"none",2,77,"SVP (BIC)",1,1,1,1,0.00293777216706635
"none",2,78,"PELT",1,1,1,1,4.94953117578198e-06
"none",2,78,"SVP",1,1,1,1,4.94953117578198e-06
"none",2,78,"SVP (BIC)",1,1,1,1,4.94953117578198e-06
"none",2,79,"PELT",1,1,1,1,0.000356112321056339
"none",2,79,"SVP",1,1,1,1,0.000356112321056339
"none",2,79,"SVP (BIC)",1,1,1,1,0.000356112321056339
"none",2,80,"PELT",1,1,1,1,0.000286430312576711
"none",2,80,"SVP",1,1,1,1,0.000286430312576711
"none",2,80,"SVP (BIC)",1,1,1,1,0.000286430312576711
"none",2,81,"PELT",1,1,1,1,0.000163221847553812
"none",2,81,"SVP",1,1,1,1,0.000163221847553812
"none",2,81,"SVP (BIC)",1,1,1,1,0.000163221847553812
"none",2,82,"PELT",1,1,1,1,0.000859243552155713
"none",2,82,"SVP",1,1,1,1,0.000859243552155713
"none",2,82,"SVP (BIC)",1,1,1,1,0.000859243552155713
"none",2,83,"PELT",1,1,1,1,6.57210748277709e-05
"none",2,83,"SVP",1,1,1,1,6.57210748277709e-05
"none",2,83,"SVP (BIC)",1,1,1,1,6.57210748277709e-05
"none",2,84,"PELT",1,1,1,1,0.000930292802832867
"none",2,84,"SVP",1,1,1,1,0.000930292802832867
"none",2,84,"SVP (BIC)",1,1,1,1,0.000930292802832867
"none",2,85,"PELT",1,1,1,1,0.00222157946119559
"none",2,85,"SVP",1,1,1,1,0.00222157946119559
"none",2,85,"SVP (BIC)",1,1,1,1,0.00222157946119559
"none",2,86,"PELT",1,1,1,1,0.00032615929354706
"none",2,86,"SVP",1,1,1,1,0.00032615929354706
"none",2,86,"SVP (BIC)",1,1,1,1,0.00032615929354706
"none",2,87,"PELT",1,1,1,1,0.000354505132070996
"none",2,87,"SVP",1,1,1,1,0.000354505132070996
"none",2,87,"SVP (BIC)",1,1,1,1,0.000354505132070996
"none",2,88,"PELT",1,1,1,1,1.50503319774415e-05
"none",2,88,"SVP",1,1,1,1,1.50503319774415e-05
"none",2,88,"SVP (BIC)",1,1,1,1,1.50503319774415e-05
"none",2,89,"PELT",1,1,1,1,0.0013104503035834
"none",2,89,"SVP",1,1,1,1,0.0013104503035834
"none",2,89,"SVP (BIC)",1,1,1,1,0.0013104503035834
"none",2,90,"PELT",1,1,1,1,0.000741754157773069
"none",2,90,"SVP",1,1,1,1,0.000741754157773069
"none",2,90,"SVP (BIC)",1,1,1,1,0.000741754157773069
"none",2,91,"PELT",1,1,1,1,0.000226826578276757
"none",2,91,"SVP",1,1,1,1,0.000226826578276757
"none",2,91,"SVP (BIC)",1,1,1,1,0.000226826578276757
"none",2,92,"PELT",1,1,1,1,0.00160633283791507
"none",2,92,"SVP",1,1,1,1,0.00160633283791507
"none",2,92,"SVP (BIC)",1,1,1,1,0.00160633283791507
"none",2,93,"PELT",1,1,1,1,0.000185963837550356
"none",2,93,"SVP",1,1,1,1,0.000185963837550356
"none",2,93,"SVP (BIC)",1,1,1,1,0.000185963837550356
"none",2,94,"PELT",1,1,1,1,5.18198166936319e-05
"none",2,94,"SVP",1,1,1,1,5.18198166936319e-05
"none",2,94,"SVP (BIC)",1,1,1,1,5.18198166936319e-05
"none",2,95,"PELT",1,1,1,1,0.0028491460286153
"none",2,95,"SVP",1,1,1,1,0.0028491460286153
"none",2,95,"SVP (BIC)",1,1,1,1,0.0028491460286153
"none",2,96,"PELT",1,1,1,1,0.000932895582987089
"none",2,96,"SVP",1,1,1,1,0.000932895582987089
"none",2,96,"SVP (BIC)",1,1,1,1,0.000932895582987089
"none",2,97,"PELT",1,1,1,1,0.00209705507989046
"none",2,97,"SVP",1,1,1,1,0.00209705507989046
"none",2,97,"SVP (BIC)",1,1,1,1,0.00209705507989046
"none",2,98,"PELT",1,1,1,1,0.00173304740134897
"none",2,98,"SVP",1,1,1,1,0.00173304740134897
"none",2,98,"SVP (BIC)",1,1,1,1,0.00173304740134897
"none",2,99,"PELT",1,1,1,1,0.00267752525155551
"none",2,99,"SVP",1,1,1,1,0.00267752525155551
"none",2,99,"SVP (BIC)",1,1,1,1,0.00267752525155551
"none",2,100,"PELT",1,1,1,1,5.59291130955322e-08
"none",2,100,"SVP",1,1,1,1,5.59291130955322e-08
"none",2,100,"SVP (BIC)",1,1,1,1,5.59291130955322e-08
"up",2,1,"PELT",1,1,1,8,0.0293135139799273
"up",2,1,"SVP",1,1,1,8,0.0293135139799273
"up",2,1,"SVP (BIC)",1,1,1,8,0.0293135139799273
"up",2,2,"PELT",0.875,0.875,0.875,8,0.0236302816992389
"up",2,2,"SVP",0.875,0.875,0.875,8,0.0236302816992389
"up",2,2,"SVP (BIC)",0.875,0.875,0.875,8,0.0236302816992389
"up",2,3,"PELT",0.875,0.875,0.875,8,0.0434108842818638
"up",2,3,"SVP",0.875,0.875,0.875,8,0.0434108842818638
"up",2,3,"SVP (BIC)",0.875,0.875,0.875,8,0.0434108842818638
"up",2,4,"PELT",0.875,0.875,0.875,8,0.0236947082039702
"up",2,4,"SVP",0.875,0.875,0.875,8,0.0236947082039702
"up",2,4,"SVP (BIC)",0.875,0.875,0.875,8,0.0236947082039702
"up",2,5,"PELT",0.875,0.875,0.875,8,0.0242554789242122
"up",2,5,"SVP",0.875,0.875,0.875,8,0.0242554789242122
"up",2,5,"SVP (BIC)",0.875,0.875,0.875,8,0.0242554789242122
"up",2,6,"PELT",1,1,1,8,0.0199183100476635
"up",2,6,"SVP",1,1,1,8,0.0199183100476635
"up",2,6,"SVP (BIC)",1,1,1,8,0.0199183100476635
"up",2,7,"PELT",0.875,0.875,0.875,8,0.0252563150549324
"up",2,7,"SVP",0.875,0.875,0.875,8,0.0252563150549324
"up",2,7,"SVP (BIC)",0.875,0.875,0.875,8,0.0252563150549324
"up",2,8,"PELT",0.875,0.875,0.875,8,0.0513360788280141
"up",2,8,"SVP",0.875,0.875,0.875,8,0.0513360788280141
"up",2,8,"SVP (BIC)",0.875,0.875,0.875,8,0.0513360788280141
"up",2,9,"PELT",0.875,0.875,0.875,8,0.0264316809767594
"up",2,9,"SVP",0.875,0.875,0.875,8,0.0264316809767594
"up",2,9,"SVP (BIC)",0.875,0.875,0.875,8,0.0264316809767594
"up",2,10,"PELT",1,1,1,8,0.0171189110481323
"up",2,10,"SVP",1,1,1,8,0.0171189110481323
"up",2,10,"SVP (BIC)",1,1,1,8,0.0171189110481323
"up",2,11,"PELT",0.888888888888889,1,0.941176470588235,9,0.0286437416275798
"up",2,11,"SVP",1,1,1,8,0.014332725073704
"up",2,11,"SVP (BIC)",1,1,1,8,0.014332725073704
"up",2,12,"PELT",1,1,1,8,0.0164062281671086
"up",2,12,"SVP",1,1,1,8,0.0164062281671086
"up",2,12,"SVP (BIC)",1,1,1,8,0.0164062281671086
"up",2,13,"PELT",1,1,1,8,0.0157605705429637
"up",2,13,"SVP",1,1,1,8,0.0157605705429637
"up",2,13,"SVP (BIC)",1,1,1,8,0.0157605705429637
"up",2,14,"PELT",1,1,1,8,0.01868459587178
"up",2,14,"SVP",1,1,1,8,0.01868459587178
"up",2,14,"SVP (BIC)",1,1,1,8,0.01868459587178
"up",2,15,"PELT",1,1,1,8,0.011088484468743
"up",2,15,"SVP",1,1,1,8,0.011088484468743
"up",2,15,"SVP (BIC)",1,1,1,8,0.011088484468743
"up",2,16,"PELT",1,1,1,8,0.0309717652978733
"up",2,16,"SVP",1,1,1,8,0.0309717652978733
"up",2,16,"SVP (BIC)",1,1,1,8,0.0309717652978733
"up",2,17,"PELT",0.75,0.75,0.75,8,0.0429527646474884
"up",2,17,"SVP",0.75,0.75,0.75,8,0.0429527646474884
"up",2,17,"SVP (BIC)",0.75,0.75,0.75,8,0.0429527646474884
"up",2,18,"PELT",0.875,0.875,0.875,8,0.031511976424316
"up",2,18,"SVP",0.875,0.875,0.875,8,0.031511976424316
"up",2,18,"SVP (BIC)",0.875,0.875,0.875,8,0.031511976424316
"up",2,19,"PELT",1,1,1,8,0.00318020504690231
"up",2,19,"SVP",1,1,1,8,0.00318020504690231
"up",2,19,"SVP (BIC)",1,1,1,8,0.00318020504690231
"up",2,20,"PELT",0.888888888888889,1,0.941176470588235,9,0.0278664565133108
"up",2,20,"SVP",1,1,1,8,0.013221662184064
"up",2,20,"SVP (BIC)",1,1,1,8,0.013221662184064
"up",2,21,"PELT",0.875,0.875,0.875,8,0.0225294936432542
"up",2,21,"SVP",0.875,0.875,0.875,8,0.0225294936432542
"up",2,21,"SVP (BIC)",0.875,0.875,0.875,8,0.0225294936432542
"up",2,22,"PELT",1,1,1,8,0.0317743587538689
"up",2,22,"SVP",0.875,0.875,0.875,8,0.0463972608678462
"up",2,22,"SVP (BIC)",1,1,1,8,0.0317743587538689
"up",2,23,"PELT",1,1,1,8,0.010877511199207
"up",2,23,"SVP",1,1,1,8,0.010877511199207
"up",2,23,"SVP (BIC)",1,1,1,8,0.010877511199207
"up",2,24,"PELT",1,1,1,8,0.0219934586829149
"up",2,24,"SVP",1,1,1,8,0.0219934586829149
"up",2,24,"SVP (BIC)",1,1,1,8,0.0219934586829149
"up",2,25,"PELT",0.875,0.875,0.875,8,0.0289244183914044
"up",2,25,"SVP",0.777777777777778,0.875,0.823529411764706,9,0.0307637295616409
"up",2,25,"SVP (BIC)",0.875,0.875,0.875,8,0.0289244183914044
"up",2,26,"PELT",0.875,0.875,0.875,8,0.0296621511904073
"up",2,26,"SVP",0.875,0.875,0.875,8,0.0296621511904073
"up",2,26,"SVP (BIC)",0.875,0.875,0.875,8,0.0296621511904073
"up",2,27,"PELT",1,1,1,8,0.0217071821510678
"up",2,27,"SVP",1,1,1,8,0.0217071821510678
"up",2,27,"SVP (BIC)",1,1,1,8,0.0217071821510678
"up",2,28,"PELT",0.777777777777778,0.875,0.823529411764706,9,0.0547696764315798
"up",2,28,"SVP",0.875,0.875,0.875,8,0.0385725474377657
"up",2,28,"SVP (BIC)",0.875,0.875,0.875,8,0.0385725474377657
"up",2,29,"PELT",1,1,1,8,0.0127338938890906
"up",2,29,"SVP",1,1,1,8,0.0127338938890906
"up",2,29,"SVP (BIC)",1,1,1,8,0.0127338938890906
"up",2,30,"PELT",1,1,1,8,0.0182746750136388
"up",2,30,"SVP",1,1,1,8,0.0182746750136388
"up",2,30,"SVP (BIC)",1,1,1,8,0.0182746750136388
"up",2,31,"PELT",0.75,0.75,0.75,8,0.0323373666773642
"up",2,31,"SVP",0.75,0.75,0.75,8,0.0323373666773642
"up",2,31,"SVP (BIC)",0.75,0.75,0.75,8,0.0323373666773642
"up",2,32,"PELT",1,1,1,8,0.0203893249058495
"up",2,32,"SVP",1,1,1,8,0.0203893249058495
"up",2,32,"SVP (BIC)",1,1,1,8,0.0203893249058495
"up",2,33,"PELT",1,1,1,8,0.0171175905550171
"up",2,33,"SVP",1,1,1,8,0.0171175905550171
"up",2,33,"SVP (BIC)",1,1,1,8,0.0171175905550171
"up",2,34,"PELT",1,1,1,8,0.0217702512638151
"up",2,34,"SVP",1,1,1,8,0.0217702512638151
"up",2,34,"SVP (BIC)",1,1,1,8,0.0217702512638151
"up",2,35,"PELT",0.875,0.875,0.875,8,0.0428099601600828
"up",2,35,"SVP",0.875,0.875,0.875,8,0.0428099601600828
"up",2,35,"SVP (BIC)",0.875,0.875,0.875,8,0.0428099601600828
"up",2,36,"PELT",1,1,1,8,0.0259472890645379
"up",2,36,"SVP",1,1,1,8,0.0259472890645379
"up",2,36,"SVP (BIC)",1,1,1,8,0.0259472890645379
"up",2,37,"PELT",0.875,0.875,0.875,8,0.0176788713344576
"up",2,37,"SVP",0.875,0.875,0.875,8,0.0176788713344576
"up",2,37,"SVP (BIC)",0.875,0.875,0.875,8,0.0176788713344576
"up",2,38,"PELT",0.875,0.875,0.875,8,0.0297459526867934
"up",2,38,"SVP",0.875,0.875,0.875,8,0.0297459526867934
"up",2,38,"SVP (BIC)",0.875,0.875,0.875,8,0.0297459526867934
"up",2,39,"PELT",1,1,1,8,0.0214194704716817
"up",2,39,"SVP",1,1,1,8,0.0214194704716817
"up",2,39,"SVP (BIC)",1,1,1,8,0.0214194704716817
"up",2,40,"PELT",1,1,1,8,0.0191450956284263
"up",2,40,"SVP",1,1,1,8,0.0191450956284263
"up",2,40,"SVP (BIC)",1,1,1,8,0.0191450956284263
"up",2,41,"PELT",1,1,1,8,0.00911106411154467
"up",2,41,"SVP",1,1,1,8,0.00911106411154467
"up",2,41,"SVP (BIC)",1,1,1,8,0.00911106411154467
"up",2,42,"PELT",1,1,1,8,0.0292898035347282
"up",2,42,"SVP",1,1,1,8,0.0292898035347282
"up",2,42,"SVP (BIC)",1,1,1,8,0.0292898035347282
"up",2,43,"PELT",1,1,1,8,0.0283972766348395
"up",2,43,"SVP",1,1,1,8,0.0283972766348395
"up",2,43,"SVP (BIC)",1,1,1,8,0.0283972766348395
"up",2,44,"PELT",1,1,1,8,0.0145760592803125
"up",2,44,"SVP",1,1,1,8,0.0145760592803125
"up",2,44,"SVP (BIC)",1,1,1,8,0.0145760592803125
"up",2,45,"PELT",0.875,0.875,0.875,8,0.0440114516073949
"up",2,45,"SVP",0.875,0.875,0.875,8,0.0440114516073949
"up",2,45,"SVP (BIC)",0.875,0.875,0.875,8,0.0440114516073949
"up",2,46,"PELT",1,1,1,8,0.0165935328275539
"up",2,46,"SVP",1,1,1,8,0.0165935328275539
"up",2,46,"SVP (BIC)",1,1,1,8,0.0165935328275539
"up",2,47,"PELT",0.777777777777778,0.875,0.823529411764706,9,0.0552861635668665
"up",2,47,"SVP",1,1,1,8,0.0195248665771308
"up",2,47,"SVP (BIC)",1,1,1,8,0.0118032905780259
"up",2,48,"PELT",0.75,0.75,0.75,8,0.0743835621029673
"up",2,48,"SVP",0.75,0.75,0.75,8,0.0743835621029673
"up",2,48,"SVP (BIC)",0.75,0.75,0.75,8,0.0743835621029673
"up",2,49,"PELT",1,1,1,8,0.0108947539533058
"up",2,49,"SVP",1,1,1,8,0.0108947539533058
"up",2,49,"SVP (BIC)",1,1,1,8,0.0108947539533058
"up",2,50,"PELT",0.875,0.875,0.875,8,0.0346715029381412
"up",2,50,"SVP",0.875,0.875,0.875,8,0.0346715029381412
"up",2,50,"SVP (BIC)",0.875,0.875,0.875,8,0.0346715029381412
"up",2,51,"PELT",1,1,1,8,0.0141955932950099
"up",2,51,"SVP",1,1,1,8,0.0141955932950099
"up",2,51,"SVP (BIC)",1,1,1,8,0.0141955932950099
"up",2,52,"PELT",1,1,1,8,0.0041564096679379
"up",2,52,"SVP",1,1,1,8,0.0041564096679379
"up",2,52,"SVP (BIC)",1,1,1,8,0.0041564096679379
"up",2,53,"PELT",0.875,0.875,0.875,8,0.0403320366295034
"up",2,53,"SVP",0.875,0.875,0.875,8,0.0403320366295034
"up",2,53,"SVP (BIC)",0.875,0.875,0.875,8,0.0403320366295034
"up",2,54,"PELT",0.75,0.75,0.75,8,0.0374268938538199
"up",2,54,"SVP",0.75,0.75,0.75,8,0.0374268938538199
"up",2,54,"SVP (BIC)",0.75,0.75,0.75,8,0.0374268938538199
"up",2,55,"PELT",1,1,1,8,0.0375309662831756
"up",2,55,"SVP",1,1,1,8,0.0375309662831756
"up",2,55,"SVP (BIC)",1,1,1,8,0.0375309662831756
"up",2,56,"PELT",1,1,1,8,0.00678142004453965
"up",2,56,"SVP",1,1,1,8,0.00678142004453965
"up",2,56,"SVP (BIC)",1,1,1,8,0.00678142004453965
"up",2,57,"PELT",1,1,1,8,0.0243346879005962
"up",2,57,"SVP",1,1,1,8,0.0243346879005962
"up",2,57,"SVP (BIC)",1,1,1,8,0.0243346879005962
"up",2,58,"PELT",1,1,1,8,0.022508101578985
"up",2,58,"SVP",1,1,1,8,0.022508101578985
"up",2,58,"SVP (BIC)",1,1,1,8,0.022508101578985
"up",2,59,"PELT",0.875,0.875,0.875,8,0.0310742573612323
"up",2,59,"SVP",0.875,0.875,0.875,8,0.0310742573612323
"up",2,59,"SVP (BIC)",0.875,0.875,0.875,8,0.0310742573612323
"up",2,60,"PELT",0.875,0.875,0.875,8,0.0296817106196442
"up",2,60,"SVP",0.875,0.875,0.875,8,0.0296817106196442
"up",2,60,"SVP (BIC)",0.875,0.875,0.875,8,0.0296817106196442
"up",2,61,"PELT",0.75,0.75,0.75,8,0.0574056566755326
"up",2,61,"SVP",0.75,0.75,0.75,8,0.0574056566755326
"up",2,61,"SVP (BIC)",0.75,0.75,0.75,8,0.0574056566755326
"up",2,62,"PELT",1,1,1,8,0.00673708502769181
"up",2,62,"SVP",1,1,1,8,0.00673708502769181
"up",2,62,"SVP (BIC)",1,1,1,8,0.00673708502769181
"up",2,63,"PELT",0.875,0.875,0.875,8,0.0440802000724825
"up",2,63,"SVP",0.875,0.875,0.875,8,0.0440802000724825
"up",2,63,"SVP (BIC)",0.875,0.875,0.875,8,0.0440802000724825
"up",2,64,"PELT",0.875,0.875,0.875,8,0.0273227131299223
"up",2,64,"SVP",0.875,0.875,0.875,8,0.0273227131299223
"up",2,64,"SVP (BIC)",0.875,0.875,0.875,8,0.0273227131299223
"up",2,65,"PELT",0.875,0.875,0.875,8,0.0311794621187413
"up",2,65,"SVP",0.875,0.875,0.875,8,0.0311794621187413
"up",2,65,"SVP (BIC)",0.875,0.875,0.875,8,0.0311794621187413
"up",2,66,"PELT",1,1,1,8,0.0123131296629955
"up",2,66,"SVP",1,1,1,8,0.0123131296629955
"up",2,66,"SVP (BIC)",1,1,1,8,0.0123131296629955
"up",2,67,"PELT",0.875,0.875,0.875,8,0.0252088796041131
"up",2,67,"SVP",0.875,0.875,0.875,8,0.0252088796041131
"up",2,67,"SVP (BIC)",0.875,0.875,0.875,8,0.0252088796041131
"up",2,68,"PELT",0.875,0.875,0.875,8,0.0410017163266049
"up",2,68,"SVP",0.875,0.875,0.875,8,0.0410017163266049
"up",2,68,"SVP (BIC)",0.875,0.875,0.875,8,0.0410017163266049
"up",2,69,"PELT",1,1,1,8,0.0191073610831598
"up",2,69,"SVP",1,1,1,8,0.0191073610831598
"up",2,69,"SVP (BIC)",1,1,1,8,0.0191073610831598
"up",2,70,"PELT",0.8,1,0.888888888888889,10,0.0558669224418986
"up",2,70,"SVP",0.777777777777778,0.875,0.823529411764706,9,0.0544604484575079
"up",2,70,"SVP (BIC)",0.75,0.75,0.75,8,0.0440876284397852
"up",2,71,"PELT",0.888888888888889,1,0.941176470588235,9,0.0354691165473024
"up",2,71,"SVP",1,1,1,8,0.019811994595689
"up",2,71,"SVP (BIC)",1,1,1,8,0.019811994595689
"up",2,72,"PELT",1,1,1,8,0.0121652423979826
"up",2,72,"SVP",1,1,1,8,0.0121652423979826
"up",2,72,"SVP (BIC)",1,1,1,8,0.0121652423979826
"up",2,73,"PELT",0.875,0.875,0.875,8,0.0239996349256146
"up",2,73,"SVP",0.875,0.875,0.875,8,0.0239996349256146
"up",2,73,"SVP (BIC)",0.875,0.875,0.875,8,0.0239996349256146
"up",2,74,"PELT",1,1,1,8,0.024039454463531
"up",2,74,"SVP",1,1,1,8,0.024039454463531
"up",2,74,"SVP (BIC)",1,1,1,8,0.024039454463531
"up",2,75,"PELT",0.777777777777778,0.875,0.823529411764706,9,0.0346680243239799
"up",2,75,"SVP",1,1,1,8,0.0258317719681791
"up",2,75,"SVP (BIC)",1,1,1,8,0.0258317719681791
"up",2,76,"PELT",1,1,1,8,0.00835993259235648
"up",2,76,"SVP",1,1,1,8,0.00835993259235648
"up",2,76,"SVP (BIC)",1,1,1,8,0.00835993259235648
"up",2,77,"PELT",0.777777777777778,0.875,0.823529411764706,9,0.0484149486162187
"up",2,77,"SVP",0.875,0.875,0.875,8,0.0339086641127519
"up",2,77,"SVP (BIC)",0.875,0.875,0.875,8,0.0339086641127519
"up",2,78,"PELT",0.875,0.875,0.875,8,0.0201088963715816
"up",2,78,"SVP",0.875,0.875,0.875,8,0.0201088963715816
"up",2,78,"SVP (BIC)",0.875,0.875,0.875,8,0.0201088963715816
"up",2,79,"PELT",1,1,1,8,0.0257170560202474
"up",2,79,"SVP",1,1,1,8,0.0257170560202474
"up",2,79,"SVP (BIC)",1,1,1,8,0.0257170560202474
"up",2,80,"PELT",1,1,1,8,0.015702027191667
"up",2,80,"SVP",1,1,1,8,0.015702027191667
"up",2,80,"SVP (BIC)",1,1,1,8,0.015702027191667
"up",2,81,"PELT",1,1,1,8,0.0144764220405588
"up",2,81,"SVP",1,1,1,8,0.0144764220405588
"up",2,81,"SVP (BIC)",1,1,1,8,0.0144764220405588
"up",2,82,"PELT",0.75,0.75,0.75,8,0.0458219186181154
"up",2,82,"SVP",0.75,0.75,0.75,8,0.0458219186181154
"up",2,82,"SVP (BIC)",0.75,0.75,0.75,8,0.0458219186181154
"up",2,83,"PELT",1,1,1,8,0.00511778823407592
"up",2,83,"SVP",1,1,1,8,0.00511778823407592
"up",2,83,"SVP (BIC)",1,1,1,8,0.00511778823407592
"up",2,84,"PELT",1,1,1,8,0.00670769697873635
"up",2,84,"SVP",1,1,1,8,0.00670769697873635
"up",2,84,"SVP (BIC)",1,1,1,8,0.00670769697873635
"up",2,85,"PELT",0.875,0.875,0.875,8,0.0369297122556911
"up",2,85,"SVP",0.875,0.875,0.875,8,0.0369297122556911
"up",2,85,"SVP (BIC)",0.875,0.875,0.875,8,0.0369297122556911
"up",2,86,"PELT",1,1,1,8,0.0290674564038998
"up",2,86,"SVP",1,1,1,8,0.0290674564038998
"up",2,86,"SVP (BIC)",1,1,1,8,0.0290674564038998
"up",2,87,"PELT",0.875,0.875,0.875,8,0.0389970054382798
"up",2,87,"SVP",0.875,0.875,0.875,8,0.0389970054382798
"up",2,87,"SVP (BIC)",0.875,0.875,0.875,8,0.0389970054382798
"up",2,88,"PELT",1,1,1,8,0.0113053786287553
"up",2,88,"SVP",1,1,1,8,0.0113053786287553
"up",2,88,"SVP (BIC)",1,1,1,8,0.0113053786287553
"up",2,89,"PELT",1,1,1,8,0.0233517194832899
"up",2,89,"SVP",1,1,1,8,0.0233517194832899
"up",2,89,"SVP (BIC)",1,1,1,8,0.0233517194832899
"up",2,90,"PELT",1,1,1,8,0.0167532287777309
"up",2,90,"SVP",1,1,1,8,0.0167532287777309
"up",2,90,"SVP (BIC)",1,1,1,8,0.0167532287777309
"up",2,91,"PELT",1,1,1,8,0.0197098116553787
"up",2,91,"SVP",0.888888888888889,1,0.941176470588235,9,0.0165747547363834
"up",2,91,"SVP (BIC)",1,1,1,8,0.0197098116553787
"up",2,92,"PELT",1,1,1,8,0.0305478136945525
"up",2,92,"SVP",1,1,1,8,0.0305478136945525
"up",2,92,"SVP (BIC)",1,1,1,8,0.0305478136945525
"up",2,93,"PELT",1,1,1,8,0.0139401643793285
"up",2,93,"SVP",1,1,1,8,0.0139401643793285
"up",2,93,"SVP (BIC)",1,1,1,8,0.0139401643793285
"up",2,94,"PELT",1,1,1,8,0.0115040593592127
"up",2,94,"SVP",0.8,1,0.888888888888889,10,0.0155457764262216
"up",2,94,"SVP (BIC)",1,1,1,8,0.0115040593592127
"up",2,95,"PELT",0.875,0.875,0.875,8,0.0369509466299076
"up",2,95,"SVP",0.875,0.875,0.875,8,0.0369509466299076
"up",2,95,"SVP (BIC)",0.875,0.875,0.875,8,0.0369509466299076
"up",2,96,"PELT",0.875,0.875,0.875,8,0.0352436728009258
"up",2,96,"SVP",0.875,0.875,0.875,8,0.0352436728009258
"up",2,96,"SVP (BIC)",0.875,0.875,0.875,8,0.0352436728009258
"up",2,97,"PELT",0.875,0.875,0.875,8,0.0263980247484435
"up",2,97,"SVP",0.875,0.875,0.875,8,0.0263980247484435
"up",2,97,"SVP (BIC)",0.875,0.875,0.875,8,0.0263980247484435
"up",2,98,"PELT",0.777777777777778,0.875,0.823529411764706,9,0.0549454324256718
"up",2,98,"SVP",0.875,0.875,0.875,8,0.0487847124429942
"up",2,98,"SVP (BIC)",0.875,0.875,0.875,8,0.0487847124429942
"up",2,99,"PELT",1,1,1,8,0.0147933372268871
"up",2,99,"SVP",1,1,1,8,0.0147933372268871
"up",2,99,"SVP (BIC)",1,1,1,8,0.0147933372268871
"up",2,100,"PELT",0.625,0.625,0.625,8,0.0721564605246925
"up",2,100,"SVP",0.625,0.625,0.625,8,0.0721564605246925
"up",2,100,"SVP (BIC)",0.625,0.625,0.625,8,0.0721564605246925
"updown",2,1,"PELT",1,1,1,8,0.00840494110486282
"updown",2,1,"SVP",1,1,1,8,0.00840494110486282
"updown",2,1,"SVP (BIC)",1,1,1,8,0.00840494110486282
"updown",2,2,"PELT",1,1,1,8,0.0176431818426246
"updown",2,2,"SVP",1,1,1,8,0.0176431818426246
"updown",2,2,"SVP (BIC)",1,1,1,8,0.0176431818426246
"updown",2,3,"PELT",0.75,0.75,0.75,8,0.0870339553838168
"updown",2,3,"SVP",0.75,0.75,0.75,8,0.0870339553838168
"updown",2,3,"SVP (BIC)",0.75,0.75,0.75,8,0.0870339553838168
"updown",2,4,"PELT",1,1,1,8,0.0305634238192561
"updown",2,4,"SVP",1,1,1,8,0.0305634238192561
"updown",2,4,"SVP (BIC)",1,1,1,8,0.0305634238192561
"updown",2,5,"PELT",1,1,1,8,0.0255154798792906
"updown",2,5,"SVP",1,1,1,8,0.0255154798792906
"updown",2,5,"SVP (BIC)",1,1,1,8,0.0255154798792906
"updown",2,6,"PELT",0.875,0.875,0.875,8,0.029384071842955
"updown",2,6,"SVP",0.875,0.875,0.875,8,0.0333070458373919
"updown",2,6,"SVP (BIC)",0.875,0.875,0.875,8,0.029384071842955
"updown",2,7,"PELT",0.875,0.875,0.875,8,0.0295827291272787
"updown",2,7,"SVP",0.875,0.875,0.875,8,0.0295827291272787
"updown",2,7,"SVP (BIC)",0.875,0.875,0.875,8,0.0295827291272787
"updown",2,8,"PELT",0.875,0.875,0.875,8,0.0370082202883522
"updown",2,8,"SVP",0.875,0.875,0.875,8,0.0370082202883522
"updown",2,8,"SVP (BIC)",0.875,0.875,0.875,8,0.0370082202883522
"updown",2,9,"PELT",1,1,1,8,0.00818712826052119
"updown",2,9,"SVP",1,1,1,8,0.00818712826052119
"updown",2,9,"SVP (BIC)",1,1,1,8,0.00818712826052119
"updown",2,10,"PELT",1,1,1,8,0.00709781022226402
"updown",2,10,"SVP",1,1,1,8,0.00709781022226402
"updown",2,10,"SVP (BIC)",1,1,1,8,0.00709781022226402
"updown",2,11,"PELT",1,1,1,8,0.0154613695594643
"updown",2,11,"SVP",1,1,1,8,0.0154613695594643
"updown",2,11,"SVP (BIC)",1,1,1,8,0.0154613695594643
"updown",2,12,"PELT",1,1,1,8,0.0116079738185527
"updown",2,12,"SVP",1,1,1,8,0.0116079738185527
"updown",2,12,"SVP (BIC)",1,1,1,8,0.0116079738185527
"updown",2,13,"PELT",1,1,1,8,0.00923134052035702
"updown",2,13,"SVP",1,1,1,8,0.00923134052035702
"updown",2,13,"SVP (BIC)",1,1,1,8,0.00923134052035702
"updown",2,14,"PELT",0.888888888888889,1,0.941176470588235,9,0.0282601433843454
"updown",2,14,"SVP",1,1,1,8,0.012671721491718
"updown",2,14,"SVP (BIC)",1,1,1,8,0.012671721491718
"updown",2,15,"PELT",0.625,0.625,0.625,8,0.039168938660709
"updown",2,15,"SVP",0.625,0.625,0.625,8,0.039168938660709
"updown",2,15,"SVP (BIC)",0.625,0.625,0.625,8,0.039168938660709
"updown",2,16,"PELT",0.888888888888889,1,0.941176470588235,9,0.0500970162095632
"updown",2,16,"SVP",1,1,1,8,0.0354774177775504
"updown",2,16,"SVP (BIC)",1,1,1,8,0.0354774177775504
"updown",2,17,"PELT",1,1,1,8,0.0236873441320297
"updown",2,17,"SVP",1,1,1,8,0.0236873441320297
"updown",2,17,"SVP (BIC)",1,1,1,8,0.0236873441320297
"updown",2,18,"PELT",0.777777777777778,0.875,0.823529411764706,9,0.0476584541145181
"updown",2,18,"SVP",0.875,0.875,0.875,8,0.0308824145030223
"updown",2,18,"SVP (BIC)",0.875,0.875,0.875,8,0.0308824145030223
"updown",2,19,"PELT",1,1,1,8,0.016679687321761
"updown",2,19,"SVP",1,1,1,8,0.016679687321761
"updown",2,19,"SVP (BIC)",1,1,1,8,0.016679687321761
"updown",2,20,"PELT",0.875,0.875,0.875,8,0.0257033444942498
"updown",2,20,"SVP",0.875,0.875,0.875,8,0.0257033444942498
"updown",2,20,"SVP (BIC)",0.875,0.875,0.875,8,0.0257033444942498
"updown",2,21,"PELT",1,1,1,8,0.0208304806429439
"updown",2,21,"SVP",0.888888888888889,1,0.941176470588235,9,0.0308071985644062
"updown",2,21,"SVP (BIC)",1,1,1,8,0.0208304806429439
"updown",2,22,"PELT",1,1,1,8,0.0208175386491007
"updown",2,22,"SVP",1,1,1,8,0.0208175386491007
"updown",2,22,"SVP (BIC)",1,1,1,8,0.0208175386491007
"updown",2,23,"PELT",0.875,0.875,0.875,8,0.0263207180348948
"updown",2,23,"SVP",0.875,0.875,0.875,8,0.0263207180348948
"updown",2,23,"SVP (BIC)",0.875,0.875,0.875,8,0.0263207180348948
"updown",2,24,"PELT",1,1,1,8,0.0209158350874275
"updown",2,24,"SVP",1,1,1,8,0.0209158350874275
"updown",2,24,"SVP (BIC)",1,1,1,8,0.0209158350874275
"updown",2,25,"PELT",1,1,1,8,0.0128656951317077
"updown",2,25,"SVP",1,1,1,8,0.0128656951317077
"updown",2,25,"SVP (BIC)",1,1,1,8,0.0128656951317077
"updown",2,26,"PELT",1,1,1,8,0.0192680949473869
"updown",2,26,"SVP",1,1,1,8,0.0192680949473869
"updown",2,26,"SVP (BIC)",1,1,1,8,0.0192680949473869
"updown",2,27,"PELT",1,1,1,8,0.00650501837905314
"updown",2,27,"SVP",1,1,1,8,0.00650501837905314
"updown",2,27,"SVP (BIC)",1,1,1,8,0.00650501837905314
"updown",2,28,"PELT",0.875,0.875,0.875,8,0.0296238896737679
"updown",2,28,"SVP",0.875,0.875,0.875,8,0.0296238896737679
"updown",2,28,"SVP (BIC)",0.875,0.875,0.875,8,0.0296238896737679
"updown",2,29,"PELT",1,1,1,8,0.0225212772958744
"updown",2,29,"SVP",1,1,1,8,0.0225212772958744
"updown",2,29,"SVP (BIC)",1,1,1,8,0.0225212772958744
"updown",2,30,"PELT",1,1,1,8,0.0206153022281023
"updown",2,30,"SVP",1,1,1,8,0.0206153022281023
"updown",2,30,"SVP (BIC)",1,1,1,8,0.0206153022281023
"updown",2,31,"PELT",1,1,1,8,0.0256029470365156
"updown",2,31,"SVP",1,1,1,8,0.0256029470365156
"updown",2,31,"SVP (BIC)",1,1,1,8,0.0256029470365156
"updown",2,32,"PELT",1,1,1,8,0.015650796442321
"updown",2,32,"SVP",1,1,1,8,0.015650796442321
"updown",2,32,"SVP (BIC)",1,1,1,8,0.015650796442321
"updown",2,33,"PELT",1,1,1,8,0.0109362796395253
"updown",2,33,"SVP",1,1,1,8,0.0109362796395253
"updown",2,33,"SVP (BIC)",1,1,1,8,0.0109362796395253
"updown",2,34,"PELT",0.875,0.875,0.875,8,0.022491612747183
"updown",2,34,"SVP",0.875,0.875,0.875,8,0.022491612747183
"updown",2,34,"SVP (BIC)",0.875,0.875,0.875,8,0.022491612747183
"updown",2,35,"PELT",0.875,0.875,0.875,8,0.0363479525650962
"updown",2,35,"SVP",0.875,0.875,0.875,8,0.0363479525650962
"updown",2,35,"SVP (BIC)",0.875,0.875,0.875,8,0.0363479525650962
"updown",2,36,"PELT",1,1,1,8,0.0365961655104074
"updown",2,36,"SVP",1,1,1,8,0.0365961655104074
"updown",2,36,"SVP (BIC)",1,1,1,8,0.0365961655104074
"updown",2,37,"PELT",0.875,0.875,0.875,8,0.0377320810931548
"updown",2,37,"SVP",0.875,0.875,0.875,8,0.0377320810931548
"updown",2,37,"SVP (BIC)",0.875,0.875,0.875,8,0.0377320810931548
"updown",2,38,"PELT",1,1,1,8,0.0136588758869805
"updown",2,38,"SVP",1,1,1,8,0.0136588758869805
"updown",2,38,"SVP (BIC)",1,1,1,8,0.0136588758869805
"updown",2,39,"PELT",1,1,1,8,0.00964576601720366
"updown",2,39,"SVP",1,1,1,8,0.00964576601720366
"updown",2,39,"SVP (BIC)",1,1,1,8,0.00964576601720366
"updown",2,40,"PELT",1,1,1,8,0.0194755961089935
"updown",2,40,"SVP",1,1,1,8,0.0194755961089935
"updown",2,40,"SVP (BIC)",1,1,1,8,0.0194755961089935
"updown",2,41,"PELT",1,1,1,8,0.0187399040275228
"updown",2,41,"SVP",1,1,1,8,0.0187399040275228
"updown",2,41,"SVP (BIC)",1,1,1,8,0.0187399040275228
"updown",2,42,"PELT",1,1,1,8,0.0243391119889594
"updown",2,42,"SVP",1,1,1,8,0.0243391119889594
"updown",2,42,"SVP (BIC)",1,1,1,8,0.0243391119889594
"updown",2,43,"PELT",1,1,1,8,0.0160598442530542
"updown",2,43,"SVP",1,1,1,8,0.0160598442530542
"updown",2,43,"SVP (BIC)",1,1,1,8,0.0160598442530542
"updown",2,44,"PELT",0.875,0.875,0.875,8,0.0246316984001993
"updown",2,44,"SVP",0.875,0.875,0.875,8,0.0246316984001993
"updown",2,44,"SVP (BIC)",0.875,0.875,0.875,8,0.0246316984001993
"updown",2,45,"PELT",0.75,0.75,0.75,8,0.0451107439335513
"updown",2,45,"SVP",0.75,0.75,0.75,8,0.0451107439335513
"updown",2,45,"SVP (BIC)",0.75,0.75,0.75,8,0.0451107439335513
"updown",2,46,"PELT",0.875,0.875,0.875,8,0.0310170249500231
"updown",2,46,"SVP",0.875,0.875,0.875,8,0.0310170249500231
"updown",2,46,"SVP (BIC)",0.875,0.875,0.875,8,0.0310170249500231
"updown",2,47,"PELT",1,1,1,8,0.0109370859370035
"updown",2,47,"SVP",1,1,1,8,0.0109370859370035
"updown",2,47,"SVP (BIC)",1,1,1,8,0.0109370859370035
"updown",2,48,"PELT",1,1,1,8,0.0191937042834026
"updown",2,48,"SVP",1,1,1,8,0.0191937042834026
"updown",2,48,"SVP (BIC)",1,1,1,8,0.0191937042834026
"updown",2,49,"PELT",1,1,1,8,0.0106645094562767
"updown",2,49,"SVP",1,1,1,8,0.0106645094562767
"updown",2,49,"SVP (BIC)",1,1,1,8,0.0106645094562767
"updown",2,50,"PELT",1,1,1,8,0.0245173349507282
"updown",2,50,"SVP",1,1,1,8,0.0245173349507282
"updown",2,50,"SVP (BIC)",1,1,1,8,0.0245173349507282
"updown",2,51,"PELT",0.75,0.75,0.75,8,0.0438162799829647
"updown",2,51,"SVP",0.75,0.75,0.75,8,0.0438162799829647
"updown",2,51,"SVP (BIC)",0.75,0.75,0.75,8,0.0438162799829647
"updown",2,52,"PELT",1,1,1,8,0.0211512575526167
"updown",2,52,"SVP",1,1,1,8,0.0211512575526167
"updown",2,52,"SVP (BIC)",1,1,1,8,0.0211512575526167
"updown",2,53,"PELT",0.875,0.875,0.875,8,0.0410206401542553
"updown",2,53,"SVP",0.875,0.875,0.875,8,0.0410206401542553
"updown",2,53,"SVP (BIC)",0.875,0.875,0.875,8,0.0410206401542553
"updown",2,54,"PELT",1,1,1,8,0.0135544081862951
"updown",2,54,"SVP",1,1,1,8,0.0135544081862951
"updown",2,54,"SVP (BIC)",1,1,1,8,0.0135544081862951
"updown",2,55,"PELT",0.875,0.875,0.875,8,0.0311239375174577
"updown",2,55,"SVP",0.875,0.875,0.875,8,0.0311239375174577
"updown",2,55,"SVP (BIC)",0.875,0.875,0.875,8,0.0311239375174577
"updown",2,56,"PELT",1,1,1,8,0.0413846927627548
"updown",2,56,"SVP",1,1,1,8,0.0413846927627548
"updown",2,56,"SVP (BIC)",1,1,1,8,0.0413846927627548
"updown",2,57,"PELT",1,1,1,8,0.0186462350506952
"updown",2,57,"SVP",1,1,1,8,0.0186462350506952
"updown",2,57,"SVP (BIC)",1,1,1,8,0.0186462350506952
"updown",2,58,"PELT",0.875,0.875,0.875,8,0.0253984480553425
"updown",2,58,"SVP",0.875,0.875,0.875,8,0.0253984480553425
"updown",2,58,"SVP (BIC)",0.875,0.875,0.875,8,0.0253984480553425
"updown",2,59,"PELT",1,1,1,8,0.00974651561795603
"updown",2,59,"SVP",1,1,1,8,0.00974651561795603
"updown",2,59,"SVP (BIC)",1,1,1,8,0.00974651561795603
"updown",2,60,"PELT",1,1,1,8,0.0168024545841717
"updown",2,60,"SVP",1,1,1,8,0.0168024545841717
"updown",2,60,"SVP (BIC)",1,1,1,8,0.0168024545841717
"updown",2,61,"PELT",0.875,0.875,0.875,8,0.0320625106520511
"updown",2,61,"SVP",0.875,0.875,0.875,8,0.0320625106520511
"updown",2,61,"SVP (BIC)",0.875,0.875,0.875,8,0.0320625106520511
"updown",2,62,"PELT",1,1,1,8,0.0226808589207231
"updown",2,62,"SVP",1,1,1,8,0.0226808589207231
"updown",2,62,"SVP (BIC)",1,1,1,8,0.0226808589207231
"updown",2,63,"PELT",1,1,1,8,0.0273768678940024
"updown",2,63,"SVP",1,1,1,8,0.0273768678940024
"updown",2,63,"SVP (BIC)",1,1,1,8,0.0273768678940024
"updown",2,64,"PELT",1,1,1,8,0.0214787538743967
"updown",2,64,"SVP",1,1,1,8,0.0214787538743967
"updown",2,64,"SVP (BIC)",1,1,1,8,0.0214787538743967
"updown",2,65,"PELT",0.875,0.875,0.875,8,0.0245059377634204
"updown",2,65,"SVP",0.875,0.875,0.875,8,0.0245059377634204
"updown",2,65,"SVP (BIC)",0.875,0.875,0.875,8,0.0245059377634204
"updown",2,66,"PELT",0.875,0.875,0.875,8,0.0302560556971418
"updown",2,66,"SVP",0.875,0.875,0.875,8,0.0302560556971418
"updown",2,66,"SVP (BIC)",0.875,0.875,0.875,8,0.0302560556971418
"updown",2,67,"PELT",1,1,1,8,0.0266688783072736
"updown",2,67,"SVP",1,1,1,8,0.0266688783072736
"updown",2,67,"SVP (BIC)",1,1,1,8,0.0266688783072736
"updown",2,68,"PELT",1,1,1,8,0.00309601962454031
"updown",2,68,"SVP",1,1,1,8,0.00309601962454031
"updown",2,68,"SVP (BIC)",1,1,1,8,0.00309601962454031
"updown",2,69,"PELT",0.875,0.875,0.875,8,0.0304539847400905
"updown",2,69,"SVP",0.875,0.875,0.875,8,0.0304539847400905
"updown",2,69,"SVP (BIC)",0.875,0.875,0.875,8,0.0304539847400905
"updown",2,70,"PELT",0.875,0.875,0.875,8,0.0295633734834223
"updown",2,70,"SVP",0.875,0.875,0.875,8,0.0295633734834223
"updown",2,70,"SVP (BIC)",0.875,0.875,0.875,8,0.0295633734834223
"updown",2,71,"PELT",0.777777777777778,0.875,0.823529411764706,9,0.0534185958125144
"updown",2,71,"SVP",1,1,1,8,0.0205898095556255
"updown",2,71,"SVP (BIC)",1,1,1,8,0.0205898095556255
"updown",2,72,"PELT",0.75,0.75,0.75,8,0.039643919128264
"updown",2,72,"SVP",0.75,0.75,0.75,8,0.039643919128264
"updown",2,72,"SVP (BIC)",0.75,0.75,0.75,8,0.039643919128264
"updown",2,73,"PELT",1,1,1,8,0.0159686894236998
"updown",2,73,"SVP",1,1,1,8,0.0159686894236998
"updown",2,73,"SVP (BIC)",1,1,1,8,0.0159686894236998
"updown",2,74,"PELT",0.875,0.875,0.875,8,0.0306121509309151
"updown",2,74,"SVP",0.875,0.875,0.875,8,0.0306121509309151
"updown",2,74,"SVP (BIC)",0.875,0.875,0.875,8,0.0306121509309151
"updown",2,75,"PELT",0.875,0.875,0.875,8,0.0317901391881635
"updown",2,75,"SVP",0.875,0.875,0.875,8,0.0317901391881635
"updown",2,75,"SVP (BIC)",0.875,0.875,0.875,8,0.0317901391881635
"updown",2,76,"PELT",0.875,0.875,0.875,8,0.0287966626491575
"updown",2,76,"SVP",0.875,0.875,0.875,8,0.0287966626491575
"updown",2,76,"SVP (BIC)",0.875,0.875,0.875,8,0.0287966626491575
"updown",2,77,"PELT",1,1,1,8,0.0236346977586589
"updown",2,77,"SVP",1,1,1,8,0.0236346977586589
"updown",2,77,"SVP (BIC)",1,1,1,8,0.0236346977586589
"updown",2,78,"PELT",0.875,0.875,0.875,8,0.0339466215981442
"updown",2,78,"SVP",0.875,0.875,0.875,8,0.0339466215981442
"updown",2,78,"SVP (BIC)",0.875,0.875,0.875,8,0.0339466215981442
"updown",2,79,"PELT",1,1,1,8,0.0280263215306565
"updown",2,79,"SVP",1,1,1,8,0.0280263215306565
"updown",2,79,"SVP (BIC)",1,1,1,8,0.0280263215306565
"updown",2,80,"PELT",1,1,1,8,0.0223758730727307
"updown",2,80,"SVP",1,1,1,8,0.0223758730727307
"updown",2,80,"SVP (BIC)",1,1,1,8,0.0223758730727307
"updown",2,81,"PELT",1,1,1,8,0.00980917436354622
"updown",2,81,"SVP",1,1,1,8,0.00980917436354622
"updown",2,81,"SVP (BIC)",1,1,1,8,0.00980917436354622
"updown",2,82,"PELT",1,1,1,8,0.0177170093502812
"updown",2,82,"SVP",1,1,1,8,0.0177170093502812
"updown",2,82,"SVP (BIC)",1,1,1,8,0.0177170093502812
"updown",2,83,"PELT",0.875,0.875,0.875,8,0.0463350979270266
"updown",2,83,"SVP",0.875,0.875,0.875,8,0.0463350979270266
"updown",2,83,"SVP (BIC)",0.875,0.875,0.875,8,0.0463350979270266
"updown",2,84,"PELT",1,1,1,8,0.00155356614667229
"updown",2,84,"SVP",1,1,1,8,0.00155356614667229
"updown",2,84,"SVP (BIC)",1,1,1,8,0.00155356614667229
"updown",2,85,"PELT",1,1,1,8,0.0266270265187008
"updown",2,85,"SVP",1,1,1,8,0.0266270265187008
"updown",2,85,"SVP (BIC)",1,1,1,8,0.0266270265187008
"updown",2,86,"PELT",1,1,1,8,0.00845340505328326
"updown",2,86,"SVP",1,1,1,8,0.00845340505328326
"updown",2,86,"SVP (BIC)",1,1,1,8,0.00845340505328326
"updown",2,87,"PELT",0.875,0.875,0.875,8,0.0413376600859997
"updown",2,87,"SVP",0.875,0.875,0.875,8,0.0413376600859997
"updown",2,87,"SVP (BIC)",0.875,0.875,0.875,8,0.0413376600859997
"updown",2,88,"PELT",1,1,1,8,0.021125638170413
"updown",2,88,"SVP",1,1,1,8,0.021125638170413
"updown",2,88,"SVP (BIC)",1,1,1,8,0.021125638170413
"updown",2,89,"PELT",0.875,0.875,0.875,8,0.0341352652679254
"updown",2,89,"SVP",0.875,0.875,0.875,8,0.0341352652679254
"updown",2,89,"SVP (BIC)",0.875,0.875,0.875,8,0.0341352652679254
"updown",2,90,"PELT",1,1,1,8,0.0144821139071274
"updown",2,90,"SVP",1,1,1,8,0.0144821139071274
"updown",2,90,"SVP (BIC)",1,1,1,8,0.0144821139071274
"updown",2,91,"PELT",1,1,1,8,0.0271052736844741
"updown",2,91,"SVP",1,1,1,8,0.0271052736844741
"updown",2,91,"SVP (BIC)",1,1,1,8,0.0271052736844741
"updown",2,92,"PELT",1,1,1,8,0.0264462372631244
"updown",2,92,"SVP",1,1,1,8,0.0264462372631244
"updown",2,92,"SVP (BIC)",1,1,1,8,0.0264462372631244
"updown",2,93,"PELT",0.777777777777778,0.875,0.823529411764706,9,0.0530293059173634
"updown",2,93,"SVP",0.875,0.875,0.875,8,0.0332594887192403
"updown",2,93,"SVP (BIC)",0.875,0.875,0.875,8,0.0332594887192403
"updown",2,94,"PELT",0.875,0.875,0.875,8,0.03076483190132
"updown",2,94,"SVP",0.875,0.875,0.875,8,0.03076483190132
"updown",2,94,"SVP (BIC)",0.875,0.875,0.875,8,0.03076483190132
"updown",2,95,"PELT",1,1,1,8,0.00723007404478526
"updown",2,95,"SVP",1,1,1,8,0.00723007404478526
"updown",2,95,"SVP (BIC)",1,1,1,8,0.00723007404478526
"updown",2,96,"PELT",1,1,1,8,0.00417186498832187
"updown",2,96,"SVP",1,1,1,8,0.00417186498832187
"updown",2,96,"SVP (BIC)",1,1,1,8,0.00417186498832187
"updown",2,97,"PELT",1,1,1,8,0.00436942361309216
"updown",2,97,"SVP",1,1,1,8,0.00436942361309216
"updown",2,97,"SVP (BIC)",1,1,1,8,0.00436942361309216
"updown",2,98,"PELT",0.888888888888889,1,0.941176470588235,9,0.0557809985913633
"updown",2,98,"SVP",1,1,1,8,0.03865942157524
"updown",2,98,"SVP (BIC)",1,1,1,8,0.03865942157524
"updown",2,99,"PELT",1,1,1,8,0.0264576745643075
"updown",2,99,"SVP",1,1,1,8,0.0264576745643075
"updown",2,99,"SVP (BIC)",1,1,1,8,0.0264576745643075
"updown",2,100,"PELT",1,1,1,8,0.00408387532306094
"updown",2,100,"SVP",1,1,1,8,0.00408387532306094
"updown",2,100,"SVP (BIC)",1,1,1,8,0.00408387532306094
"rand1",2,1,"PELT",0.857142857142857,0.75,0.8,7,0.0202671812492286
"rand1",2,1,"SVP",0.857142857142857,0.75,0.8,7,0.0202671812492286
"rand1",2,1,"SVP (BIC)",0.833333333333333,0.625,0.714285714285714,6,0.0292317187077304
"rand1",2,2,"PELT",1,0.75,0.857142857142857,6,0.0225126359316733
"rand1",2,2,"SVP",1,0.75,0.857142857142857,6,0.0225126359316733
"rand1",2,2,"SVP (BIC)",1,0.75,0.857142857142857,6,0.0225126359316733
"rand1",2,3,"PELT",1,0.75,0.857142857142857,6,0.0221273675330938
"rand1",2,3,"SVP",1,0.75,0.857142857142857,6,0.0221273675330938
"rand1",2,3,"SVP (BIC)",1,0.625,0.769230769230769,5,0.0459951652217591
"rand1",2,4,"PELT",0.714285714285714,0.625,0.666666666666667,7,0.0148121502551753
"rand1",2,4,"SVP",0.714285714285714,0.625,0.666666666666667,7,0.0218065574520277
"rand1",2,4,"SVP (BIC)",0.833333333333333,0.625,0.714285714285714,6,0.0221301804559888
"rand1",2,5,"PELT",0.857142857142857,0.75,0.8,7,0.00550057415252006
"rand1",2,5,"SVP",0.857142857142857,0.75,0.8,7,0.00550057415252006
"rand1",2,5,"SVP (BIC)",1,0.75,0.857142857142857,6,0.0162850637356856
"rand1",2,6,"PELT",1,0.75,0.857142857142857,6,0.0185480833157156
"rand1",2,6,"SVP",1,0.75,0.857142857142857,6,0.0185480833157156
"rand1",2,6,"SVP (BIC)",1,0.75,0.857142857142857,6,0.0185480833157156
"rand1",2,7,"PELT",0.75,0.75,0.75,8,0.0297960435748771
"rand1",2,7,"SVP",0.857142857142857,0.75,0.8,7,0.00765001079185121
"rand1",2,7,"SVP (BIC)",1,0.75,0.857142857142857,6,0.0152935967340828
"rand1",2,8,"PELT",0.714285714285714,0.625,0.666666666666667,7,0.0195955845453822
"rand1",2,8,"SVP",0.833333333333333,0.625,0.714285714285714,6,0.0262575568817229
"rand1",2,8,"SVP (BIC)",1,0.625,0.769230769230769,5,0.0476587662694328
"rand1",2,9,"PELT",0.714285714285714,0.625,0.666666666666667,7,0.0209045708301846
"rand1",2,9,"SVP",0.833333333333333,0.625,0.714285714285714,6,0.0497638771738472
"rand1",2,9,"SVP (BIC)",1,0.625,0.769230769230769,5,0.0487874786118903
"rand1",2,10,"PELT",0.714285714285714,0.625,0.666666666666667,7,0.0239631777941826
"rand1",2,10,"SVP",0.714285714285714,0.625,0.666666666666667,7,0.0239631777941826
"rand1",2,10,"SVP (BIC)",1,0.625,0.769230769230769,5,0.0400260432528788
"rand1",2,11,"PELT",0.714285714285714,0.625,0.666666666666667,7,0.0257141578965797
"rand1",2,11,"SVP",0.833333333333333,0.625,0.714285714285714,6,0.0434118520245743
"rand1",2,11,"SVP (BIC)",0.833333333333333,0.625,0.714285714285714,6,0.0329385857125594
"rand1",2,12,"PELT",1,0.75,0.857142857142857,6,0.0175841866015243
"rand1",2,12,"SVP",1,0.875,0.933333333333333,7,0.00620215739908071
"rand1",2,12,"SVP (BIC)",1,0.75,0.857142857142857,6,0.0175841866015243
"rand1",2,13,"PELT",0.833333333333333,0.625,0.714285714285714,6,0.0261238119057224
"rand1",2,13,"SVP",0.625,0.625,0.625,8,0.0239125799135925
"rand1",2,13,"SVP (BIC)",1,0.625,0.769230769230769,5,0.0376257630044804
"rand1",2,14,"PELT",0.714285714285714,0.625,0.666666666666667,7,0.0106286141755916
"rand1",2,14,"SVP",0.833333333333333,0.625,0.714285714285714,6,0.0191941961040165
"rand1",2,14,"SVP (BIC)",0.833333333333333,0.625,0.714285714285714,6,0.0191941961040165
"rand1",2,15,"PELT",0.857142857142857,0.75,0.8,7,0.0205447903203461
"rand1",2,15,"SVP",1,0.75,0.857142857142857,6,0.0256590450097594
"rand1",2,15,"SVP (BIC)",1,0.75,0.857142857142857,6,0.0256590450097594
"rand1",2,16,"PELT",0.833333333333333,0.625,0.714285714285714,6,0.0404711320609591
"rand1",2,16,"SVP",0.833333333333333,0.625,0.714285714285714,6,0.0404711320609591
"rand1",2,16,"SVP (BIC)",1,0.625,0.769230769230769,5,0.0631622941370116
"rand1",2,17,"PELT",0.714285714285714,0.625,0.666666666666667,7,0.0104982634029565
"rand1",2,17,"SVP",0.833333333333333,0.625,0.714285714285714,6,0.0186688622304477
"rand1",2,17,"SVP (BIC)",1,0.625,0.769230769230769,5,0.0391506100186728
"rand1",2,18,"PELT",0.857142857142857,0.75,0.8,7,0.0110597568536072
"rand1",2,18,"SVP",0.833333333333333,0.625,0.714285714285714,6,0.0216487917588301
"rand1",2,18,"SVP (BIC)",1,0.75,0.857142857142857,6,0.0200324749406479
"rand1",2,19,"PELT",0.857142857142857,0.75,0.8,7,0.0112846548548179
"rand1",2,19,"SVP",0.833333333333333,0.625,0.714285714285714,6,0.0210566323778623
"rand1",2,19,"SVP (BIC)",1,0.625,0.769230769230769,5,0.0417667524996755
"rand1",2,20,"PELT",1,0.75,0.857142857142857,6,0.0187991120548784
"rand1",2,20,"SVP",1,0.75,0.857142857142857,6,0.0187991120548784
"rand1",2,20,"SVP (BIC)",1,0.625,0.769230769230769,5,0.0429871339597688
"rand1",2,21,"PELT",0.571428571428571,0.5,0.533333333333333,7,0.0492954296483375
"rand1",2,21,"SVP",0.571428571428571,0.5,0.533333333333333,7,0.0492954296483375
"rand1",2,21,"SVP (BIC)",0.666666666666667,0.5,0.571428571428572,6,0.0516943595479664
"rand1",2,22,"PELT",0.857142857142857,0.75,0.8,7,0.0168305399588125
"rand1",2,22,"SVP",0.857142857142857,0.75,0.8,7,0.0168305399588125
"rand1",2,22,"SVP (BIC)",1,0.75,0.857142857142857,6,0.0184856006404799
"rand1",2,23,"PELT",0.833333333333333,0.625,0.714285714285714,6,0.0316274783038852
"rand1",2,23,"SVP",0.833333333333333,0.625,0.714285714285714,6,0.0316274783038852
"rand1",2,23,"SVP (BIC)",0.833333333333333,0.625,0.714285714285714,6,0.0316274783038852
"rand1",2,24,"PELT",1,0.875,0.933333333333333,7,0.0162488736126753
"rand1",2,24,"SVP",1,0.875,0.933333333333333,7,0.0162488736126753
"rand1",2,24,"SVP (BIC)",1,0.75,0.857142857142857,6,0.0248614836275578
"rand1",2,25,"PELT",0.714285714285714,0.625,0.666666666666667,7,0.0196119755525945
"rand1",2,25,"SVP",0.833333333333333,0.625,0.714285714285714,6,0.050298961962521
"rand1",2,25,"SVP (BIC)",0.833333333333333,0.625,0.714285714285714,6,0.0509231850639661
"rand1",2,26,"PELT",0.833333333333333,0.625,0.714285714285714,6,0.0213990690633176
"rand1",2,26,"SVP",0.833333333333333,0.625,0.714285714285714,6,0.0213990690633176
"rand1",2,26,"SVP (BIC)",0.833333333333333,0.625,0.714285714285714,6,0.0213990690633176
"rand1",2,27,"PELT",0.833333333333333,0.625,0.714285714285714,6,0.0256028344557623
"rand1",2,27,"SVP",0.833333333333333,0.625,0.714285714285714,6,0.0256028344557623
"rand1",2,27,"SVP (BIC)",0.833333333333333,0.625,0.714285714285714,6,0.0256028344557623
"rand1",2,28,"PELT",0.714285714285714,0.625,0.666666666666667,7,0.0256988188239595
"rand1",2,28,"SVP",0.714285714285714,0.625,0.666666666666667,7,0.0256988188239595
"rand1",2,28,"SVP (BIC)",1,0.75,0.857142857142857,6,0.032127222580863
"rand1",2,29,"PELT",1,0.75,0.857142857142857,6,0.0186081876601265
"rand1",2,29,"SVP",1,0.75,0.857142857142857,6,0.0186081876601265
"rand1",2,29,"SVP (BIC)",1,0.75,0.857142857142857,6,0.0186081876601265
"rand1",2,30,"PELT",0.857142857142857,0.75,0.8,7,0.0223880785897048
"rand1",2,30,"SVP",0.857142857142857,0.75,0.8,7,0.0223880785897048
"rand1",2,30,"SVP (BIC)",0.833333333333333,0.625,0.714285714285714,6,0.0308276533949692
"rand1",2,31,"PELT",0.833333333333333,0.625,0.714285714285714,6,0.064784526811928
"rand1",2,31,"SVP",0.833333333333333,0.625,0.714285714285714,6,0.064784526811928
"rand1",2,31,"SVP (BIC)",0.833333333333333,0.625,0.714285714285714,6,0.064784526811928
"rand1",2,32,"PELT",0.833333333333333,0.625,0.714285714285714,6,0.0235146183721221
"rand1",2,32,"SVP",0.833333333333333,0.625,0.714285714285714,6,0.0235146183721221
"rand1",2,32,"SVP (BIC)",1,0.625,0.769230769230769,5,0.0468480239840424
"rand1",2,33,"PELT",0.714285714285714,0.625,0.666666666666667,7,0.0301165569101513
"rand1",2,33,"SVP",1,0.75,0.857142857142857,6,0.0467999069292272
"rand1",2,33,"SVP (BIC)",1,0.625,0.769230769230769,5,0.047551487248122
"rand1",2,34,"PELT",0.714285714285714,0.625,0.666666666666667,7,0.018612221911554
"rand1",2,34,"SVP",0.714285714285714,0.625,0.666666666666667,7,0.018612221911554
"rand1",2,34,"SVP (BIC)",0.833333333333333,0.625,0.714285714285714,6,0.023551800317203
"rand1",2,35,"PELT",0.571428571428571,0.5,0.533333333333333,7,0.0457717748917459
"rand1",2,35,"SVP",0.666666666666667,0.5,0.571428571428572,6,0.0497796640692466
"rand1",2,35,"SVP (BIC)",0.666666666666667,0.5,0.571428571428572,6,0.0497796640692466
"rand1",2,36,"PELT",1,0.625,0.769230769230769,5,0.0484639999883026
"rand1",2,36,"SVP",1,0.625,0.769230769230769,5,0.0484639999883026
"rand1",2,36,"SVP (BIC)",1,0.625,0.769230769230769,5,0.0484639999883026
"rand1",2,37,"PELT",1,0.75,0.857142857142857,6,0.0324558961786146
"rand1",2,37,"SVP",1,0.625,0.769230769230769,5,0.0541859618822763
"rand1",2,37,"SVP (BIC)",1,0.625,0.769230769230769,5,0.0541859618822763
"rand1",2,38,"PELT",0.857142857142857,0.75,0.8,7,0.0300339710878727
"rand1",2,38,"SVP",0.857142857142857,0.75,0.8,7,0.0300339710878727
"rand1",2,38,"SVP (BIC)",1,0.75,0.857142857142857,6,0.0322620556921032
"rand1",2,39,"PELT",1,0.875,0.933333333333333,7,0.0119589766954549
"rand1",2,39,"SVP",0.833333333333333,0.625,0.714285714285714,6,0.0391744794548838
"rand1",2,39,"SVP (BIC)",1,0.625,0.769230769230769,5,0.045714267612205
"rand1",2,40,"PELT",0.833333333333333,0.625,0.714285714285714,6,0.0160772650508712
"rand1",2,40,"SVP",0.833333333333333,0.625,0.714285714285714,6,0.0160772650508712
"rand1",2,40,"SVP (BIC)",0.833333333333333,0.625,0.714285714285714,6,0.0160772650508712
"rand1",2,41,"PELT",1,0.75,0.857142857142857,6,0.0153626142117699
"rand1",2,41,"SVP",1,0.75,0.857142857142857,6,0.0153626142117699
"rand1",2,41,"SVP (BIC)",1,0.75,0.857142857142857,6,0.0153626142117699
"rand1",2,42,"PELT",0.714285714285714,0.625,0.666666666666667,7,0.0280785286272821
"rand1",2,42,"SVP",0.714285714285714,0.625,0.666666666666667,7,0.0280785286272821
"rand1",2,42,"SVP (BIC)",0.833333333333333,0.625,0.714285714285714,6,0.0212627625438072
"rand1",2,43,"PELT",0.714285714285714,0.625,0.666666666666667,7,0.0282396178538483
"rand1",2,43,"SVP",0.714285714285714,0.625,0.666666666666667,7,0.0282396178538483
"rand1",2,43,"SVP (BIC)",0.714285714285714,0.625,0.666666666666667,7,0.0282396178538483
"rand1",2,44,"PELT",0.75,0.75,0.75,8,0.0526683227015786
"rand1",2,44,"SVP",1,0.75,0.857142857142857,6,0.0441433817831084
"rand1",2,44,"SVP (BIC)",1,0.625,0.769230769230769,5,0.0763859004639238
"rand1",2,45,"PELT",0.714285714285714,0.625,0.666666666666667,7,0.0174011406465114
"rand1",2,45,"SVP",0.714285714285714,0.625,0.666666666666667,7,0.0174011406465114
"rand1",2,45,"SVP (BIC)",1,0.625,0.769230769230769,5,0.0419687182196413
"rand1",2,46,"PELT",0.833333333333333,0.625,0.714285714285714,6,0.0183318370637068
"rand1",2,46,"SVP",0.833333333333333,0.625,0.714285714285714,6,0.0183318370637068
"rand1",2,46,"SVP (BIC)",0.833333333333333,0.625,0.714285714285714,6,0.0183318370637068
"rand1",2,47,"PELT",0.857142857142857,0.75,0.8,7,0.0156443434660012
"rand1",2,47,"SVP",1,0.75,0.857142857142857,6,0.0176411786302226
"rand1",2,47,"SVP (BIC)",1,0.75,0.857142857142857,6,0.0176411786302226
"rand1",2,48,"PELT",0.714285714285714,0.625,0.666666666666667,7,0.0136007768953061
"rand1",2,48,"SVP",0.833333333333333,0.625,0.714285714285714,6,0.021983339960887
"rand1",2,48,"SVP (BIC)",0.833333333333333,0.625,0.714285714285714,6,0.021983339960887
"rand1",2,49,"PELT",0.714285714285714,0.625,0.666666666666667,7,0.0123539834877476
"rand1",2,49,"SVP",0.714285714285714,0.625,0.666666666666667,7,0.0123539834877476
"rand1",2,49,"SVP (BIC)",0.833333333333333,0.625,0.714285714285714,6,0.0192867915526025
"rand1",2,50,"PELT",0.714285714285714,0.625,0.666666666666667,7,0.0166795310510659
"rand1",2,50,"SVP",0.833333333333333,0.625,0.714285714285714,6,0.0472495168536521
"rand1",2,50,"SVP (BIC)",1,0.625,0.769230769230769,5,0.0405896900716977
"rand1",2,51,"PELT",0.857142857142857,0.75,0.8,7,0.0172670482252121
"rand1",2,51,"SVP",0.857142857142857,0.75,0.8,7,0.0172670482252121
"rand1",2,51,"SVP (BIC)",1,0.75,0.857142857142857,6,0.0226224942923747
"rand1",2,52,"PELT",1,0.75,0.857142857142857,6,0.0211167343971751
"rand1",2,52,"SVP",1,0.75,0.857142857142857,6,0.0211167343971751
"rand1",2,52,"SVP (BIC)",1,0.75,0.857142857142857,6,0.0211167343971751
"rand1",2,53,"PELT",1,0.75,0.857142857142857,6,0.0155996319799207
"rand1",2,53,"SVP",1,0.625,0.769230769230769,5,0.0398767315185678
"rand1",2,53,"SVP (BIC)",1,0.625,0.769230769230769,5,0.0398767315185678
"rand1",2,54,"PELT",0.714285714285714,0.625,0.666666666666667,7,0.034551773672788
"rand1",2,54,"SVP",0.833333333333333,0.625,0.714285714285714,6,0.045626671870491
"rand1",2,54,"SVP (BIC)",0.833333333333333,0.625,0.714285714285714,6,0.0426596069814976
"rand1",2,55,"PELT",0.714285714285714,0.625,0.666666666666667,7,0.0214919949161127
"rand1",2,55,"SVP",0.714285714285714,0.625,0.666666666666667,7,0.0214919949161127
"rand1",2,55,"SVP (BIC)",0.833333333333333,0.625,0.714285714285714,6,0.0256248373871185
"rand1",2,56,"PELT",0.833333333333333,0.625,0.714285714285714,6,0.0347837380716901
"rand1",2,56,"SVP",0.833333333333333,0.625,0.714285714285714,6,0.0347837380716901
"rand1",2,56,"SVP (BIC)",1,0.625,0.769230769230769,5,0.0484764724349568
"rand1",2,57,"PELT",0.857142857142857,0.75,0.8,7,0.01037685854643
"rand1",2,57,"SVP",0.857142857142857,0.75,0.8,7,0.01037685854643
"rand1",2,57,"SVP (BIC)",1,0.625,0.769230769230769,5,0.0402340217337281
"rand1",2,58,"PELT",1,0.75,0.857142857142857,6,0.027893467473273
"rand1",2,58,"SVP",1,0.75,0.857142857142857,6,0.027893467473273
"rand1",2,58,"SVP (BIC)",1,0.75,0.857142857142857,6,0.027893467473273
"rand1",2,59,"PELT",0.75,0.75,0.75,8,0.0363253426301043
"rand1",2,59,"SVP",0.857142857142857,0.75,0.8,7,0.0216454133043241
"rand1",2,59,"SVP (BIC)",0.857142857142857,0.75,0.8,7,0.0216454133043241
"rand1",2,60,"PELT",0.714285714285714,0.625,0.666666666666667,7,0.0095330126504987
"rand1",2,60,"SVP",0.833333333333333,0.625,0.714285714285714,6,0.0381295306847026
"rand1",2,60,"SVP (BIC)",1,0.625,0.769230769230769,5,0.0410180368473736
"rand1",2,61,"PELT",0.833333333333333,0.625,0.714285714285714,6,0.029813363386756
"rand1",2,61,"SVP",0.833333333333333,0.625,0.714285714285714,6,0.0564146411855946
"rand1",2,61,"SVP (BIC)",1,0.625,0.769230769230769,5,0.0500541353790662
"rand1",2,62,"PELT",0.857142857142857,0.75,0.8,7,0.0171961090057294
"rand1",2,62,"SVP",1,0.75,0.857142857142857,6,0.022533728787525
"rand1",2,62,"SVP (BIC)",1,0.75,0.857142857142857,6,0.022533728787525
"rand1",2,63,"PELT",1,0.75,0.857142857142857,6,0.0186499487183945
"rand1",2,63,"SVP",1,0.75,0.857142857142857,6,0.0186499487183945
"rand1",2,63,"SVP (BIC)",1,0.75,0.857142857142857,6,0.0186499487183945
"rand1",2,64,"PELT",0.833333333333333,0.625,0.714285714285714,6,0.0261187484644242
"rand1",2,64,"SVP",0.833333333333333,0.625,0.714285714285714,6,0.0261187484644242
"rand1",2,64,"SVP (BIC)",0.833333333333333,0.625,0.714285714285714,6,0.0261187484644242
"rand1",2,65,"PELT",1,0.625,0.769230769230769,5,0.0509691221139259
"rand1",2,65,"SVP",1,0.625,0.769230769230769,5,0.0509691221139259
"rand1",2,65,"SVP (BIC)",1,0.625,0.769230769230769,5,0.0509691221139259
"rand1",2,66,"PELT",0.714285714285714,0.625,0.666666666666667,7,0.0331377843172005
"rand1",2,66,"SVP",0.714285714285714,0.625,0.666666666666667,7,0.0331377843172005
"rand1",2,66,"SVP (BIC)",0.833333333333333,0.625,0.714285714285714,6,0.0389015960474116
"rand1",2,67,"PELT",0.833333333333333,0.625,0.714285714285714,6,0.0564733885411002
"rand1",2,67,"SVP",1,0.625,0.769230769230769,5,0.0580535443484548
"rand1",2,67,"SVP (BIC)",1,0.625,0.769230769230769,5,0.0580535443484548
"rand1",2,68,"PELT",0.857142857142857,0.75,0.8,7,0.00732784991181521
"rand1",2,68,"SVP",1,0.625,0.769230769230769,5,0.0392937148662159
"rand1",2,68,"SVP (BIC)",1,0.625,0.769230769230769,5,0.0392937148662159
"rand1",2,69,"PELT",0.714285714285714,0.625,0.666666666666667,7,0.0146066359540058
"rand1",2,69,"SVP",0.714285714285714,0.625,0.666666666666667,7,0.0146066359540058
"rand1",2,69,"SVP (BIC)",1,0.625,0.769230769230769,5,0.0410435841550292
"rand1",2,70,"PELT",0.833333333333333,0.625,0.714285714285714,6,0.023425566926141
"rand1",2,70,"SVP",0.833333333333333,0.625,0.714285714285714,6,0.023425566926141
"rand1",2,70,"SVP (BIC)",0.833333333333333,0.625,0.714285714285714,6,0.023425566926141
"rand1",2,71,"PELT",1,0.75,0.857142857142857,6,0.0212050905626213
"rand1",2,71,"SVP",1,0.75,0.857142857142857,6,0.0212050905626213
"rand1",2,71,"SVP (BIC)",1,0.75,0.857142857142857,6,0.0212050905626213
"rand1",2,72,"PELT",1,0.75,0.857142857142857,6,0.0138755965738514
"rand1",2,72,"SVP",1,0.75,0.857142857142857,6,0.0138755965738514
"rand1",2,72,"SVP (BIC)",1,0.625,0.769230769230769,5,0.0382695941245306
"rand1",2,73,"PELT",1,0.75,0.857142857142857,6,0.0367485171533508
"rand1",2,73,"SVP",1,0.75,0.857142857142857,6,0.0367485171533508
"rand1",2,73,"SVP (BIC)",1,0.75,0.857142857142857,6,0.0367485171533508
"rand1",2,74,"PELT",1,0.625,0.769230769230769,5,0.0484720945911027
"rand1",2,74,"SVP",1,0.625,0.769230769230769,5,0.0484720945911027
"rand1",2,74,"SVP (BIC)",1,0.625,0.769230769230769,5,0.0484720945911027
"rand1",2,75,"PELT",0.857142857142857,0.75,0.8,7,0.0370291478296099
"rand1",2,75,"SVP",1,0.75,0.857142857142857,6,0.0299134420637781
"rand1",2,75,"SVP (BIC)",1,0.75,0.857142857142857,6,0.0299134420637781
"rand1",2,76,"PELT",0.714285714285714,0.625,0.666666666666667,7,0.00959415032059482
"rand1",2,76,"SVP",0.833333333333333,0.625,0.714285714285714,6,0.0198745890251936
"rand1",2,76,"SVP (BIC)",0.833333333333333,0.625,0.714285714285714,6,0.0198745890251936
"rand1",2,77,"PELT",0.833333333333333,0.625,0.714285714285714,6,0.0338310339088056
"rand1",2,77,"SVP",0.833333333333333,0.625,0.714285714285714,6,0.0338310339088056
"rand1",2,77,"SVP (BIC)",1,0.625,0.769230769230769,5,0.0500191561711848
"rand1",2,78,"PELT",0.857142857142857,0.75,0.8,7,0.0117960052463686
"rand1",2,78,"SVP",1,0.75,0.857142857142857,6,0.0205962667561651
"rand1",2,78,"SVP (BIC)",1,0.625,0.769230769230769,5,0.0450972527628563
"rand1",2,79,"PELT",1,0.625,0.769230769230769,5,0.0373951208001708
"rand1",2,79,"SVP",1,0.625,0.769230769230769,5,0.0373951208001708
"rand1",2,79,"SVP (BIC)",1,0.625,0.769230769230769,5,0.0373951208001708
"rand1",2,80,"PELT",0.833333333333333,0.625,0.714285714285714,6,0.0205909190728162
"rand1",2,80,"SVP",0.833333333333333,0.625,0.714285714285714,6,0.0205909190728162
"rand1",2,80,"SVP (BIC)",1,0.625,0.769230769230769,5,0.0427482653788074
"rand1",2,81,"PELT",0.714285714285714,0.625,0.666666666666667,7,0.0127305816372266
"rand1",2,81,"SVP",0.714285714285714,0.625,0.666666666666667,7,0.0127305816372266
"rand1",2,81,"SVP (BIC)",0.833333333333333,0.625,0.714285714285714,6,0.0247737006063551
"rand1",2,82,"PELT",0.857142857142857,0.75,0.8,7,0.013774247100109
"rand1",2,82,"SVP",1,0.625,0.769230769230769,5,0.0460831532626977
"rand1",2,82,"SVP (BIC)",1,0.625,0.769230769230769,5,0.0460831532626977
"rand1",2,83,"PELT",1,0.875,0.933333333333333,7,0.0240636067997146
"rand1",2,83,"SVP",1,0.875,0.933333333333333,7,0.0240636067997146
"rand1",2,83,"SVP (BIC)",0.833333333333333,0.625,0.714285714285714,6,0.0352308802569088
"rand1",2,84,"PELT",0.857142857142857,0.75,0.8,7,0.0278373015632631
"rand1",2,84,"SVP",0.857142857142857,0.75,0.8,7,0.0278373015632631
"rand1",2,84,"SVP (BIC)",0.833333333333333,0.625,0.714285714285714,6,0.0365512427277885
"rand1",2,85,"PELT",0.714285714285714,0.625,0.666666666666667,7,0.0218171694768758
"rand1",2,85,"SVP",0.714285714285714,0.625,0.666666666666667,7,0.0218171694768758
"rand1",2,85,"SVP (BIC)",0.833333333333333,0.625,0.714285714285714,6,0.0284007239259201
"rand1",2,86,"PELT",0.833333333333333,0.625,0.714285714285714,6,0.0327102039813402
"rand1",2,86,"SVP",0.833333333333333,0.625,0.714285714285714,6,0.0327102039813402
"rand1",2,86,"SVP (BIC)",0.833333333333333,0.625,0.714285714285714,6,0.0327102039813402
"rand1",2,87,"PELT",0.857142857142857,0.75,0.8,7,0.0250173885177653
"rand1",2,87,"SVP",0.857142857142857,0.75,0.8,7,0.0250173885177653
"rand1",2,87,"SVP (BIC)",0.833333333333333,0.625,0.714285714285714,6,0.0339931003491015
"rand1",2,88,"PELT",0.666666666666667,0.5,0.571428571428572,6,0.0431546175606572
"rand1",2,88,"SVP",0.666666666666667,0.5,0.571428571428572,6,0.0431546175606572
"rand1",2,88,"SVP (BIC)",1,0.625,0.769230769230769,5,0.0575848150092568
"rand1",2,89,"PELT",0.714285714285714,0.625,0.666666666666667,7,0.0284847621824363
"rand1",2,89,"SVP",0.714285714285714,0.625,0.666666666666667,7,0.0284847621824363
"rand1",2,89,"SVP (BIC)",1,0.625,0.769230769230769,5,0.0466848938874977
"rand1",2,90,"PELT",0.714285714285714,0.625,0.666666666666667,7,0.0210762159362175
"rand1",2,90,"SVP",0.714285714285714,0.625,0.666666666666667,7,0.0210762159362175
"rand1",2,90,"SVP (BIC)",0.833333333333333,0.625,0.714285714285714,6,0.0232557464142539
"rand1",2,91,"PELT",1,0.75,0.857142857142857,6,0.0230065642336423
"rand1",2,91,"SVP",1,0.75,0.857142857142857,6,0.0230065642336423
"rand1",2,91,"SVP (BIC)",1,0.75,0.857142857142857,6,0.0230065642336423
"rand1",2,92,"PELT",0.857142857142857,0.75,0.8,7,0.0152381615993263
"rand1",2,92,"SVP",0.857142857142857,0.75,0.8,7,0.0152381615993263
"rand1",2,92,"SVP (BIC)",1,0.75,0.857142857142857,6,0.0235390342762841
"rand1",2,93,"PELT",1,0.75,0.857142857142857,6,0.024786941123034
"rand1",2,93,"SVP",1,0.625,0.769230769230769,5,0.0484441087253098
"rand1",2,93,"SVP (BIC)",1,0.625,0.769230769230769,5,0.0484441087253098
"rand1",2,94,"PELT",0.714285714285714,0.625,0.666666666666667,7,0.0144321859203802
"rand1",2,94,"SVP",1,0.625,0.769230769230769,5,0.0466395188814078
"rand1",2,94,"SVP (BIC)",1,0.625,0.769230769230769,5,0.0466395188814078
"rand1",2,95,"PELT",0.714285714285714,0.625,0.666666666666667,7,0.00682996810048627
"rand1",2,95,"SVP",1,0.625,0.769230769230769,5,0.0384463963299747
"rand1",2,95,"SVP (BIC)",1,0.625,0.769230769230769,5,0.0384463963299747
"rand1",2,96,"PELT",0.833333333333333,0.625,0.714285714285714,6,0.0175770349318896
"rand1",2,96,"SVP",0.833333333333333,0.625,0.714285714285714,6,0.0175770349318896
"rand1",2,96,"SVP (BIC)",0.833333333333333,0.625,0.714285714285714,6,0.0175770349318896
"rand1",2,97,"PELT",0.8,0.5,0.615384615384615,5,0.0759143075353517
"rand1",2,97,"SVP",0.8,0.5,0.615384615384615,5,0.0759143075353517
"rand1",2,97,"SVP (BIC)",0.8,0.5,0.615384615384615,5,0.0759143075353517
"rand1",2,98,"PELT",0.833333333333333,0.625,0.714285714285714,6,0.0198812401210718
"rand1",2,98,"SVP",0.833333333333333,0.625,0.714285714285714,6,0.0198812401210718
"rand1",2,98,"SVP (BIC)",0.833333333333333,0.625,0.714285714285714,6,0.0198812401210718
"rand1",2,99,"PELT",0.857142857142857,0.75,0.8,7,0.0110411487459156
"rand1",2,99,"SVP",0.833333333333333,0.625,0.714285714285714,6,0.0219391802631578
"rand1",2,99,"SVP (BIC)",0.833333333333333,0.625,0.714285714285714,6,0.0209300395557044
"rand1",2,100,"PELT",0.833333333333333,0.625,0.714285714285714,6,0.0230487931933592
"rand1",2,100,"SVP",0.833333333333333,0.625,0.714285714285714,6,0.0230487931933592
"rand1",2,100,"SVP (BIC)",0.833333333333333,0.625,0.714285714285714,6,0.0230487931933592
